 ED5.2,1176                          ,1312                          ,                    ,1632      ,                ,  101,                    ,                              ,14,0,20190212 21:00:27,    0,         0,         4,65535,65535, 9999,2,                ,0000000,0, 0,         0,    0,0000000000000000000000000000000000000000,0000000000000000000000000000000000000000,         0,         0,         0,         0,1, 0, 0, 0,1176                          ,    0,         4,0,20190212 21:00:23,1312                          ,  101, 9999,  101,  101,    0,     0,     0
 ED5.2,6957034                       ,1063                          ,CLAUDIA ALEX ROM    ,1949      ,                ,  101,                    ,                              , 0,2,20190212 21:00:28,    0,         0,        40,10001,   11,  101,2,                ,0010000,2, 1,         0,    0,1000000000000000000000000000000000000000,0000000000000000000000010000000000001000,         0,         0,         0,         0,1, 0, 0, 0,6957034                       ,    0,         0,0,20190212 20:59:48,1063                          , 9999, 9999, 9999,  101,32767,     0,     0
 ED5.2,3175811008                    ,3104                          ,VIVIANA ANDR MAR    ,1979      ,                ,  101,                    ,                              , 0,2,20190212 21:01:15,    0,         0,        94,11577,   69,  101,2,                ,0010000,2, 1,         0,    0,1000000000000000000000000000000000000000,0000000000000000000000010000000000001000,         0,         0,         0,         0,1, 0, 0, 0,033175811008                  ,    0,         0,0,20190212 20:59:41,3104                          , 9999, 9999, 9999,  101,32767,     0,     0
 ED5.2,1176                          ,1042                          ,                    ,1632      ,                ,  101,                    ,                              ,14,0,20190212 21:01:35,    0,         0,         7,65535,65535, 9999,2,                ,0000000,0, 0,         0,    0,0000000000000000000000000000000000000000,0000000000000000000000000000000000000000,         0,         0,         0,         0,1, 0, 0, 0,1176                          ,    0,         7,0,20190212 21:01:28,1042                          ,  101, 9999,  101,  101,    0,     0,     0
 ED5.2,4859600                       ,1201                          ,NAYIBE PATRI BOL    ,1949      ,                ,  101,                    ,                              , 4,2,20190212 21:01:44,    0,         0,       305,  120,   20,  101,2,                ,0000000,2, 0,         0,    0,0000000000000000000000000000000000000000,0000000000000000000000010000000000000000,         0,         0,         0,         0,1, 0, 0, 0,A800                          ,   26,       280,0,20190212 20:56:39,                              , 9999, 9999, 9999, 9999,32767,     0,     0
 ED5.2,1239                          ,1460                          ,                    ,1213      ,                ,  101,                    ,                              ,14,0,20190212 21:02:32,    0,         0,       114,65535,65535, 9999,2,                ,0000000,0, 0,         0,    0,0000000000000000000000000000000000000000,0000000000000000000000000000000000000000,         0,         0,         0,         0,1, 0, 0, 0,1239                          ,    0,       114,0,20190212 21:00:38,1460                          ,  101, 9999,  101,  101,    0,     0,     0
 ED5.2,1291                          ,1736                          ,                    ,1635      ,                ,  101,                    ,                              ,14,0,20190212 21:03:08,    0,         0,         0,65535,65535, 9999,2,                ,0000000,0, 0,         0,    0,0000000000000000000000000000000000000000,0000000000000000000000000000000000000000,         0,         0,         0,         0,1, 0, 0, 0,1291                          ,    0,         0,0,20190212 21:03:08,1736                          ,  101, 9999,  101,  101,    0,     0,     0
 ED5.2,1063                          ,1736                          ,                    ,1635      ,                ,  101,                    ,                              ,14,0,20190212 21:03:17,    0,         0,         7,65535,65535, 9999,2,                ,0000000,0, 0,         0,    0,0000000000000000000000000000000000000000,0000000000000000000000000000000000000000,         0,         0,         0,         0,1, 0, 0, 0,1291                          ,    0,         7,1,20190212 21:03:10,1736                          ,  101, 9999,  101,  101,    0,     0,     0
 ED5.2,1376                          ,1736                          ,                    ,1635      ,                ,  101,                    ,                              ,14,0,20190212 21:04:41,    0,         0,        54,65535,65535, 9999,2,                ,0000000,0, 0,         0,    0,0000000000000000000000000000000000000000,0000000000000000000000000000000000000000,         0,         0,         0,         0,1, 0, 0, 0,1376                          ,    0,        54,0,20190212 21:03:47,1736                          ,  101, 9999,  101,  101,    0,     0,     0
 ED5.2,1158                          ,1736                          ,                    ,1635      ,                ,  101,                    ,                              ,14,0,20190212 21:04:56,    0,         0,         7,65535,65535, 9999,2,                ,0000000,0, 0,         0,    0,0000000000000000000000000000000000000000,0000000000000000000000000000000000000000,         0,         0,         0,         0,1, 0, 0, 0,1158                          ,    0,         7,0,20190212 21:04:49,1736                          ,  101, 9999,  101,  101,    0,     0,     0
 ED5.2,3243                          ,1736                          ,                    ,1635      ,                ,  101,                    ,                              ,14,0,20190212 21:05:57,    0,         0,         9,65535,65535, 9999,2,                ,0000000,0, 0,         0,    0,0000000000000000000000000000000000000000,0000000000000000000000000000000000000000,         0,         0,         0,         0,1, 0, 0, 0,3243                          ,    0,         9,0,20190212 21:05:48,1736                          ,  101, 9999,  101,  101,    0,     0,     0
 ED5.2,7580508                       ,3136                          ,MARIA ALEJAN MON    ,1672      ,                ,  101,                    ,                              , 0,2,20190212 21:06:04,    0,         0,         0,10001,   11,  101,2,                ,0010000,2, 1,         0,    0,1000000000000000000000000000000000000000,0000000000000000000000010000000000001000,         0,         0,         0,         0,1, 0, 0, 0,7580508                       ,    0,         0,0,20190212 21:06:04,3136                          , 9999, 9999, 9999,  101,32767,     0,     0
 ED5.2,1322                          ,1291                          ,                    ,1952      ,                ,  101,                    ,                              ,14,0,20190212 21:09:44,    0,         0,        23,65535,65535, 9999,2,                ,0000000,0, 0,         0,    0,0000000000000000000000000000000000000000,0000000000000000000000000000000000000000,         0,         0,         0,         0,1, 0, 0, 0,1322                          ,    0,        23,0,20190212 21:09:21,1291                          ,  101, 9999,  101,  101,    0,     0,     0
 ED5.2,3123300                       ,1239                          ,WILLINTONG MUNOZ    ,1949      ,                ,  101,                    ,                              , 0,2,20190212 21:09:44,    0,         0,       170,10001,   11,  101,2,                ,0010000,2, 1,         0,    0,1000000000000000000000000000000000000000,0000000000000000000000010000000000001000,         0,         0,         0,         0,1, 0, 0, 0,3123300                       ,    0,         0,0,20190212 21:06:54,1239                          , 9999, 9999, 9999,  101,32767,     0,     0
 ED5.2,7560000                       ,1239                          ,WILLINTONG MUNOZ    ,1949      ,                ,  101,                    ,                              , 0,2,20190212 21:11:13,    0,         0,        74,10001,   11,  101,2,                ,0010000,2, 1,         0,    0,1000000000000000000000000000000000000000,0000000000000000000000010000000000001000,         0,         0,         0,         0,1, 0, 0, 0,7560000                       ,    0,         0,0,20190212 21:09:59,1239                          , 9999, 9999, 9999,  101,32767,     0,     0
 ED5.2,3120033                       ,1239                          ,WILLINTONG MUNOZ    ,1949      ,                ,  101,                    ,                              , 0,2,20190212 21:11:40,    0,         0,         0,10001,   11,  101,2,                ,0010000,2, 1,         0,    0,1000000000000000000000000000000000000000,0000000000000000000000010000000000001000,         0,         0,         0,         0,1, 0, 0, 0,3120033                       ,    0,         0,0,20190212 21:11:40,1239                          , 9999, 9999, 9999,  101,32767,     0,     0
 ED5.2,8056912                       ,3167                          ,RAFAEL EDUAR COR    ,1979      ,                ,  101,                    ,                              , 0,2,20190212 21:11:46,    0,         0,        95,10002,   11,  101,2,                ,0010000,2, 1,         0,    0,1000000000000000000000000000000000000000,0000000000000000000000010000000000001000,         0,         0,         0,         0,1, 0, 0, 0,8056912                       ,    0,         0,0,20190212 21:10:11,3167                          , 9999, 9999, 9999,  101,32767,     0,     0
 ED5.2,3123300                       ,1239                          ,WILLINTONG MUNOZ    ,1949      ,                ,  101,                    ,                              , 0,2,20190212 21:12:05,    0,         0,        21,10001,   11,  101,2,                ,0010000,2, 1,         0,    0,1000000000000000000000000000000000000000,0000000000000000000000010000000000001000,         0,         0,         0,         0,1, 0, 0, 0,3123300                       ,    0,         0,0,20190212 21:11:44,1239                          , 9999, 9999, 9999,  101,32767,     0,     0
 ED5.2,3269                          ,1238                          ,                    ,1949      ,                ,  101,                    ,                              ,14,0,20190212 21:12:24,    0,         0,       174,65535,65535, 9999,2,                ,0000000,0, 0,         0,    0,0000000000000000000000000000000000000000,0000000000000000000000000000000000000000,         0,         0,         0,         0,1, 0, 0, 0,3269                          ,    0,       174,0,20190212 21:09:30,1238                          ,  101, 9999,  101,  101,    0,     0,     0
 ED5.2,3123300                       ,1239                          ,WILLINTONG MUNOZ    ,1949      ,                ,  101,                    ,                              , 0,2,20190212 21:12:53,    0,         0,        41,10001,   11,  101,2,                ,0010000,2, 1,         0,    0,1000000000000000000000000000000000000000,0000000000000000000000010000000000001000,         0,         0,         0,         0,1, 0, 0, 0,3123300                       ,    0,         0,0,20190212 21:12:12,1239                          , 9999, 9999, 9999,  101,32767,     0,     0
 ED5.2,3123300                       ,1239                          ,WILLINTONG MUNOZ    ,1949      ,                ,  101,                    ,                              , 0,2,20190212 21:13:16,    0,         0,        18,10001,   11,  101,2,                ,0010000,2, 1,         0,    0,1000000000000000000000000000000000000000,0000000000000000000000010000000000001000,         0,         0,         0,         0,1, 0, 0, 0,3123300                       ,    0,         0,0,20190212 21:12:58,1239                          , 9999, 9999, 9999,  101,32767,     0,     0
 ED5.2,3317401                       ,3135                          ,LUZ STELLA PLAZA    ,1672      ,                ,  101,                    ,                              , 0,2,20190212 21:13:34,    0,         0,         0,10002,   11,  101,2,                ,0010000,2, 1,         0,    0,1000000000000000000000000000000000000000,0000000000000000000000010000000000001000,         0,         0,         0,         0,1, 0, 0, 0,3317401                       ,    0,         0,0,20190212 21:13:34,3135                          , 9999, 9999, 9999,  101,32767,     0,     0
 ED5.2,3123300                       ,1239                          ,WILLINTONG MUNOZ    ,1949      ,                ,  101,                    ,                              , 0,2,20190212 21:14:43,    0,         0,        83,10001,   11,  101,2,                ,0010000,2, 1,         0,    0,1000000000000000000000000000000000000000,0000000000000000000000010000000000001000,         0,         0,         0,         0,1, 0, 0, 0,3123300                       ,    0,         0,0,20190212 21:13:20,1239                          , 9999, 9999, 9999,  101,32767,     0,     0
 ED5.2,4716109                       ,1201                          ,NAYIBE PATRI BOL    ,1949      ,                ,  101,                    ,                              , 4,2,20190212 21:15:14,    0,         0,        55,  120,   20,  101,2,                ,0000000,3, 0,         0,    0,0000000000000000000000000000000000000000,0000000000000000000000010000000000000000,         0,         0,         0,         0,1, 0, 0, 0,A800                          ,    8,        47,0,20190212 21:14:19,                              , 9999, 9999, 9999, 9999,32767,     0,     0
 ED5.2,4859988                       ,1462                          ,EDWIN BRIONI JIM    ,1949      ,                ,  101,                    ,                              , 4,2,20190212 21:19:34,    0,         0,       588,10865,   82,  101,2,                ,0000000,2, 0,         0,    0,0000000000000000000000000000000000000000,0000000000000000000000010000000000000000,         0,         0,         0,         0,1, 0, 0, 0,A500                          ,   81,       508,0,20190212 21:09:46,                              , 9999, 9999, 9999, 9999,32767,     0,     0
 ED5.2,1234                          ,1736                          ,                    ,1635      ,                ,  101,                    ,                              ,14,0,20190212 21:24:12,    0,         0,        86,65535,65535, 9999,2,                ,0000000,0, 0,         0,    0,0000000000000000000000000000000000000000,0000000000000000000000000000000000000000,         0,         0,         0,         0,1, 0, 0, 0,1234                          ,    0,        86,0,20190212 21:22:46,1736                          ,  101, 9999,  101,  101,    0,     0,     0
 ED5.2,1534                          ,1369                          ,                    ,1632      ,                ,  101,                    ,                              ,14,0,20190212 21:24:27,    0,         0,        14,65535,65535, 9999,2,                ,0000000,0, 0,         0,    0,0000000000000000000000000000000000000000,0000000000000000000000000000000000000000,         0,         0,         0,         0,1, 0, 0, 0,1534                          ,    0,        14,0,20190212 21:24:13,1369                          ,  101, 9999,  101,  101,    0,     0,     0
 ED5.2,1239                          ,1460                          ,                    ,1213      ,                ,  101,                    ,                              ,14,0,20190212 21:26:07,    0,         0,         0,65535,65535, 9999,2,                ,0000000,0, 0,         0,    0,0000000000000000000000000000000000000000,0000000000000000000000000000000000000000,         0,         0,         0,         0,1, 0, 0, 0,1239                          ,    0,         0,0,20190212 21:26:07,1460                          ,  101, 9999,  101,  101,    0,     0,     0
 ED5.2,1201                          ,1460                          ,                    ,1213      ,                ,  101,                    ,                              ,14,0,20190212 21:26:34,    0,         0,        27,65535,65535, 9999,2,                ,0000000,0, 0,         0,    0,0000000000000000000000000000000000000000,0000000000000000000000000000000000000000,         0,         0,         0,         0,1, 0, 0, 0,1239                          ,    0,        27,0,20190212 21:26:07,1460                          ,  101, 9999,  101,  101,    0,     0,     0
 ED5.2,4716109                       ,1201                          ,NAYIBE PATRI BOL    ,1949      ,                ,  101,                    ,                              , 4,2,20190212 21:27:50,    0,         0,        61,  120,   20,  101,2,                ,0000000,3, 0,         0,    0,0000000000000000000000000000000000000000,0000000000000000000000010000000000000000,         0,         0,         0,         0,1, 0, 0, 0,A800                          ,   11,        50,0,20190212 21:26:49,                              , 9999, 9999, 9999, 9999,32767,     0,     0
 ED5.2,1235                          ,1818                          ,                    ,1632      ,                ,  101,                    ,                              ,14,0,20190212 21:28:35,    0,         0,         0,65535,65535, 9999,2,                ,0000000,0, 0,         0,    0,0000000000000000000000000000000000000000,0000000000000000000000000000000000000000,         0,         0,         0,         0,1, 0, 0, 0,1235                          ,    0,         0,0,20190212 21:28:35,1818                          ,  101, 9999,  101,  101,    0,     0,     0
 ED5.2,1235                          ,1444                          ,                    ,1632      ,                ,  101,                    ,                              ,14,0,20190212 21:30:36,    0,         0,       201,65535,65535, 9999,2,                ,0000000,0, 0,         0,    0,0000000000000000000000000000000000000000,0000000000000000000000000000000000000000,         0,         0,         0,         0,1, 0, 0, 0,1235                          ,    0,       201,0,20190212 21:27:15,1444                          ,  101, 9999,  101,  101,    0,     0,     0
 ED5.2,1818                          ,1235                          ,                    ,1632      ,                ,  101,                    ,                              ,14,0,20190212 21:31:11,    0,         0,        31,65535,65535, 9999,2,                ,0000000,0, 0,         0,    0,0000000000000000000000000000000000000000,0000000000000000000000000000000000000000,         0,         0,         0,         0,1, 0, 0, 0,1818                          ,    0,        31,0,20190212 21:30:40,1235                          ,  101, 9999,  101,  101,    0,     0,     0
 ED5.2,3714430                       ,3167                          ,RAFAEL EDUAR COR    ,1979      ,                ,  101,                    ,                              , 4,2,20190212 21:31:43,    0,         0,       452,10865,   82,  101,2,                ,0000000,2, 0,         0,    0,0000000000000000000000000000000000000000,0000000000000000000000010000000000000000,         0,         0,         0,         0,1, 0, 0, 0,A500                          ,   11,       441,0,20190212 21:24:11,                              , 9999, 9999, 9999, 9999,32767,     0,     0
 ED5.2,3277790                       ,3239                          ,JOSE ANTONIO ECH    ,1979      ,                ,  101,                    ,                              , 4,2,20190212 21:36:09,    0,         0,        95,10865,   82,  101,2,                ,0000000,2, 0,         0,    0,0000000000000000000000000000000000000000,0000000000000000000000010000000000000000,         0,         0,         0,         0,1, 0, 0, 0,A500                          ,   36,        59,0,20190212 21:34:34,                              , 9999, 9999, 9999, 9999,32767,     0,     0
 ED5.2,6068666                       ,3104                          ,VIVIANA ANDR MAR    ,1979      ,                ,  101,                    ,                              , 4,2,20190212 21:40:27,    0,         0,       142,10865,   82,  101,2,                ,0000000,2, 0,         0,    0,0000000000000000000000000000000000000000,0000000000000000000000010000000000000000,         0,         0,         0,         0,1, 0, 0, 0,A500                          ,   15,       127,1,20190212 21:38:05,                              , 9999, 9999, 9999, 9999,32767,     0,     0
 ED5.2,1818                          ,1235                          ,                    ,1632      ,                ,  101,                    ,                              ,14,0,20190212 21:41:03,    0,         0,        12,65535,65535, 9999,2,                ,0000000,0, 0,         0,    0,0000000000000000000000000000000000000000,0000000000000000000000000000000000000000,         0,         0,         0,         0,1, 0, 0, 0,1818                          ,    0,        12,0,20190212 21:40:51,1235                          ,  101, 9999,  101,  101,    0,     0,     0
 ED5.2,3765460                       ,3167                          ,RAFAEL EDUAR COR    ,1979      ,                ,  101,                    ,                              , 0,2,20190212 21:41:04,    0,         0,       302,10001,   11,  101,2,                ,0010000,2, 1,         0,    0,1000000000000000000000000000000000000000,0000000000000000000000010000000000001000,         0,         0,         0,         0,1, 0, 0, 0,3765460                       ,    0,         0,0,20190212 21:36:02,3167                          , 9999, 9999, 9999,  101,32767,     0,     0
 ED5.2,1055                          ,1297                          ,                    ,1318      ,                ,  101,                    ,                              ,14,0,20190212 21:55:32,    0,         0,         0,65535,65535, 9999,2,                ,0000000,0, 0,         0,    0,0000000000000000000000000000000000000000,0000000000000000000000000000000000000000,         0,         0,         0,         0,1, 0, 0, 0,1055                          ,    0,         0,0,20190212 21:55:32,1297                          ,  101, 9999,  101,  101,    0,     0,     0
 ED5.2,3036370                       ,3239                          ,JOSE ANTONIO ECH    ,1979      ,                ,  101,                    ,                              , 4,2,20190212 21:56:09,    0,         0,        47,10865,   82,  101,2,                ,0000000,2, 0,         0,    0,0000000000000000000000000000000000000000,0000000000000000000000010000000000000000,         0,         0,         0,         0,1, 0, 0, 0,A500                          ,    8,        40,0,20190212 21:55:22,                              , 9999, 9999, 9999, 9999,32767,     0,     0
 ED5.2,1053                          ,1297                          ,                    ,1318      ,                ,  101,                    ,                              ,14,0,20190212 21:56:18,    0,         0,        37,65535,65535, 9999,2,                ,0000000,0, 0,         0,    0,0000000000000000000000000000000000000000,0000000000000000000000000000000000000000,         0,         0,         0,         0,1, 0, 0, 0,1053                          ,    0,        37,0,20190212 21:55:41,1297                          ,  101, 9999,  101,  101,    0,     0,     0
 ED5.2,1339                          ,1238                          ,                    ,1949      ,                ,  101,                    ,                              ,14,0,20190212 21:59:27,    0,         0,         0,65535,65535, 9999,2,                ,0000000,0, 0,         0,    0,0000000000000000000000000000000000000000,0000000000000000000000000000000000000000,         0,         0,         0,         0,1, 0, 0, 0,1339                          ,    0,         0,0,20190212 21:59:27,1238                          ,  101, 9999,  101,  101,    0,     0,     0
 ED5.2,88                            ,1238                          ,                    ,1949      ,                ,  101,                    ,                              ,14,0,20190212 21:59:28,    0,         0,         1,65535,65535, 9999,2,                ,0000000,0, 0,         0,    0,0000000000000000000000000000000000000000,0000000000000000000000000000000000000000,         0,         0,         0,         0,1, 0, 0, 0,1339                          ,    0,         1,1,20190212 21:59:27,1238                          ,  101, 9999,  101,  101,    0,     0,     0
 ED5.2,3139800                       ,3167                          ,RAFAEL EDUAR COR    ,1979      ,                ,  101,                    ,                              , 0,2,20190212 22:00:31,    0,         0,       410,10001,   11,  101,2,                ,0010000,2, 1,         0,    0,1000000000000000000000000000000000000000,0000000000000000000000010000000000001000,         0,         0,         0,         0,1, 0, 0, 0,3139800                       ,    0,         0,0,20190212 21:53:41,3167                          , 9999, 9999, 9999,  101,32767,     0,     0
