 ED5.2,1525                          ,1818                          ,                    ,1632      ,                ,  101,                    ,                              ,14,0,20181201 15:12:04,    0,         0,       186,65535,65535, 9999,2,                ,0000000,0, 0,         0,    0,0000000000000000000000000000000000000000,0000000000000000000000000000000000000000,         0,         0,         0,         0,1, 0, 0, 0,1525                          ,    0,       186,0,20181201 15:08:58,1818                          ,  101, 9999,  101,  101,    0,     0,     0
 ED5.2,072947922                     ,4031                          ,LUIS GUILLER URI    ,2952      ,                ,  101,                    ,                              , 4,2,20181201 15:20:15,    0,         0,        78,10445,   15,  101,2,                ,0000000,2, 0,         0,    0,0000000000000000000000000000000000000000,0000000000000000000000010000000000000000,         0,         0,         0,         0,1, 0, 0, 0,A800                          ,   79,         0,1,20181201 15:18:57,                              , 9999, 9999, 9999, 9999,32767,     0,     0
 ED5.2,6604869                       ,1818                          ,DANIELA ALEJ GON    ,1632      ,                ,  101,                    ,                              , 0,2,20181201 15:26:50,    0,         0,       107,10001,   11,  101,2,                ,0010000,2, 1,         0,    0,1000000000000000000000000000000000000000,0000000000000000000000010000000000001000,         0,         0,         0,         0,1, 0, 0, 0,6604869                       ,    0,         0,0,20181201 15:25:03,1818                          , 9999, 9999, 9999,  101,32767,     0,     0
 ED5.2,3114416                       ,4072                          ,EVA CASTANED        ,2952      ,                ,  101,                    ,                              , 0,2,20181201 15:38:23,    0,         0,         0,10445,   15,  101,2,                ,0010000,2, 1,         0,    0,1000000000000000000000000000000000000000,0000000000000000000000010000000000001000,         0,         0,         0,         0,1, 0, 0, 0,3114416                       ,    0,         0,0,20181201 15:38:23,4072                          , 9999, 9999, 9999,  101,32767,     0,     0
 ED5.2,663118329097                  ,FS020                         ,ETB                 ,          ,                ,  101,                    ,                              , 4,2,20181201 15:39:57,    0,         0,         2,  120,   20,  101,2,                ,0000000,2, 1,         0,    0,0000000000000000000000000000000000000000,0000000000000000000000010000000000000000,         0,         0,         0,         0,1, 0, 0, 0,A800                          ,    2,         0,0,20181201 15:39:55,                              , 9999, 9999, 9999, 9999,32767,     0,     0
 ED5.2,6671590                       ,2009                          ,RECEPCION CA CAL    ,4635      ,                ,  101,                    ,                              , 4,2,20181201 15:50:45,    0,         0,       345,  312,   65,  101,2,                ,0000000,3, 0,         0,    0,0000000000000000000000000000000000000000,0000000000000000000000010000000000000000,         0,         0,         0,         0,1, 0, 0, 0,A600                          ,  346,         0,1,20181201 15:45:00,                              , 9999, 9999, 9999, 9999,32767,     0,     0
 ED5.2,3814500                       ,FS020                         ,ETB                 ,          ,                ,  101,                    ,                              , 4,2,20181201 15:51:24,    0,         0,         2,  120,   20,  101,2,                ,0000000,2, 0,         0,    0,0000000000000000000000000000000000000000,0000000000000000000000010000000000000000,         0,         0,         0,         0,1, 0, 0, 0,A800                          ,    3,         0,0,20181201 15:51:22,                              , 9999, 9999, 9999, 9999,32767,     0,     0
 ED5.2,3077027                       ,1530                          ,CAMILA GONZALEZ     ,1632      ,                ,  101,                    ,                              , 0,2,20181201 15:57:25,    0,         0,         3,10002,   11,  101,2,                ,0010000,2, 1,         0,    0,1000000000000000000000000000000000000000,0000000000000000000000010000000000001000,         0,         0,         0,         0,1, 0, 0, 0,3077027                       ,    0,         0,0,20181201 15:57:22,1530                          , 9999, 9999, 9999,  101,32767,     0,     0
 ED5.2,3077027                       ,1532                          ,ESTEPHANIA CARO     ,1632      ,                ,  101,                    ,                              , 0,2,20181201 15:58:29,    0,         0,        72,10001,   11,  101,2,                ,0010000,2, 1,         0,    0,1000000000000000000000000000000000000000,0000000000000000000000010000000000001000,         0,         0,         0,         0,1, 0, 0, 0,3077027                       ,    0,         0,0,20181201 15:57:17,1532                          , 9999, 9999, 9999,  101,32767,     0,     0
 ED5.2,7450394                       ,1304                          ,ANDRES FELIP YAG    ,1632      ,                ,  101,                    ,                              , 0,2,20181201 16:10:53,    0,         0,       134,10001,   11,  101,2,                ,0010000,2, 1,         0,    0,1000000000000000000000000000000000000000,0000000000000000000000010000000000001000,         0,         0,         0,         0,1, 0, 0, 0,7450394                       ,    0,         0,0,20181201 16:08:39,1304                          , 9999, 9999, 9999,  101,32767,     0,     0
