 ED5.2,3649222                       ,4020                          ,MARISOL BETANCUR    ,2952      ,                ,  101,                    ,                              , 4,2,20190126 13:04:23,    0,         0,        90,10445,   15,  101,2,                ,0000000,2, 0,         0,    0,0000000000000000000000000000000000000000,0000000000000000000000010000000000000000,         0,         0,         0,         0,1, 0, 0, 0,A800                          ,   91,         0,1,20190126 13:02:53,                              , 9999, 9999, 9999, 9999,32767,     0,     0
 ED5.2,663214468720                  ,FS020                         ,ETB                 ,          ,                ,  101,                    ,                              , 4,2,20190126 13:07:57,    0,         0,        42,  120,   20,  101,2,                ,0000000,2, 1,         0,    0,0000000000000000000000000000000000000000,0000000000000000000000010000000000000000,         0,         0,         0,         0,1, 0, 0, 0,A800                          ,   43,         0,1,20190126 13:07:15,                              , 9999, 9999, 9999, 9999,32767,     0,     0
 ED5.2,1488                          ,1347                          ,                    ,1318      ,                ,  101,                    ,                              ,14,0,20190126 13:14:11,    0,         0,         0,65535,65535, 9999,2,                ,0000000,0, 0,         0,    0,0000000000000000000000000000000000000000,0000000000000000000000000000000000000000,         0,         0,         0,         0,1, 0, 0, 0,1488                          ,    0,         0,0,20190126 13:14:11,1347                          ,  101, 9999,  101,  101,    0,     0,     0
 ED5.2,1458                          ,1347                          ,                    ,1318      ,                ,  101,                    ,                              ,14,0,20190126 13:15:07,    0,         0,        53,65535,65535, 9999,2,                ,0000000,0, 0,         0,    0,0000000000000000000000000000000000000000,0000000000000000000000000000000000000000,         0,         0,         0,         0,1, 0, 0, 0,1458                          ,    0,        53,0,20190126 13:14:14,1347                          ,  101, 9999,  101,  101,    0,     0,     0
 ED5.2,3814500                       ,FS082                         ,SIPsalida           ,          ,                ,  101,                    ,                              , 4,2,20190126 13:28:25,    0,         0,         3,10865,   82,  101,2,                ,0000000,2, 0,         0,    0,0000000000000000000000000000000000000000,0000000000000000000000010000000000000000,         0,         0,         0,         0,1, 0, 0, 0,A500                          ,    4,         0,0,20190126 13:28:22,                              , 9999, 9999, 9999, 9999,32767,     0,     0
 ED5.2,5185938                       ,FS082                         ,SIPsalida           ,          ,                ,  101,                    ,                              , 4,2,20190126 13:33:34,    0,         0,         4,10865,   82,  101,2,                ,0000000,2, 0,         0,    0,0000000000000000000000000000000000000000,0000000000000000000000010000000000000000,         0,         0,         0,         0,1, 0, 0, 0,A500                          ,    4,         0,0,20190126 13:33:30,                              , 9999, 9999, 9999, 9999,32767,     0,     0
 ED5.2,3107                          ,1736                          ,                    ,1635      ,                ,  101,                    ,                              ,14,0,20190126 13:40:34,    0,         0,         8,65535,65535, 9999,2,                ,0000000,0, 0,         0,    0,0000000000000000000000000000000000000000,0000000000000000000000000000000000000000,         0,         0,         0,         0,1, 0, 0, 0,3107                          ,    0,         8,0,20190126 13:40:26,1736                          ,  101, 9999,  101,  101,    0,     0,     0
 ED5.2,663134503755                  ,1736                          ,RECEPCION 2 MORA    ,1635      ,                ,  101,                    ,                              , 4,2,20190126 13:43:38,    0,         0,       238,  120,   20,  101,2,                ,0000000,2, 1,         0,    0,0000000000000000000000000000000000000000,0000000000000000000000010000000000000000,         0,         0,         0,         0,1, 0, 0, 0,A800                          ,  238,         0,1,20190126 13:39:40,                              , 9999, 9999, 9999, 9999,32767,     0,     0
 ED5.2,------------------------------,******************************,                    ,**********,                ,  101,                    ,******************************, 4,2,20190126 13:53:54,    0,         0,        20,10865,   82,  101,2,                ,0000000,2, 0,         0,    0,0000000000000000000000000000000000000000,0000000000000000000000010000000000000000,         0,         0,         0,         0,1, 0, 0, 0,------------------------------,   17,         4,1,20190126 13:53:34,******************************, 9999, 9999, 9999, 9999,32767,     0,     0
 ED5.2,53018735                      ,FS082                         ,SIPsalida           ,          ,                ,  101,                    ,                              , 4,2,20190126 14:01:51,    0,         0,         0,10865,   82,  101,2,                ,0000000,2, 0,         0,    0,0000000000000000000000000000000000000000,0000000000000000000000010000000000000000,         0,         0,         0,         0,1, 0, 0, 0,A900                          ,    1,         0,0,20190126 14:01:51,                              , 9999, 9999, 9999, 9999,32767,     0,     0
