 ED5.2,1632                          ,1736                          ,                    ,1635      ,                ,  101,                    ,                              ,14,0,20181125 18:01:31,    0,         0,         0,65535,65535, 9999,2,                ,0000000,0, 0,         0,    0,0000000000000000000000000000000000000000,0000000000000000000000000000000000000000,         0,         0,         0,         0,1, 0, 0, 0,1632                          ,    0,         0,0,20181125 18:01:31,1736                          ,  101, 9999,  101,  101,    0,     0,     0
 ED5.2,88                            ,1736                          ,                    ,1635      ,                ,  101,                    ,                              ,14,0,20181125 18:01:32,    0,         0,         1,65535,65535, 9999,2,                ,0000000,0, 0,         0,    0,0000000000000000000000000000000000000000,0000000000000000000000000000000000000000,         0,         0,         0,         0,1, 0, 0, 0,1632                          ,    0,         1,1,20181125 18:01:31,1736                          ,  101, 9999,  101,  101,    0,     0,     0
 ED5.2,5142372                       ,2061                          ,PAOLA ANDREA GAR    ,4632      ,                ,  101,                    ,                              , 0,2,20181125 18:02:46,    0,         0,        62,  320,   65,  101,2,                ,0010000,2, 1,         0,    0,1000000000000000000000000000000000000000,0000000000000000000000010000000000001000,         0,         0,         0,         0,1, 0, 0, 0,5142372                       ,    0,         0,0,20181125 18:01:44,2061                          , 9999, 9999, 9999,  101,32767,     0,     0
 ED5.2,7561538                       ,1736                          ,RECEPCION 2 MORA    ,1635      ,                ,  101,                    ,                              , 4,2,20181125 18:05:51,    0,         0,     21421,  120,   20,  101,2,                ,0000000,3, 0,         0,    0,0000000000000000000000000000000000000000,0000000000000000000000010000000000000000,         0,         0,         0,         0,1, 0, 0, 0,A800                          ,21420,         2,1,20181125 12:08:50,                              , 9999, 9999, 9999, 9999,32767,     0,     0
 ED5.2,2082159                       ,1736                          ,RECEPCION 2 MORA    ,1635      ,                ,  101,                    ,                              , 0,2,20181125 18:06:50,    0,         0,        41, 2815,   82,  101,2,                ,0010000,2, 1,         0,    0,1000000000000000000000000000000000000000,0000000000000000000000010000000000001000,         0,         0,         0,         0,1, 0, 0, 0,2082159                       ,    0,         0,0,20181125 18:06:09,1736                          , 9999, 9999, 9999,  101,32767,     0,     0
 ED5.2,2061                          ,2093                          ,                    ,4632      ,                ,  101,                    ,                              ,14,0,20181125 18:07:37,    0,         0,        23,65535,65535, 9999,2,                ,0000000,0, 0,         0,    0,0000000000000000000000000000000000000000,0000000000000000000000000000000000000000,         0,         0,         0,         0,1, 0, 0, 0,2061                          ,    0,        23,0,20181125 18:07:14,2093                          ,  101, 9999,  101,  101,    0,     0,     0
 ED5.2,2082159                       ,1736                          ,RECEPCION 2 MORA    ,1635      ,                ,  101,                    ,                              , 0,2,20181125 18:13:41,    0,         0,       230, 2815,   82,  101,2,                ,0010000,2, 1,         0,    0,1000000000000000000000000000000000000000,0000000000000000000000010000000000001000,         0,         0,         0,         0,1, 0, 0, 0,2082159                       ,    0,         0,0,20181125 18:09:51,1736                          , 9999, 9999, 9999,  101,32767,     0,     0
 ED5.2,6604869                       ,1304                          ,ANDRES FELIP YAG    ,1632      ,                ,  101,                    ,                              , 0,2,20181125 18:13:43,    0,         0,         0, 1951,   11,  101,2,                ,0010000,2, 1,         0,    0,1000000000000000000000000000000000000000,0000000000000000000000010000000000001000,         0,         0,         0,         0,1, 0, 0, 0,6604869                       ,    0,         0,0,20181125 18:13:43,1304                          , 9999, 9999, 9999,  101,32767,     0,     0
 ED5.2,6604869                       ,1304                          ,ANDRES FELIP YAG    ,1632      ,                ,  101,                    ,                              , 0,2,20181125 18:24:00,    0,         0,       364, 1951,   11,  101,2,                ,0010000,2, 1,         0,    0,1000000000000000000000000000000000000000,0000000000000000000000010000000000001000,         0,         0,         0,         0,1, 0, 0, 0,6604869                       ,    0,         0,0,20181125 18:17:56,1304                          , 9999, 9999, 9999,  101,32767,     0,     0
 ED5.2,2082159                       ,1736                          ,RECEPCION 2 MORA    ,1635      ,                ,  101,                    ,                              , 0,2,20181125 18:42:24,    0,         0,       185, 2815,   82,  101,2,                ,0010000,2, 1,         0,    0,1000000000000000000000000000000000000000,0000000000000000000000010000000000001000,         0,         0,         0,         0,1, 0, 0, 0,2082159                       ,    0,         0,0,20181125 18:39:19,1736                          , 9999, 9999, 9999,  101,32767,     0,     0
 ED5.2,5142372                       ,2061                          ,PAOLA ANDREA GAR    ,4632      ,                ,  101,                    ,                              , 0,2,20181125 19:07:37,    0,         0,        13,  321,   65,  101,2,                ,0010000,2, 1,         0,    0,1000000000000000000000000000000000000000,0000000000000000000000010000000000001000,         0,         0,         0,         0,1, 0, 0, 0,5142372                       ,    0,         0,0,20181125 19:07:24,2061                          , 9999, 9999, 9999,  101,32767,     0,     0
