 ED5.2,3305                          ,3310                          ,                    ,9906011001,                ,  101,                    ,                              ,14,0,20181006 14:03:46,    0,         0,       126,65535,65535, 9999,2,                ,0000000,0, 0,         0,    0,0000000000000000000000000000000000000000,0000000000000000000000000000000000000000,         0,         0,         0,         0,1, 0, 0, 0,3305                          ,    0,       126,0,20181006 14:01:40,3310                          ,  101, 9999,  101,  101,    0,     0,     0
 ED5.2,3310                          ,1212                          ,                    ,1304011001,                ,  101,                    ,                              ,14,0,20181006 14:08:08,    0,         0,        12,65535,65535, 9999,2,                ,0000000,0, 0,         0,    0,0000000000000000000000000000000000000000,0000000000000000000000000000000000000000,         0,         0,         0,         0,1, 0, 0, 0,3310                          ,    0,        12,0,20181006 14:07:56,1212                          ,  101, 9999,  101,  101,    0,     0,     0
 ED5.2,3311                          ,3012                          ,                    ,9801011001,                ,  101,                    ,                              ,14,0,20181006 14:14:24,    0,         0,        14,65535,65535, 9999,2,                ,0000000,0, 0,         0,    0,0000000000000000000000000000000000000000,0000000000000000000000000000000000000000,         0,         0,         0,         0,1, 0, 0, 0,3311                          ,    0,        14,0,20181006 14:14:10,3012                          ,  101, 9999,  101,  101,    0,     0,     0
 ED5.2,68931057                      ,FS005                         ,EntPBX              ,          ,                ,  101,                    ,                              , 4,2,20181006 14:14:28,    0,         0,         3,  252,    5,  101,2,                ,0000000,3, 0,         0,    0,0000000000000000000000000000000000000000,0000000000000000000000010000000000000000,         0,         0,         0,         0,1, 0, 0, 0,5560                          ,    3,         0,0,20181006 14:14:25,                              , 9999, 9999, 9999, 9999,32767,     0,     0
 ED5.2,3310                          ,1212                          ,                    ,1304011001,                ,  101,                    ,                              ,14,0,20181006 14:15:17,    0,         0,        16,65535,65535, 9999,2,                ,0000000,0, 0,         0,    0,0000000000000000000000000000000000000000,0000000000000000000000000000000000000000,         0,         0,         0,         0,1, 0, 0, 0,3310                          ,    0,        16,0,20181006 14:15:01,1212                          ,  101, 9999,  101,  101,    0,     0,     0
 ED5.2,3310                          ,3320                          ,                    ,9906011001,                ,  101,                    ,                              ,14,0,20181006 14:22:51,    0,         0,        72,65535,65535, 9999,2,                ,0000000,0, 0,         0,    0,0000000000000000000000000000000000000000,0000000000000000000000000000000000000000,         0,         0,         0,         0,1, 0, 0, 0,3310                          ,    0,        72,0,20181006 14:21:39,3320                          ,  101, 9999,  101,  101,    0,     0,     0
 ED5.2,3310                          ,3316                          ,                    ,9906011001,                ,  101,                    ,                              ,14,0,20181006 14:25:04,    0,         0,        38,65535,65535, 9999,2,                ,0000000,0, 0,         0,    0,0000000000000000000000000000000000000000,0000000000000000000000000000000000000000,         0,         0,         0,         0,1, 0, 0, 0,3310                          ,    0,        38,0,20181006 14:24:26,3316                          ,  101, 9999,  101,  101,    0,     0,     0
 ED5.2,3311                          ,3320                          ,                    ,9906011001,                ,  101,                    ,                              ,14,0,20181006 14:25:21,    0,         0,        27,65535,65535, 9999,2,                ,0000000,0, 0,         0,    0,0000000000000000000000000000000000000000,0000000000000000000000000000000000000000,         0,         0,         0,         0,1, 0, 0, 0,3311                          ,    0,        27,0,20181006 14:24:54,3320                          ,  101, 9999,  101,  101,    0,     0,     0
 ED5.2,4865270                       ,3311                          ,PORTERIA A-B        ,9906011001,                ,  101,                    ,                              , 4,2,20181006 14:26:03,    0,         0,        49,  235,    5,  101,2,                ,0000000,3, 0,         0,    0,0000000000000000000000000000000000000000,0000000000000000000000010000000000000000,         0,         0,         0,         0,1, 0, 0, 0,5560                          ,   40,        10,1,20181006 14:25:14,                              , 9999, 9999, 9999, 9999,32767,     0,     0
 ED5.2,4865270                       ,4106                          ,ASIS PRESUPUE       ,9901051001,                ,  101,                    ,                              , 4,2,20181006 14:29:10,    0,         0,        28,  222,    5,  101,2,                ,0000000,3, 0,         0,    0,0000000000000000000000000000000000000000,0000000000000000000000010000000000000000,         0,         0,         0,         0,1, 0, 0, 0,5560                          ,   28,         0,0,20181006 14:28:42,                              , 9999, 9999, 9999, 9999,32767,     0,     0
 ED5.2,7432757                       ,FS005                         ,EntPBX              ,          ,                ,  101,                    ,                              , 4,2,20181006 14:35:17,    0,         0,         4,  294,    5,  101,2,                ,0000000,3, 0,         0,    0,0000000000000000000000000000000000000000,0000000000000000000000010000000000000000,         0,         0,         0,         0,1, 0, 0, 0,5560                          ,    4,         0,0,20181006 14:35:13,                              , 9999, 9999, 9999, 9999,32767,     0,     0
 ED5.2,3320                          ,3305                          ,                    ,9906011001,                ,  101,                    ,                              ,14,0,20181006 14:43:55,    0,         0,        38,65535,65535, 9999,2,                ,0000000,0, 0,         0,    0,0000000000000000000000000000000000000000,0000000000000000000000000000000000000000,         0,         0,         0,         0,1, 0, 0, 0,3320                          ,    0,        38,0,20181006 14:43:17,3305                          ,  101, 9999,  101,  101,    0,     0,     0
 ED5.2,2082481                       ,4113                          ,CONTABILIDAD        ,9901021001,                ,  101,                    ,                              , 0,2,20181006 14:46:53,   50,       550,       165,   60,    3,  101,2,                ,0010000,2, 1,         0,    0,1000000000000000000000000000000000000000,0000000000000000000000010000000000001000,         0,         0,         0,         0,1, 0, 0, 0,2082481                       ,    0,         0,0,20181006 14:44:08,4113                          , 9999, 9999, 9999,  101,32767,     0,     0
 ED5.2,3330                          ,3332                          ,                    ,9906011001,                ,  101,                    ,                              ,14,0,20181006 14:48:47,    0,         0,        58,65535,65535, 9999,2,                ,0000000,0, 0,         0,    0,0000000000000000000000000000000000000000,0000000000000000000000000000000000000000,         0,         0,         0,         0,1, 0, 0, 0,3330                          ,    0,        58,0,20181006 14:47:49,3332                          ,  101, 9999,  101,  101,    0,     0,     0
 ED5.2,7420719                       ,FS005                         ,EntPBX              ,          ,                ,  101,                    ,                              , 4,2,20181006 14:51:17,    0,         0,         3,  261,    5,  101,2,                ,0000000,3, 0,         0,    0,0000000000000000000000000000000000000000,0000000000000000000000010000000000000000,         0,         0,         0,         0,1, 0, 0, 0,5560                          ,    4,         0,0,20181006 14:51:14,                              , 9999, 9999, 9999, 9999,32767,     0,     0
 ED5.2,7420719                       ,FS005                         ,EntPBX              ,          ,                ,  101,                    ,                              , 4,2,20181006 14:51:22,    0,         0,         3,  242,    5,  101,2,                ,0000000,3, 0,         0,    0,0000000000000000000000000000000000000000,0000000000000000000000010000000000000000,         0,         0,         0,         0,1, 0, 0, 0,5560                          ,    3,         0,0,20181006 14:51:19,                              , 9999, 9999, 9999, 9999,32767,     0,     0
 ED5.2,                              ,3310                          ,PORTERIA C-D        ,9906011001,                ,  101,                    ,                              , 0,2,20181006 14:55:15,    0,         0,         0,  250,    5,  101,2,                ,0000000,2, 1,         0,    0,1000000000000000000000000000000000000000,0000000000000000000000010000000000000000,         0,         0,         0,         0,1, 0, 0, 0,                              ,    0,         0,0,20181006 14:55:15,3310                          , 9999, 9999, 9999,  101,32767,     0,     0
 ED5.2,                              ,3310                          ,PORTERIA C-D        ,9906011001,                ,  101,                    ,                              , 0,2,20181006 14:55:28,    0,         0,         0,  300,    5,  101,2,                ,0000000,2, 1,         0,    0,1000000000000000000000000000000000000000,0000000000000000000000010000000000000000,         0,         0,         0,         0,1, 0, 0, 0,                              ,    0,         0,0,20181006 14:55:28,3310                          , 9999, 9999, 9999,  101,32767,     0,     0
 ED5.2,6074949                       ,FS005                         ,EntPBX              ,          ,                ,  101,                    ,                              , 4,2,20181006 14:57:59,    0,         0,         5,  300,    5,  101,2,                ,0000000,2, 0,         0,    0,0000000000000000000000000000000000000000,0000000000000000000000010000000000000000,         0,         0,         0,         0,1, 0, 0, 0,5560                          ,    5,         0,0,20181006 14:57:54,                              , 9999, 9999, 9999, 9999,32767,     0,     0
 ED5.2,3115048039                    ,3321                          ,PORTERIA G.4        ,9906011001,                ,  101,                    ,                              , 4,2,20181006 14:59:10,    0,         0,        21,   39,    1,  101,2,                ,0000000,2, 0,         0,    0,0000000000000000000000000000000000000000,0000000000000000000000010000000000000000,         0,         0,         0,         0,1, 0, 0, 0,5560                          ,   13,         8,0,20181006 14:58:49,                              , 9999, 9999, 9999, 9999,32767,     0,     0
 ED5.2,                              ,3320                          ,PORTERIA  E         ,9906011001,                ,  101,                    ,                              , 0,2,20181006 15:00:21,    0,         0,         0,  216,    5,  101,2,                ,0000000,2, 1,         0,    0,1000000000000000000000000000000000000000,0000000000000000000000010000000000000000,         0,         0,         0,         0,1, 0, 0, 0,                              ,    0,         0,0,20181006 15:00:21,3320                          , 9999, 9999, 9999,  101,32767,     0,     0
