 ED5.2,7468120                       ,1520                          ,JULIANA IZQUIERD    ,1949      ,                ,  101,                    ,                              , 0,2,20190123 06:11:58,    0,         0,        20,10001,   11,  101,2,                ,0010000,2, 1,         0,    0,1000000000000000000000000000000000000000,0000000000000000000000010000000000001000,         0,         0,         0,         0,1, 0, 0, 0,7468120                       ,    0,         0,0,20190123 06:11:38,1520                          , 9999, 9999, 9999,  101,32767,     0,     0
 ED5.2,2307698                       ,1565                          ,SONIA YANETH ROM    ,1952      ,                ,  101,                    ,                              , 0,2,20190123 06:17:53,    0,         0,       200,10001,   11,  101,2,                ,0010000,2, 1,         0,    0,1000000000000000000000000000000000000000,0000000000000000000000010000000000001000,         0,         0,         0,         0,1, 0, 0, 0,2307698                       ,    0,         0,0,20190123 06:14:33,1565                          , 9999, 9999, 9999,  101,32767,     0,     0
 ED5.2,3197                          ,1370                          ,                    ,1949      ,                ,  101,                    ,                              ,14,0,20190123 06:19:24,    0,         0,         0,65535,65535, 9999,2,                ,0000000,0, 0,         0,    0,0000000000000000000000000000000000000000,0000000000000000000000000000000000000000,         0,         0,         0,         0,1, 0, 0, 0,3197                          ,    0,         0,0,20190123 06:19:24,1370                          ,  101, 9999,  101,  101,    0,     0,     0
 ED5.2,7500500                       ,5005                          ,5005                ,          ,                ,  101,                    ,                              , 7,2,20190123 06:27:18,    0,         0,        99,10865,   82,  101,2,                ,0010000,2, 1,         0,    0,1000000000000000000000000000000000000000,0000000000000000000000010000000000001000,         0,         0,         0,         0,1, 0, 0, 0,7500500                       ,    0,         0,0,20190123 06:25:39,                              , 9999, 9999, 9999, 9999,32767,     0,     0
 ED5.2,7500500                       ,5002                          ,5002                ,          ,                ,  101,                    ,                              , 7,2,20190123 06:27:30,    0,         0,       102,10868,   82,  101,2,                ,0010000,2, 1,         0,    0,1000000000000000000000000000000000000000,0000000000000000000000010000000000001000,         0,         0,         0,         0,1, 0, 0, 0,7500500                       ,    0,         0,0,20190123 06:25:48,                              , 9999, 9999, 9999, 9999,32767,     0,     0
 ED5.2,7500500                       ,5003                          ,5003                ,          ,                ,  101,                    ,                              , 7,2,20190123 06:27:37,    0,         0,       101,10869,   82,  101,2,                ,0010000,2, 1,         0,    0,1000000000000000000000000000000000000000,0000000000000000000000010000000000001000,         0,         0,         0,         0,1, 0, 0, 0,7500500                       ,    0,         0,0,20190123 06:25:56,                              , 9999, 9999, 9999, 9999,32767,     0,     0
 ED5.2,7500500                       ,5001                          ,5001                ,          ,                ,  101,                    ,                              , 7,2,20190123 06:27:51,    0,         0,        99,10870,   82,  101,2,                ,0010000,2, 1,         0,    0,1000000000000000000000000000000000000000,0000000000000000000000010000000000001000,         0,         0,         0,         0,1, 0, 0, 0,7500500                       ,    0,         0,0,20190123 06:26:12,                              , 9999, 9999, 9999, 9999,32767,     0,     0
 ED5.2,7500500                       ,5004                          ,5004                ,          ,                ,  101,                    ,                              , 7,2,20190123 06:28:06,    0,         0,       101,10871,   82,  101,2,                ,0010000,2, 1,         0,    0,1000000000000000000000000000000000000000,0000000000000000000000010000000000001000,         0,         0,         0,         0,1, 0, 0, 0,7500500                       ,    0,         0,0,20190123 06:26:25,                              , 9999, 9999, 9999, 9999,32767,     0,     0
 ED5.2,3260                          ,3409                          ,                    ,2466      ,                ,  101,                    ,                              ,14,0,20190123 06:48:40,    0,         0,         0,65535,65535, 9999,2,                ,0000000,0, 0,         0,    0,0000000000000000000000000000000000000000,0000000000000000000000000000000000000000,         0,         0,         0,         0,1, 0, 0, 0,3260                          ,    0,         0,0,20190123 06:48:40,3409                          ,  101, 9999,  101,  101,    0,     0,     0
 ED5.2,3165                          ,1737                          ,                    ,1635      ,                ,  101,                    ,                              ,14,0,20190123 06:51:54,    0,         0,         0,65535,65535, 9999,2,                ,0000000,0, 0,         0,    0,0000000000000000000000000000000000000000,0000000000000000000000000000000000000000,         0,         0,         0,         0,1, 0, 0, 0,3165                          ,    0,         0,0,20190123 06:51:54,1737                          ,  101, 9999,  101,  101,    0,     0,     0
 ED5.2,1857                          ,1737                          ,                    ,1635      ,                ,  101,                    ,                              ,14,0,20190123 06:52:10,    0,         0,         0,65535,65535, 9999,2,                ,0000000,0, 0,         0,    0,0000000000000000000000000000000000000000,0000000000000000000000000000000000000000,         0,         0,         0,         0,1, 0, 0, 0,3165                          ,    0,         0,1,20190123 06:52:10,1737                          ,  101, 9999,  101,  101,    0,     0,     0
 ED5.2,1859                          ,1737                          ,                    ,1635      ,                ,  101,                    ,                              ,14,0,20190123 06:52:32,    0,         0,         0,65535,65535, 9999,2,                ,0000000,0, 0,         0,    0,0000000000000000000000000000000000000000,0000000000000000000000000000000000000000,         0,         0,         0,         0,1, 0, 0, 0,3165                          ,    0,         0,1,20190123 06:52:32,1737                          ,  101, 9999,  101,  101,    0,     0,     0
 ED5.2,3165                          ,1737                          ,                    ,1635      ,                ,  101,                    ,                              ,14,0,20190123 06:52:48,    0,         0,         0,65535,65535, 9999,2,                ,0000000,0, 0,         0,    0,0000000000000000000000000000000000000000,0000000000000000000000000000000000000000,         0,         0,         0,         0,1, 0, 0, 0,3165                          ,    0,         0,0,20190123 06:52:48,1737                          ,  101, 9999,  101,  101,    0,     0,     0
 ED5.2,1857                          ,1737                          ,                    ,1635      ,                ,  101,                    ,                              ,14,0,20190123 06:53:03,    0,         0,         0,65535,65535, 9999,2,                ,0000000,0, 0,         0,    0,0000000000000000000000000000000000000000,0000000000000000000000000000000000000000,         0,         0,         0,         0,1, 0, 0, 0,3165                          ,    0,         0,1,20190123 06:53:03,1737                          ,  101, 9999,  101,  101,    0,     0,     0
 ED5.2,1859                          ,1737                          ,                    ,1635      ,                ,  101,                    ,                              ,14,0,20190123 06:53:06,    0,         0,         0,65535,65535, 9999,2,                ,0000000,0, 0,         0,    0,0000000000000000000000000000000000000000,0000000000000000000000000000000000000000,         0,         0,         0,         0,1, 0, 0, 0,3165                          ,    0,         0,1,20190123 06:53:06,1737                          ,  101, 9999,  101,  101,    0,     0,     0
 ED5.2,3165                          ,1737                          ,                    ,1635      ,                ,  101,                    ,                              ,14,0,20190123 06:53:22,    0,         0,         0,65535,65535, 9999,2,                ,0000000,0, 0,         0,    0,0000000000000000000000000000000000000000,0000000000000000000000000000000000000000,         0,         0,         0,         0,1, 0, 0, 0,3165                          ,    0,         0,0,20190123 06:53:22,1737                          ,  101, 9999,  101,  101,    0,     0,     0
 ED5.2,8146001                       ,1161                          ,KATERINE GUARNIZ    ,1110      ,                ,  101,                    ,                              , 4,2,20190123 06:53:27,    0,         0,        53,  120,   20,  101,2,                ,0000000,3, 0,         0,    0,0100000000000000000000000000000000000000,0000000000000000000000010000000000000000,         0,         0,         0,         0,1, 0, 0, 0,1161                          ,    2,        53,0,20190123 06:52:34,                              , 9999, 9999, 9999, 9999,32767,     0,     0
 ED5.2,1857                          ,1737                          ,                    ,1635      ,                ,  101,                    ,                              ,14,0,20190123 06:53:38,    0,         0,         0,65535,65535, 9999,2,                ,0000000,0, 0,         0,    0,0000000000000000000000000000000000000000,0000000000000000000000000000000000000000,         0,         0,         0,         0,1, 0, 0, 0,3165                          ,    0,         0,1,20190123 06:53:38,1737                          ,  101, 9999,  101,  101,    0,     0,     0
 ED5.2,1859                          ,1737                          ,                    ,1635      ,                ,  101,                    ,                              ,14,0,20190123 06:53:40,    0,         0,         0,65535,65535, 9999,2,                ,0000000,0, 0,         0,    0,0000000000000000000000000000000000000000,0000000000000000000000000000000000000000,         0,         0,         0,         0,1, 0, 0, 0,3165                          ,    0,         0,1,20190123 06:53:40,1737                          ,  101, 9999,  101,  101,    0,     0,     0
 ED5.2,3165                          ,1737                          ,                    ,1635      ,                ,  101,                    ,                              ,14,0,20190123 06:53:57,    0,         0,         0,65535,65535, 9999,2,                ,0000000,0, 0,         0,    0,0000000000000000000000000000000000000000,0000000000000000000000000000000000000000,         0,         0,         0,         0,1, 0, 0, 0,3165                          ,    0,         0,0,20190123 06:53:57,1737                          ,  101, 9999,  101,  101,    0,     0,     0
 ED5.2,1857                          ,1737                          ,                    ,1635      ,                ,  101,                    ,                              ,14,0,20190123 06:54:12,    0,         0,         0,65535,65535, 9999,2,                ,0000000,0, 0,         0,    0,0000000000000000000000000000000000000000,0000000000000000000000000000000000000000,         0,         0,         0,         0,1, 0, 0, 0,3165                          ,    0,         0,1,20190123 06:54:12,1737                          ,  101, 9999,  101,  101,    0,     0,     0
 ED5.2,1859                          ,1737                          ,                    ,1635      ,                ,  101,                    ,                              ,14,0,20190123 06:54:14,    0,         0,         0,65535,65535, 9999,2,                ,0000000,0, 0,         0,    0,0000000000000000000000000000000000000000,0000000000000000000000000000000000000000,         0,         0,         0,         0,1, 0, 0, 0,3165                          ,    0,         0,1,20190123 06:54:14,1737                          ,  101, 9999,  101,  101,    0,     0,     0
 ED5.2,3165                          ,1737                          ,                    ,1635      ,                ,  101,                    ,                              ,14,0,20190123 06:54:30,    0,         0,         0,65535,65535, 9999,2,                ,0000000,0, 0,         0,    0,0000000000000000000000000000000000000000,0000000000000000000000000000000000000000,         0,         0,         0,         0,1, 0, 0, 0,3165                          ,    0,         0,0,20190123 06:54:30,1737                          ,  101, 9999,  101,  101,    0,     0,     0
 ED5.2,1857                          ,1737                          ,                    ,1635      ,                ,  101,                    ,                              ,14,0,20190123 06:54:42,    0,         0,         0,65535,65535, 9999,2,                ,0000000,0, 0,         0,    0,0000000000000000000000000000000000000000,0000000000000000000000000000000000000000,         0,         0,         0,         0,1, 0, 0, 0,3165                          ,    0,         0,1,20190123 06:54:42,1737                          ,  101, 9999,  101,  101,    0,     0,     0
 ED5.2,3165                          ,1737                          ,                    ,1635      ,                ,  101,                    ,                              ,14,0,20190123 06:55:00,    0,         0,         0,65535,65535, 9999,2,                ,0000000,0, 0,         0,    0,0000000000000000000000000000000000000000,0000000000000000000000000000000000000000,         0,         0,         0,         0,1, 0, 0, 0,3165                          ,    0,         0,0,20190123 06:55:00,1737                          ,  101, 9999,  101,  101,    0,     0,     0
 ED5.2,4435373                       ,2042                          ,ERIKA ANDREA TRU    ,4425      ,                ,  101,                    ,                              , 0,2,20190123 06:55:11,    0,         0,       119,  323,   65,  101,2,                ,0010000,2, 1,         0,    0,1000000000000000000000000000000000000000,0000000000000000000000010000000000001000,         0,         0,         0,         0,1, 0, 0, 0,4435373                       ,    0,         0,0,20190123 06:53:12,2042                          , 9999, 9999, 9999,  101,32767,     0,     0
 ED5.2,3165                          ,1737                          ,                    ,1635      ,                ,  101,                    ,                              ,14,0,20190123 06:56:50,    0,         0,         0,65535,65535, 9999,2,                ,0000000,0, 0,         0,    0,0000000000000000000000000000000000000000,0000000000000000000000000000000000000000,         0,         0,         0,         0,1, 0, 0, 0,3165                          ,    0,         0,0,20190123 06:56:50,1737                          ,  101, 9999,  101,  101,    0,     0,     0
 ED5.2,1857                          ,1737                          ,                    ,1635      ,                ,  101,                    ,                              ,14,0,20190123 06:57:05,    0,         0,         0,65535,65535, 9999,2,                ,0000000,0, 0,         0,    0,0000000000000000000000000000000000000000,0000000000000000000000000000000000000000,         0,         0,         0,         0,1, 0, 0, 0,3165                          ,    0,         0,1,20190123 06:57:05,1737                          ,  101, 9999,  101,  101,    0,     0,     0
 ED5.2,1859                          ,1737                          ,                    ,1635      ,                ,  101,                    ,                              ,14,0,20190123 06:57:18,    0,         0,         0,65535,65535, 9999,2,                ,0000000,0, 0,         0,    0,0000000000000000000000000000000000000000,0000000000000000000000000000000000000000,         0,         0,         0,         0,1, 0, 0, 0,3165                          ,    0,         0,1,20190123 06:57:18,1737                          ,  101, 9999,  101,  101,    0,     0,     0
 ED5.2,3165                          ,1737                          ,                    ,1635      ,                ,  101,                    ,                              ,14,0,20190123 06:57:34,    0,         0,         0,65535,65535, 9999,2,                ,0000000,0, 0,         0,    0,0000000000000000000000000000000000000000,0000000000000000000000000000000000000000,         0,         0,         0,         0,1, 0, 0, 0,3165                          ,    0,         0,0,20190123 06:57:34,1737                          ,  101, 9999,  101,  101,    0,     0,     0
 ED5.2,1857                          ,1737                          ,                    ,1635      ,                ,  101,                    ,                              ,14,0,20190123 06:57:49,    0,         0,         0,65535,65535, 9999,2,                ,0000000,0, 0,         0,    0,0000000000000000000000000000000000000000,0000000000000000000000000000000000000000,         0,         0,         0,         0,1, 0, 0, 0,3165                          ,    0,         0,1,20190123 06:57:49,1737                          ,  101, 9999,  101,  101,    0,     0,     0
 ED5.2,1859                          ,1737                          ,                    ,1635      ,                ,  101,                    ,                              ,14,0,20190123 06:57:53,    0,         0,         0,65535,65535, 9999,2,                ,0000000,0, 0,         0,    0,0000000000000000000000000000000000000000,0000000000000000000000000000000000000000,         0,         0,         0,         0,1, 0, 0, 0,3165                          ,    0,         0,1,20190123 06:57:53,1737                          ,  101, 9999,  101,  101,    0,     0,     0
 ED5.2,3165                          ,1737                          ,                    ,1635      ,                ,  101,                    ,                              ,14,0,20190123 06:58:10,    0,         0,         0,65535,65535, 9999,2,                ,0000000,0, 0,         0,    0,0000000000000000000000000000000000000000,0000000000000000000000000000000000000000,         0,         0,         0,         0,1, 0, 0, 0,3165                          ,    0,         0,0,20190123 06:58:10,1737                          ,  101, 9999,  101,  101,    0,     0,     0
 ED5.2,1857                          ,1737                          ,                    ,1635      ,                ,  101,                    ,                              ,14,0,20190123 06:58:26,    0,         0,         0,65535,65535, 9999,2,                ,0000000,0, 0,         0,    0,0000000000000000000000000000000000000000,0000000000000000000000000000000000000000,         0,         0,         0,         0,1, 0, 0, 0,3165                          ,    0,         0,1,20190123 06:58:26,1737                          ,  101, 9999,  101,  101,    0,     0,     0
 ED5.2,1859                          ,1737                          ,                    ,1635      ,                ,  101,                    ,                              ,14,0,20190123 06:58:39,    0,         0,         0,65535,65535, 9999,2,                ,0000000,0, 0,         0,    0,0000000000000000000000000000000000000000,0000000000000000000000000000000000000000,         0,         0,         0,         0,1, 0, 0, 0,3165                          ,    0,         0,1,20190123 06:58:39,1737                          ,  101, 9999,  101,  101,    0,     0,     0
 ED5.2,3165                          ,1737                          ,                    ,1635      ,                ,  101,                    ,                              ,14,0,20190123 07:00:18,    0,         0,         0,65535,65535, 9999,2,                ,0000000,0, 0,         0,    0,0000000000000000000000000000000000000000,0000000000000000000000000000000000000000,         0,         0,         0,         0,1, 0, 0, 0,3165                          ,    0,         0,0,20190123 07:00:18,1737                          ,  101, 9999,  101,  101,    0,     0,     0
