 ED5.2,4514020                       ,1177                          ,DILSA  GOMEZ V      ,1952      ,                ,  101,                    ,                              , 4,2,20190211 21:12:15,    0,         0,        63,  120,   20,  101,2,                ,0000000,3, 0,         0,    0,0000000000000000000000000000000000000000,0000000000000000000000010000000000000000,         0,         0,         0,         0,1, 0, 0, 0,A800                          ,    7,        56,0,20190211 21:11:12,                              , 9999, 9999, 9999, 9999,32767,     0,     0
 ED5.2,4718077                       ,1444                          ,SANDRA YAMIL BAL    ,1632      ,                ,  101,                    ,                              , 0,2,20190211 21:12:47,    0,         0,         0,10001,   11,  101,2,                ,0010000,2, 1,         0,    0,1000000000000000000000000000000000000000,0000000000000000000000010000000000001000,         0,         0,         0,         0,1, 0, 0, 0,4718077                       ,    0,         0,0,20190211 21:12:47,1444                          , 9999, 9999, 9999,  101,32767,     0,     0
 ED5.2,1576                          ,1736                          ,                    ,1635      ,                ,  101,                    ,                              ,14,0,20190211 21:12:53,    0,         0,         9,65535,65535, 9999,2,                ,0000000,0, 0,         0,    0,0000000000000000000000000000000000000000,0000000000000000000000000000000000000000,         0,         0,         0,         0,1, 0, 0, 0,1576                          ,    0,         9,0,20190211 21:12:44,1736                          ,  101, 9999,  101,  101,    0,     0,     0
 ED5.2,4718077                       ,1444                          ,SANDRA YAMIL BAL    ,1632      ,                ,  101,                    ,                              , 0,2,20190211 21:15:18,    0,         0,         0,10001,   11,  101,2,                ,0010000,2, 1,         0,    0,1000000000000000000000000000000000000000,0000000000000000000000010000000000001000,         0,         0,         0,         0,1, 0, 0, 0,4718077                       ,    0,         0,0,20190211 21:15:18,1444                          , 9999, 9999, 9999,  101,32767,     0,     0
 ED5.2,8067648                       ,1444                          ,SANDRA YAMIL BAL    ,1632      ,                ,  101,                    ,                              , 0,2,20190211 21:15:42,    0,         0,         9,10001,   11,  101,2,                ,0010000,2, 1,         0,    0,1000000000000000000000000000000000000000,0000000000000000000000010000000000001000,         0,         0,         0,         0,1, 0, 0, 0,8067648                       ,    0,         0,0,20190211 21:15:33,1444                          , 9999, 9999, 9999,  101,32767,     0,     0
 ED5.2,4718077                       ,1444                          ,SANDRA YAMIL BAL    ,1632      ,                ,  101,                    ,                              , 0,2,20190211 21:16:20,    0,         0,        30,10001,   11,  101,2,                ,0010000,2, 1,         0,    0,1000000000000000000000000000000000000000,0000000000000000000000010000000000001000,         0,         0,         0,         0,1, 0, 0, 0,4718077                       ,    0,         0,0,20190211 21:15:50,1444                          , 9999, 9999, 9999,  101,32767,     0,     0
 ED5.2,5140                          ,5139                          ,                    ,3952      ,                ,  101,                    ,                              ,14,0,20190211 21:16:53,    0,         0,         9,65535,65535, 9999,2,                ,0000000,0, 0,         0,    0,0000000000000000000000000000000000000000,0000000000000000000000000000000000000000,         0,         0,         0,         0,1, 0, 0, 0,5140                          ,    0,         9,0,20190211 21:16:44,5139                          ,  101, 9999,  101,  101,    0,     0,     0
 ED5.2,8067648                       ,1444                          ,SANDRA YAMIL BAL    ,1632      ,                ,  101,                    ,                              , 0,2,20190211 21:16:57,    0,         0,        25,10001,   11,  101,2,                ,0010000,2, 1,         0,    0,1000000000000000000000000000000000000000,0000000000000000000000010000000000001000,         0,         0,         0,         0,1, 0, 0, 0,8067648                       ,    0,         0,0,20190211 21:16:32,1444                          , 9999, 9999, 9999,  101,32767,     0,     0
 ED5.2,8067648                       ,1444                          ,SANDRA YAMIL BAL    ,1632      ,                ,  101,                    ,                              , 0,2,20190211 21:17:23,    0,         0,        19,10001,   11,  101,2,                ,0010000,2, 1,         0,    0,1000000000000000000000000000000000000000,0000000000000000000000010000000000001000,         0,         0,         0,         0,1, 0, 0, 0,8067648                       ,    0,         0,0,20190211 21:17:04,1444                          , 9999, 9999, 9999,  101,32767,     0,     0
 ED5.2,1818                          ,1235                          ,                    ,1632      ,                ,  101,                    ,                              ,14,0,20190211 21:17:46,    0,         0,        17,65535,65535, 9999,2,                ,0000000,0, 0,         0,    0,0000000000000000000000000000000000000000,0000000000000000000000000000000000000000,         0,         0,         0,         0,1, 0, 0, 0,1818                          ,    0,        17,0,20190211 21:17:29,1235                          ,  101, 9999,  101,  101,    0,     0,     0
 ED5.2,1235                          ,1444                          ,                    ,1632      ,                ,  101,                    ,                              ,14,0,20190211 21:21:51,    0,         0,        28,65535,65535, 9999,2,                ,0000000,0, 0,         0,    0,0000000000000000000000000000000000000000,0000000000000000000000000000000000000000,         0,         0,         0,         0,1, 0, 0, 0,1235                          ,    0,        28,0,20190211 21:21:23,1444                          ,  101, 9999,  101,  101,    0,     0,     0
 ED5.2,1265                          ,1183                          ,                    ,1673      ,                ,  101,                    ,                              ,14,0,20190211 21:22:19,    0,         0,         0,65535,65535, 9999,2,                ,0000000,0, 0,         0,    0,0000000000000000000000000000000000000000,0000000000000000000000000000000000000000,         0,         0,         0,         0,1, 0, 0, 0,1265                          ,    0,         0,0,20190211 21:22:19,1183                          ,  101, 9999,  101,  101,    0,     0,     0
 ED5.2,3293                          ,1183                          ,                    ,1673      ,                ,  101,                    ,                              ,14,0,20190211 21:22:34,    0,         0,         0,65535,65535, 9999,2,                ,0000000,0, 0,         0,    0,0000000000000000000000000000000000000000,0000000000000000000000000000000000000000,         0,         0,         0,         0,1, 0, 0, 0,1265                          ,    0,         0,1,20190211 21:22:34,1183                          ,  101, 9999,  101,  101,    0,     0,     0
 ED5.2,1036                          ,1183                          ,                    ,1673      ,                ,  101,                    ,                              ,14,0,20190211 21:22:37,    0,         0,         0,65535,65535, 9999,2,                ,0000000,0, 0,         0,    0,0000000000000000000000000000000000000000,0000000000000000000000000000000000000000,         0,         0,         0,         0,1, 0, 0, 0,1265                          ,    0,         0,1,20190211 21:22:37,1183                          ,  101, 9999,  101,  101,    0,     0,     0
 ED5.2,1265                          ,1183                          ,                    ,1673      ,                ,  101,                    ,                              ,14,0,20190211 21:22:54,    0,         0,         0,65535,65535, 9999,2,                ,0000000,0, 0,         0,    0,0000000000000000000000000000000000000000,0000000000000000000000000000000000000000,         0,         0,         0,         0,1, 0, 0, 0,1265                          ,    0,         0,0,20190211 21:22:54,1183                          ,  101, 9999,  101,  101,    0,     0,     0
 ED5.2,3293                          ,1183                          ,                    ,1673      ,                ,  101,                    ,                              ,14,0,20190211 21:23:00,    0,         0,         0,65535,65535, 9999,2,                ,0000000,0, 0,         0,    0,0000000000000000000000000000000000000000,0000000000000000000000000000000000000000,         0,         0,         0,         0,1, 0, 0, 0,1265                          ,    0,         0,1,20190211 21:23:00,1183                          ,  101, 9999,  101,  101,    0,     0,     0
 ED5.2,1582                          ,1033                          ,                    ,1633      ,                ,  101,                    ,                              ,14,0,20190211 21:23:53,    0,         0,        21,65535,65535, 9999,2,                ,0000000,0, 0,         0,    0,0000000000000000000000000000000000000000,0000000000000000000000000000000000000000,         0,         0,         0,         0,1, 0, 0, 0,1582                          ,    0,        21,0,20190211 21:23:32,1033                          ,  101, 9999,  101,  101,    0,     0,     0
 ED5.2,1439                          ,1415                          ,                    ,1945      ,                ,  101,                    ,                              ,14,0,20190211 21:24:10,    0,         0,        67,65535,65535, 9999,2,                ,0000000,0, 0,         0,    0,0000000000000000000000000000000000000000,0000000000000000000000000000000000000000,         0,         0,         0,         0,1, 0, 0, 0,1439                          ,    0,        67,0,20190211 21:23:03,1415                          ,  101, 9999,  101,  101,    0,     0,     0
 ED5.2,1234                          ,1034                          ,                    ,1632      ,                ,  101,                    ,                              ,14,0,20190211 21:24:49,    0,         0,         0,65535,65535, 9999,2,                ,0000000,0, 0,         0,    0,0000000000000000000000000000000000000000,0000000000000000000000000000000000000000,         0,         0,         0,         0,1, 0, 0, 0,1234                          ,    0,         0,0,20190211 21:24:49,1034                          ,  101, 9999,  101,  101,    0,     0,     0
 ED5.2,1820                          ,1034                          ,                    ,1632      ,                ,  101,                    ,                              ,14,0,20190211 21:24:57,    0,         0,         0,65535,65535, 9999,2,                ,0000000,0, 0,         0,    0,0000000000000000000000000000000000000000,0000000000000000000000000000000000000000,         0,         0,         0,         0,1, 0, 0, 0,1234                          ,    0,         0,1,20190211 21:24:57,1034                          ,  101, 9999,  101,  101,    0,     0,     0
 ED5.2,1832                          ,1183                          ,                    ,1673      ,                ,  101,                    ,                              ,14,0,20190211 21:29:51,    0,         0,         0,65535,65535, 9999,2,                ,0000000,0, 0,         0,    0,0000000000000000000000000000000000000000,0000000000000000000000000000000000000000,         0,         0,         0,         0,1, 0, 0, 0,1832                          ,    0,         0,0,20190211 21:29:51,1183                          ,  101, 9999,  101,  101,    0,     0,     0
 ED5.2,1176                          ,1183                          ,                    ,1673      ,                ,  101,                    ,                              ,14,0,20190211 21:29:54,    0,         0,         0,65535,65535, 9999,2,                ,0000000,0, 0,         0,    0,0000000000000000000000000000000000000000,0000000000000000000000000000000000000000,         0,         0,         0,         0,1, 0, 0, 0,1832                          ,    0,         0,1,20190211 21:29:54,1183                          ,  101, 9999,  101,  101,    0,     0,     0
 ED5.2,1265                          ,1183                          ,                    ,1673      ,                ,  101,                    ,                              ,14,0,20190211 21:30:09,    0,         0,         0,65535,65535, 9999,2,                ,0000000,0, 0,         0,    0,0000000000000000000000000000000000000000,0000000000000000000000000000000000000000,         0,         0,         0,         0,1, 0, 0, 0,1265                          ,    0,         0,0,20190211 21:30:09,1183                          ,  101, 9999,  101,  101,    0,     0,     0
 ED5.2,1447                          ,1177                          ,                    ,1952      ,                ,  101,                    ,                              ,14,0,20190211 21:36:56,    0,         0,       208,65535,65535, 9999,2,                ,0000000,0, 0,         0,    0,0000000000000000000000000000000000000000,0000000000000000000000000000000000000000,         0,         0,         0,         0,1, 0, 0, 0,1447                          ,    0,       208,0,20190211 21:33:28,1177                          ,  101, 9999,  101,  101,    0,     0,     0
 ED5.2,1415                          ,1439                          ,                    ,1632      ,                ,  101,                    ,                              ,14,0,20190211 21:41:37,    0,         0,       551,65535,65535, 9999,2,                ,0000000,0, 0,         0,    0,0000000000000000000000000000000000000000,0000000000000000000000000000000000000000,         0,         0,         0,         0,1, 0, 0, 0,1415                          ,    0,       551,0,20190211 21:32:26,1439                          ,  101, 9999,  101,  101,    0,     0,     0
 ED5.2,3327                          ,1005                          ,                    ,1949      ,                ,  101,                    ,                              ,14,0,20190211 21:43:08,    0,         0,         0,65535,65535, 9999,2,                ,0000000,0, 0,         0,    0,0000000000000000000000000000000000000000,0000000000000000000000000000000000000000,         0,         0,         0,         0,1, 0, 0, 0,3327                          ,    0,         0,0,20190211 21:43:08,1005                          ,  101, 9999,  101,  101,    0,     0,     0
 ED5.2,4514020                       ,1177                          ,DILSA  GOMEZ V      ,1952      ,                ,  101,                    ,                              , 0,2,20190211 21:43:12,    0,         0,        81,10001,   11,  101,2,                ,0010000,2, 1,         0,    0,1000000000000000000000000000000000000000,0000000000000000000000010000000000001000,         0,         0,         0,         0,1, 0, 0, 0,4514020                       ,    0,         0,0,20190211 21:41:51,1177                          , 9999, 9999, 9999,  101,32767,     0,     0
 ED5.2,1409                          ,1439                          ,                    ,1632      ,                ,  101,                    ,                              ,14,0,20190211 21:46:26,    0,         0,         0,65535,65535, 9999,2,                ,0000000,0, 0,         0,    0,0000000000000000000000000000000000000000,0000000000000000000000000000000000000000,         0,         0,         0,         0,1, 0, 0, 0,1409                          ,    0,         0,0,20190211 21:46:26,1439                          ,  101, 9999,  101,  101,    0,     0,     0
 ED5.2,3751259                       ,2016                          ,EDINSON SNEI CAS    ,4952      ,                ,  101,                    ,                              , 0,2,20190211 21:47:03,    0,         0,       211,  308,   65,  101,2,                ,0010000,2, 1,         0,    0,1000000000000000000000000000000000000000,0000000000000000000000010000000000001000,         0,         0,         0,         0,1, 0, 0, 0,3751259                       ,    0,         0,0,20190211 21:43:32,2016                          , 9999, 9999, 9999,  101,32767,     0,     0
 ED5.2,3751259                       ,2016                          ,EDINSON SNEI CAS    ,4952      ,                ,  101,                    ,                              , 0,2,20190211 21:48:07,    0,         0,         0,  309,   65,  101,2,                ,0010000,2, 1,         0,    0,1000000000000000000000000000000000000000,0000000000000000000000010000000000001000,         0,         0,         0,         0,1, 0, 0, 0,3751259                       ,    0,         0,0,20190211 21:48:07,2016                          , 9999, 9999, 9999,  101,32767,     0,     0
 ED5.2,3751259                       ,2016                          ,EDINSON SNEI CAS    ,4952      ,                ,  101,                    ,                              , 0,2,20190211 21:48:15,    0,         0,         0,  310,   65,  101,2,                ,0010000,2, 1,         0,    0,1000000000000000000000000000000000000000,0000000000000000000000010000000000001000,         0,         0,         0,         0,1, 0, 0, 0,3751259                       ,    0,         0,0,20190211 21:48:15,2016                          , 9999, 9999, 9999,  101,32767,     0,     0
 ED5.2,1582                          ,1307                          ,                    ,1633      ,                ,  101,                    ,                              ,14,0,20190211 21:52:05,    0,         0,         3,65535,65535, 9999,2,                ,0000000,0, 0,         0,    0,0000000000000000000000000000000000000000,0000000000000000000000000000000000000000,         0,         0,         0,         0,1, 0, 0, 0,1582                          ,    0,         3,0,20190211 21:52:02,1307                          ,  101, 9999,  101,  101,    0,     0,     0
 ED5.2,1582                          ,1307                          ,                    ,1633      ,                ,  101,                    ,                              ,14,0,20190211 21:55:45,    0,         0,       205,65535,65535, 9999,2,                ,0000000,0, 0,         0,    0,0000000000000000000000000000000000000000,0000000000000000000000000000000000000000,         0,         0,         0,         0,1, 0, 0, 0,1582                          ,    0,       205,0,20190211 21:52:20,1307                          ,  101, 9999,  101,  101,    0,     0,     0
 ED5.2,1582                          ,1307                          ,                    ,1633      ,                ,  101,                    ,                              ,14,0,20190211 21:59:43,    0,         0,        99,65535,65535, 9999,2,                ,0000000,0, 0,         0,    0,0000000000000000000000000000000000000000,0000000000000000000000000000000000000000,         0,         0,         0,         0,1, 0, 0, 0,1582                          ,    0,        99,0,20190211 21:58:04,1307                          ,  101, 9999,  101,  101,    0,     0,     0
 ED5.2,3751259                       ,2016                          ,EDINSON SNEI CAS    ,4952      ,                ,  101,                    ,                              , 0,2,20190211 22:01:44,    0,         0,        32,  311,   65,  101,2,                ,0010000,2, 1,         0,    0,1000000000000000000000000000000000000000,0000000000000000000000010000000000001000,         0,         0,         0,         0,1, 0, 0, 0,3751259                       ,    0,         0,0,20190211 22:01:12,2016                          , 9999, 9999, 9999,  101,32767,     0,     0
