 ED5.2,1393                          ,1364                          ,                    ,1632      ,                ,  101,                    ,                              ,14,0,20190209 12:01:14,    0,         0,         0,65535,65535, 9999,2,                ,0000000,0, 0,         0,    0,0000000000000000000000000000000000000000,0000000000000000000000000000000000000000,         0,         0,         0,         0,1, 0, 0, 0,1024                          ,    0,         0,1,20190209 12:01:14,1364                          ,  101, 9999,  101,  101,    0,     0,     0
 ED5.2,1237                          ,1561                          ,                    ,1952      ,                ,  101,                    ,                              ,14,0,20190209 12:02:18,    0,         0,        30,65535,65535, 9999,2,                ,0000000,0, 0,         0,    0,0000000000000000000000000000000000000000,0000000000000000000000000000000000000000,         0,         0,         0,         0,1, 0, 0, 0,1237                          ,    0,        30,0,20190209 12:01:48,1561                          ,  101, 9999,  101,  101,    0,     0,     0
 ED5.2,1466                          ,1364                          ,                    ,1632      ,                ,  101,                    ,                              ,14,0,20190209 12:02:26,    0,         0,         0,65535,65535, 9999,2,                ,0000000,0, 0,         0,    0,0000000000000000000000000000000000000000,0000000000000000000000000000000000000000,         0,         0,         0,         0,1, 0, 0, 0,1466                          ,    0,         0,0,20190209 12:02:26,1364                          ,  101, 9999,  101,  101,    0,     0,     0
 ED5.2,1393                          ,1364                          ,                    ,1632      ,                ,  101,                    ,                              ,14,0,20190209 12:02:27,    0,         0,         0,65535,65535, 9999,2,                ,0000000,0, 0,         0,    0,0000000000000000000000000000000000000000,0000000000000000000000000000000000000000,         0,         0,         0,         0,1, 0, 0, 0,1466                          ,    0,         0,1,20190209 12:02:27,1364                          ,  101, 9999,  101,  101,    0,     0,     0
 ED5.2,1699                          ,16398080                      ,                    ,          ,                ,  101,                    ,                              , 7,2,20190209 12:02:30,    0,         0,         0,10002,   11,  101,2,                ,0010000,2, 1,         0,    0,1000000000000000000000000000000000000000,0000000000000000000000010000000000000000,         0,         0,         0,         0,1, 0, 0, 0,                              ,    0,         0,0,20190209 12:02:30,                              , 9999, 9999, 9999, 9999,32767,     0,     0
 ED5.2,1594                          ,1359                          ,                    ,1952      ,                ,  101,                    ,                              ,14,0,20190209 12:03:35,    0,         0,        10,65535,65535, 9999,2,                ,0000000,0, 0,         0,    0,0000000000000000000000000000000000000000,0000000000000000000000000000000000000000,         0,         0,         0,         0,1, 0, 0, 0,1594                          ,    0,        10,0,20190209 12:03:25,1359                          ,  101, 9999,  101,  101,    0,     0,     0
 ED5.2,6604869                       ,1150                          ,LINA VANESA GALI    ,1952      ,                ,  101,                    ,                              , 0,2,20190209 12:04:46,    0,         0,       199,10001,   11,  101,2,                ,0010000,2, 1,         0,    0,1000000000000000000000000000000000000000,0000000000000000000000010000000000001000,         0,         0,         0,         0,1, 0, 0, 0,6604869                       ,    0,         0,0,20190209 12:01:27,1150                          , 9999, 9999, 9999,  101,32767,     0,     0
 ED5.2,033116191902                  ,2020                          ,ESTEFANI XIO MON    ,4635      ,                ,  101,                    ,                              , 4,2,20190209 12:06:12,    0,         0,       131,  305,   65,  101,2,                ,0000000,3, 0,         0,    0,0000000000000000000000000000000000000000,0000000000000000000000010000000000000000,         0,         0,         0,         0,1, 0, 0, 0,A600                          ,  132,         0,0,20190209 12:04:01,                              , 9999, 9999, 9999, 9999,32767,     0,     0
 ED5.2,6604869                       ,1561                          ,MARIA FERNAN CAN    ,1952      ,                ,  101,                    ,                              , 0,2,20190209 12:06:30,    0,         0,       211,10002,   11,  101,2,                ,0010000,2, 1,         0,    0,1000000000000000000000000000000000000000,0000000000000000000000010000000000001000,         0,         0,         0,         0,1, 0, 0, 0,6604869                       ,    0,         0,0,20190209 12:02:59,1561                          , 9999, 9999, 9999,  101,32767,     0,     0
 ED5.2,3600124                       ,5148                          ,WILSON SEGUN FON    ,3952      ,                ,  101,                    ,                              , 0,2,20190209 12:08:29,    0,         0,        35,10865,   82,  101,2,                ,0010000,2, 1,         0,    0,1000000000000000000000000000000000000000,0000000000000000000000010000000000001000,         0,         0,         0,         0,1, 0, 0, 0,3600124                       ,    0,         0,0,20190209 12:07:54,5148                          , 9999, 9999, 9999,  101,32767,     0,     0
 ED5.2,1359                          ,5123                          ,                    ,3952      ,                ,  101,                    ,                              ,14,0,20190209 12:09:12,    0,         0,        43,65535,65535, 9999,2,                ,0000000,0, 0,         0,    0,0000000000000000000000000000000000000000,0000000000000000000000000000000000000000,         0,         0,         0,         0,1, 0, 0, 0,1359                          ,    0,        43,0,20190209 12:08:29,5123                          ,  101, 9999,  101,  101,    0,     0,     0
 ED5.2,1359                          ,5123                          ,                    ,3952      ,                ,  101,                    ,                              ,14,0,20190209 12:09:15,    0,         0,         0,65535,65535, 9999,2,                ,0000000,0, 0,         0,    0,0000000000000000000000000000000000000000,0000000000000000000000000000000000000000,         0,         0,         0,         0,1, 0, 0, 0,1359                          ,    0,         0,0,20190209 12:09:15,5123                          ,  101, 9999,  101,  101,    0,     0,     0
 ED5.2,1699                          ,16398080                      ,                    ,          ,                ,  101,                    ,                              , 7,2,20190209 12:09:16,    0,         0,         0,10001,   11,  101,2,                ,0010000,2, 1,         0,    0,1000000000000000000000000000000000000000,0000000000000000000000010000000000000000,         0,         0,         0,         0,1, 0, 0, 0,                              ,    0,         0,0,20190209 12:09:16,                              , 9999, 9999, 9999, 9999,32767,     0,     0
 ED5.2,5149                          ,5148                          ,                    ,3952      ,                ,  101,                    ,                              ,14,0,20190209 12:10:02,    0,         0,        77,65535,65535, 9999,2,                ,0000000,0, 0,         0,    0,0000000000000000000000000000000000000000,0000000000000000000000000000000000000000,         0,         0,         0,         0,1, 0, 0, 0,5149                          ,    0,        77,0,20190209 12:08:45,5148                          ,  101, 9999,  101,  101,    0,     0,     0
 ED5.2,6604869                       ,1150                          ,LINA VANESA GALI    ,1952      ,                ,  101,                    ,                              , 0,2,20190209 12:10:55,    0,         0,        62,10001,   11,  101,2,                ,0010000,2, 1,         0,    0,1000000000000000000000000000000000000000,0000000000000000000000010000000000001000,         0,         0,         0,         0,1, 0, 0, 0,6604869                       ,    0,         0,0,20190209 12:09:53,1150                          , 9999, 9999, 9999,  101,32767,     0,     0
 ED5.2,5148                          ,5136                          ,                    ,3635      ,                ,  101,                    ,                              ,14,0,20190209 12:11:28,    0,         0,         8,65535,65535, 9999,2,                ,0000000,0, 0,         0,    0,0000000000000000000000000000000000000000,0000000000000000000000000000000000000000,         0,         0,         0,         0,1, 0, 0, 0,5148                          ,    0,         8,0,20190209 12:11:20,5136                          ,  101, 9999,  101,  101,    0,     0,     0
 ED5.2,5123                          ,1359                          ,                    ,1952      ,                ,  101,                    ,                              ,14,0,20190209 12:14:43,    0,         0,       327,65535,65535, 9999,2,                ,0000000,0, 0,         0,    0,0000000000000000000000000000000000000000,0000000000000000000000000000000000000000,         0,         0,         0,         0,1, 0, 0, 0,5123                          ,    0,       327,0,20190209 12:09:16,1359                          ,  101, 9999,  101,  101,    0,     0,     0
 ED5.2,3414                          ,3116                          ,                    ,1466      ,                ,  101,                    ,                              ,14,0,20190209 12:18:35,    0,         0,         0,65535,65535, 9999,2,                ,0000000,0, 0,         0,    0,0000000000000000000000000000000000000000,0000000000000000000000000000000000000000,         0,         0,         0,         0,1, 0, 0, 0,3414                          ,    0,         0,0,20190209 12:18:35,3116                          ,  101, 9999,  101,  101,    0,     0,     0
 ED5.2,3133                          ,3116                          ,                    ,1466      ,                ,  101,                    ,                              ,14,0,20190209 12:18:36,    0,         0,         0,65535,65535, 9999,2,                ,0000000,0, 0,         0,    0,0000000000000000000000000000000000000000,0000000000000000000000000000000000000000,         0,         0,         0,         0,1, 0, 0, 0,3414                          ,    0,         0,1,20190209 12:18:36,3116                          ,  101, 9999,  101,  101,    0,     0,     0
 ED5.2,663173651908                  ,5136                          ,RECEPCION 3 BQUI    ,3635      ,                ,  101,                    ,                              , 4,2,20190209 12:19:09,    0,         0,       104,10865,   82,  101,2,                ,0000000,2, 0,         0,    0,0000000000000000000000000000000000000000,0000000000000000000000010000000000000000,         0,         0,         0,         0,1, 0, 0, 0,A900                          ,  105,         0,1,20190209 12:17:25,                              , 9999, 9999, 9999, 9999,32767,     0,     0
 ED5.2,663173651908                  ,1736                          ,RECEPCION 2 MORA    ,1635      ,                ,  101,                    ,                              , 4,2,20190209 12:24:47,    0,         0,       271,  120,   20,  101,2,                ,0000000,2, 1,         0,    0,0000000000000000000000000000000000000000,0000000000000000000000010000000000000000,         0,         0,         0,         0,1, 0, 0, 0,A800                          ,  272,         0,1,20190209 12:20:16,                              , 9999, 9999, 9999, 9999,32767,     0,     0
 ED5.2,8937769                       ,2093                          ,MAYERLY NATA BAL    ,4632      ,                ,  101,                    ,                              , 0,2,20190209 12:26:29,    0,         0,        37,  310,   65,  101,2,                ,0010000,2, 1,         0,    0,1000000000000000000000000000000000000000,0000000000000000000000010000000000001000,         0,         0,         0,         0,1, 0, 0, 0,8937769                       ,    0,         0,0,20190209 12:25:52,2093                          , 9999, 9999, 9999,  101,32767,     0,     0
 ED5.2,663128329471                  ,1736                          ,RECEPCION 2 MORA    ,1635      ,                ,  101,                    ,                              , 4,2,20190209 12:29:56,    0,         0,       174,  120,   20,  101,2,                ,0000000,2, 1,         0,    0,0000000000000000000000000000000000000000,0000000000000000000000010000000000000000,         0,         0,         0,         0,1, 0, 0, 0,A800                          ,  174,         0,1,20190209 12:27:02,                              , 9999, 9999, 9999, 9999,32767,     0,     0
 ED5.2,6604869                       ,1033                          ,CRISTIAN CAM BAR    ,1633      ,                ,  101,                    ,                              , 0,2,20190209 12:30:50,    0,         0,       236,10001,   11,  101,2,                ,0010000,2, 1,         0,    0,1000000000000000000000000000000000000000,0000000000000000000000010000000000001000,         0,         0,         0,         0,1, 0, 0, 0,6604869                       ,    0,         0,0,20190209 12:26:54,1033                          , 9999, 9999, 9999,  101,32767,     0,     0
 ED5.2,6604869                       ,1033                          ,CRISTIAN CAM BAR    ,1633      ,                ,  101,                    ,                              , 0,2,20190209 12:33:10,    0,         0,        37,10001,   11,  101,2,                ,0010000,2, 1,         0,    0,1000000000000000000000000000000000000000,0000000000000000000000010000000000001000,         0,         0,         0,         0,1, 0, 0, 0,6604869                       ,    0,         0,0,20190209 12:32:33,1033                          , 9999, 9999, 9999,  101,32767,     0,     0
 ED5.2,3315360                       ,5159                          ,LILIANA ISAB VAN    ,3952      ,                ,  101,                    ,                              , 0,2,20190209 12:34:15,    0,         0,         0,10865,   82,  101,2,                ,0010000,2, 1,         0,    0,1000000000000000000000000000000000000000,0000000000000000000000010000000000001000,         0,         0,         0,         0,1, 0, 0, 0,3315360                       ,    0,         0,0,20190209 12:34:15,5159                          , 9999, 9999, 9999,  101,32767,     0,     0
 ED5.2,3315936                       ,5159                          ,LILIANA ISAB VAN    ,3952      ,                ,  101,                    ,                              , 0,2,20190209 12:34:39,    0,         0,         7,10865,   82,  101,2,                ,0010000,2, 1,         0,    0,1000000000000000000000000000000000000000,0000000000000000000000010000000000001000,         0,         0,         0,         0,1, 0, 0, 0,3315936                       ,    0,         0,0,20190209 12:34:32,5159                          , 9999, 9999, 9999,  101,32767,     0,     0
 ED5.2,3315936                       ,5159                          ,LILIANA ISAB VAN    ,3952      ,                ,  101,                    ,                              , 0,2,20190209 12:35:18,    0,         0,        29,10865,   82,  101,2,                ,0010000,2, 1,         0,    0,1000000000000000000000000000000000000000,0000000000000000000000010000000000001000,         0,         0,         0,         0,1, 0, 0, 0,3315936                       ,    0,         0,0,20190209 12:34:49,5159                          , 9999, 9999, 9999,  101,32767,     0,     0
 ED5.2,4877777                       ,1273                          ,JONATHAN MAN OLI    ,1952      ,                ,  101,                    ,                              , 0,2,20190209 12:42:52,    0,         0,       273,10001,   11,  101,2,                ,0010000,2, 1,         0,    0,1000000000000000000000000000000000000000,0000000000000000000000010000000000001000,         0,         0,         0,         0,1, 0, 0, 0,4877777                       ,    0,         0,0,20190209 12:38:19,1273                          , 9999, 9999, 9999,  101,32767,     0,     0
 ED5.2,6068080                       ,1340                          ,RECEPCION MORATO    ,1635      ,                ,  101,                    ,                              , 4,2,20190209 12:43:15,    0,         0,       936,  121,   20,  101,2,                ,0000000,2, 0,         0,    0,0000000000000000000000000000000000000000,0000000000000000000000010000000000000000,         0,         0,         0,         0,1, 0, 0, 0,A800                          ,  937,         0,1,20190209 12:27:39,                              , 9999, 9999, 9999, 9999,32767,     0,     0
 ED5.2,6103842                       ,1273                          ,JONATHAN MAN OLI    ,1952      ,                ,  101,                    ,                              , 0,2,20190209 12:45:10,    0,         0,       122,10002,   11,  101,2,                ,0010000,2, 1,         0,    0,1000000000000000000000000000000000000000,0000000000000000000000010000000000001000,         0,         0,         0,         0,1, 0, 0, 0,6103842                       ,    0,         0,0,20190209 12:43:08,1273                          , 9999, 9999, 9999,  101,32767,     0,     0
 ED5.2,2123505                       ,1233                          ,ANA MILE GUTIERR    ,1632      ,                ,  101,                    ,                              , 0,2,20190209 12:45:46,    0,         0,       161,10001,   11,  101,2,                ,0010000,2, 1,         0,    0,1000000000000000000000000000000000000000,0000000000000000000000010000000000001000,         0,         0,         0,         0,1, 0, 0, 0,2123505                       ,    0,         0,0,20190209 12:43:05,1233                          , 9999, 9999, 9999,  101,32767,     0,     0
 ED5.2,1359                          ,5123                          ,                    ,3952      ,                ,  101,                    ,                              ,14,0,20190209 12:46:26,    0,         0,        30,65535,65535, 9999,2,                ,0000000,0, 0,         0,    0,0000000000000000000000000000000000000000,0000000000000000000000000000000000000000,         0,         0,         0,         0,1, 0, 0, 0,1359                          ,    0,        30,0,20190209 12:45:56,5123                          ,  101, 9999,  101,  101,    0,     0,     0
 ED5.2,6398080                       ,1014                          ,RECEPCION LO COU    ,1635      ,                ,  101,                    ,                              , 4,2,20190209 12:46:27,    0,         0,        67,  120,   20,  101,2,                ,0000000,2, 0,         0,    0,0000000000000000000000000000000000000000,0000000000000000000000010000000000000000,         0,         0,         0,         0,1, 0, 0, 0,A800                          ,   68,         0,1,20190209 12:45:20,                              , 9999, 9999, 9999, 9999,32767,     0,     0
 ED5.2,1561                          ,1736                          ,                    ,1635      ,                ,  101,                    ,                              ,14,0,20190209 12:47:02,    0,         0,         5,65535,65535, 9999,2,                ,0000000,0, 0,         0,    0,0000000000000000000000000000000000000000,0000000000000000000000000000000000000000,         0,         0,         0,         0,1, 0, 0, 0,1561                          ,    0,         5,0,20190209 12:46:57,1736                          ,  101, 9999,  101,  101,    0,     0,     0
 ED5.2,1150                          ,1736                          ,                    ,1635      ,                ,  101,                    ,                              ,14,0,20190209 12:47:23,    0,         0,         6,65535,65535, 9999,2,                ,0000000,0, 0,         0,    0,0000000000000000000000000000000000000000,0000000000000000000000000000000000000000,         0,         0,         0,         0,1, 0, 0, 0,1150                          ,    0,         6,0,20190209 12:47:17,1736                          ,  101, 9999,  101,  101,    0,     0,     0
 ED5.2,1237                          ,1561                          ,                    ,1952      ,                ,  101,                    ,                              ,14,0,20190209 12:47:59,    0,         0,        49,65535,65535, 9999,2,                ,0000000,0, 0,         0,    0,0000000000000000000000000000000000000000,0000000000000000000000000000000000000000,         0,         0,         0,         0,1, 0, 0, 0,1237                          ,    0,        49,0,20190209 12:47:10,1561                          ,  101, 9999,  101,  101,    0,     0,     0
 ED5.2,0724850504                    ,FS062                         ,CALI                ,          ,                ,  101,                    ,                              , 4,2,20190209 12:50:15,    0,         0,        18,  295,   62,  101,2,                ,0000000,3, 0,         0,    0,0000000000000000000000000000000000000000,0000000000000000000000010000000000000000,         0,         0,         0,         0,1, 0, 0, 0,A400                          ,   18,         0,0,20190209 12:49:57,                              , 9999, 9999, 9999, 9999,32767,     0,     0
 ED5.2,5190196                       ,FS020                         ,ETB                 ,          ,                ,  101,                    ,                              , 4,2,20190209 12:50:29,    0,         0,         8,  120,   20,  101,2,                ,0000000,3, 0,         0,    0,0000000000000000000000000000000000000000,0000000000000000000000010000000000000000,         0,         0,         0,         0,1, 0, 0, 0,A800                          ,    9,         0,0,20190209 12:50:21,                              , 9999, 9999, 9999, 9999,32767,     0,     0
 ED5.2,------------------------------,******************************,                    ,**********,                ,  101,                    ,******************************, 4,2,20190209 12:52:10,    0,         0,        64,10865,   82,  101,2,                ,0000000,2, 0,         0,    0,0000000000000000000000000000000000000000,0000000000000000000000010000000000000000,         0,         0,         0,         0,1, 0, 0, 0,------------------------------,   17,        48,1,20190209 12:51:06,******************************, 9999, 9999, 9999, 9999,32767,     0,     0
 ED5.2,663002133043                  ,FS020                         ,ETB                 ,          ,                ,  101,                    ,                              , 4,2,20190209 13:01:00,    0,         0,        51,  120,   20,  101,2,                ,0000000,2, 0,         0,    0,0000000000000000000000000000000000000000,0000000000000000000000010000000000000000,         0,         0,         0,         0,1, 0, 0, 0,A800                          ,   51,         0,1,20190209 13:00:09,                              , 9999, 9999, 9999, 9999,32767,     0,     0
