 ED5.2,663212173489                  ,FS020                         ,ETB                 ,          ,                ,  101,                    ,                              , 4,2,20190213 20:08:38,    0,         0,        53,  120,   20,  101,2,                ,0000000,2, 0,         0,    0,0000000000000000000000000000000000000000,0000000000000000000000010000000000000000,         0,         0,         0,         0,1, 0, 0, 0,A800                          ,   54,         0,1,20190213 20:07:45,                              , 9999, 9999, 9999, 9999,32767,     0,     0
 ED5.2,1214                          ,1454                          ,                    ,1952      ,                ,  101,                    ,                              ,14,0,20190213 20:09:50,    0,         0,       467,65535,65535, 9999,2,                ,0000000,0, 0,         0,    0,0000000000000000000000000000000000000000,0000000000000000000000000000000000000000,         0,         0,         0,         0,1, 0, 0, 0,1214                          ,    0,       467,0,20190213 20:02:03,1454                          ,  101, 9999,  101,  101,    0,     0,     0
 ED5.2,1434                          ,1737                          ,                    ,1635      ,                ,  101,                    ,                              ,14,0,20190213 20:13:43,    0,         0,         8,65535,65535, 9999,2,                ,0000000,0, 0,         0,    0,0000000000000000000000000000000000000000,0000000000000000000000000000000000000000,         0,         0,         0,         0,1, 0, 0, 0,1434                          ,    0,         8,0,20190213 20:13:35,1737                          ,  101, 9999,  101,  101,    0,     0,     0
 ED5.2,4323739                       ,1119                          ,CAJA 24             ,1949      ,                ,  101,                    ,                              , 0,2,20190213 20:17:24,    0,         0,        39,10002,   11,  101,2,                ,0010000,2, 1,         0,    0,1000000000000000000000000000000000000000,0000000000000000000000010000000000001000,         0,         0,         0,         0,1, 0, 0, 0,4323739                       ,    0,         0,0,20190213 20:16:45,1119                          , 9999, 9999, 9999,  101,32767,     0,     0
 ED5.2,7115115                       ,1832                          ,NESLY PILAR DELG    ,1632      ,                ,  101,                    ,                              , 0,2,20190213 20:17:33,    0,         0,        92,10001,   11,  101,2,                ,0010000,2, 1,         0,    0,1000000000000000000000000000000000000000,0000000000000000000000010000000000001000,         0,         0,         0,         0,1, 0, 0, 0,7115115                       ,    0,         0,0,20190213 20:16:01,1832                          , 9999, 9999, 9999,  101,32767,     0,     0
 ED5.2,8119554                       ,1119                          ,CAJA 24             ,1949      ,                ,  101,                    ,                              , 0,2,20190213 20:20:11,    0,         0,       157,10003,   11,  101,2,                ,0010000,2, 1,         0,    0,1000000000000000000000000000000000000000,0000000000000000000000010000000000001000,         0,         0,         0,         0,1, 0, 0, 0,8119554                       ,    0,         0,0,20190213 20:17:34,1119                          , 9999, 9999, 9999,  101,32767,     0,     0
 ED5.2,2061                          ,1444                          ,                    ,1632      ,                ,  101,                    ,                              ,14,0,20190213 20:20:37,    0,         0,       189,65535,65535, 9999,2,                ,0000000,0, 0,         0,    0,0000000000000000000000000000000000000000,0000000000000000000000000000000000000000,         0,         0,         0,         0,1, 0, 0, 0,2061                          ,    0,       189,0,20190213 20:17:28,1444                          ,  101, 9999,  101,  101,    0,     0,     0
 ED5.2,0724851121                    ,FS065                         ,Fidu-Cali           ,          ,                ,  101,                    ,                              , 4,2,20190213 20:21:49,    0,         0,         3,  304,   65,  101,2,                ,0000000,3, 0,         0,    0,0000000000000000000000000000000000000000,0000000000000000000000010000000000000000,         0,         0,         0,         0,1, 0, 0, 0,A600                          ,    4,         0,0,20190213 20:21:46,                              , 9999, 9999, 9999, 9999,32767,     0,     0
 ED5.2,7328345                       ,3128                          ,SANDRA NANCY CAS    ,1160      ,                ,  101,                    ,                              , 0,2,20190213 20:24:33,    0,         0,       103,10865,   82,  101,2,                ,0010000,2, 1,         0,    0,1000000000000000000000000000000000000000,0000000000000000000000010000000000001000,         0,         0,         0,         0,1, 0, 0, 0,7328345                       ,    0,         0,0,20190213 20:22:50,3128                          , 9999, 9999, 9999,  101,32767,     0,     0
 ED5.2,5273092                       ,3128                          ,SANDRA NANCY CAS    ,1160      ,                ,  101,                    ,                              , 0,2,20190213 20:25:07,    0,         0,        23,10865,   82,  101,2,                ,0010000,2, 1,         0,    0,1000000000000000000000000000000000000000,0000000000000000000000010000000000001000,         0,         0,         0,         0,1, 0, 0, 0,5273092                       ,    0,         0,0,20190213 20:24:44,3128                          , 9999, 9999, 9999,  101,32767,     0,     0
 ED5.2,1664                          ,1236                          ,                    ,1632      ,                ,  101,                    ,                              ,14,0,20190213 20:25:49,    0,         0,       126,65535,65535, 9999,2,                ,0000000,0, 0,         0,    0,0000000000000000000000000000000000000000,0000000000000000000000000000000000000000,         0,         0,         0,         0,1, 0, 0, 0,1664                          ,    0,       126,0,20190213 20:23:43,1236                          ,  101, 9999,  101,  101,    0,     0,     0
 ED5.2,1534                          ,1369                          ,                    ,1632      ,                ,  101,                    ,                              ,14,0,20190213 20:26:11,    0,         0,        24,65535,65535, 9999,2,                ,0000000,0, 0,         0,    0,0000000000000000000000000000000000000000,0000000000000000000000000000000000000000,         0,         0,         0,         0,1, 0, 0, 0,1534                          ,    0,        24,0,20190213 20:25:47,1369                          ,  101, 9999,  101,  101,    0,     0,     0
 ED5.2,1568                          ,3115                          ,                    ,1979      ,                ,  101,                    ,                              ,14,0,20190213 20:26:35,    0,         0,         0,65535,65535, 9999,2,                ,0000000,0, 0,         0,    0,0000000000000000000000000000000000000000,0000000000000000000000000000000000000000,         0,         0,         0,         0,1, 0, 0, 0,1568                          ,    0,         0,0,20190213 20:26:35,3115                          ,  101, 9999,  101,  101,    0,     0,     0
 ED5.2,3157                          ,3115                          ,                    ,1979      ,                ,  101,                    ,                              ,14,0,20190213 20:26:37,    0,         0,         0,65535,65535, 9999,2,                ,0000000,0, 0,         0,    0,0000000000000000000000000000000000000000,0000000000000000000000000000000000000000,         0,         0,         0,         0,1, 0, 0, 0,1568                          ,    0,         0,1,20190213 20:26:37,3115                          ,  101, 9999,  101,  101,    0,     0,     0
 ED5.2,1158                          ,1395                          ,                    ,1952      ,                ,  101,                    ,                              ,14,0,20190213 20:26:46,    0,         0,        40,65535,65535, 9999,2,                ,0000000,0, 0,         0,    0,0000000000000000000000000000000000000000,0000000000000000000000000000000000000000,         0,         0,         0,         0,1, 0, 0, 0,1158                          ,    0,        40,0,20190213 20:26:06,1395                          ,  101, 9999,  101,  101,    0,     0,     0
 ED5.2,1568                          ,3115                          ,                    ,1979      ,                ,  101,                    ,                              ,14,0,20190213 20:28:09,    0,         0,         5,65535,65535, 9999,2,                ,0000000,0, 0,         0,    0,0000000000000000000000000000000000000000,0000000000000000000000000000000000000000,         0,         0,         0,         0,1, 0, 0, 0,1568                          ,    0,         5,0,20190213 20:28:04,3115                          ,  101, 9999,  101,  101,    0,     0,     0
 ED5.2,1439                          ,1236                          ,                    ,1632      ,                ,  101,                    ,                              ,14,0,20190213 20:28:22,    0,         0,       146,65535,65535, 9999,2,                ,0000000,0, 0,         0,    0,0000000000000000000000000000000000000000,0000000000000000000000000000000000000000,         0,         0,         0,         0,1, 0, 0, 0,1439                          ,    0,       146,0,20190213 20:25:56,1236                          ,  101, 9999,  101,  101,    0,     0,     0
 ED5.2,1005                          ,1736                          ,                    ,1635      ,                ,  101,                    ,                              ,14,0,20190213 20:31:05,    0,         0,        23,65535,65535, 9999,2,                ,0000000,0, 0,         0,    0,0000000000000000000000000000000000000000,0000000000000000000000000000000000000000,         0,         0,         0,         0,1, 0, 0, 0,1005                          ,    0,        23,0,20190213 20:30:42,1736                          ,  101, 9999,  101,  101,    0,     0,     0
 ED5.2,3814                          ,1737                          ,                    ,1635      ,                ,  101,                    ,                              ,14,0,20190213 20:31:57,    0,         0,         7,65535,65535, 9999,2,                ,0000000,0, 0,         0,    0,0000000000000000000000000000000000000000,0000000000000000000000000000000000000000,         0,         0,         0,         0,1, 0, 0, 0,1039                          ,    0,         7,1,20190213 20:31:50,1737                          ,  101, 9999,  101,  101,    0,     0,     0
 ED5.2,7501175                       ,3337                          ,ESTEFANIA GUERRE    ,1949      ,                ,  101,                    ,                              , 0,2,20190213 20:32:15,    0,         0,       455,10867,   82,  101,2,                ,0010000,2, 1,         0,    0,1000000000000000000000000000000000000000,0000000000000000000000010000000000001000,         0,         0,         0,         0,1, 0, 0, 0,7501175                       ,    0,         0,0,20190213 20:24:40,3337                          , 9999, 9999, 9999,  101,32767,     0,     0
 ED5.2,6957034                       ,1063                          ,CLAUDIA ALEX ROM    ,1949      ,                ,  101,                    ,                              , 0,2,20190213 20:32:48,    0,         0,       292,10001,   11,  101,2,                ,0010000,2, 1,         0,    0,1000000000000000000000000000000000000000,0000000000000000000000010000000000001000,         0,         0,         0,         0,1, 0, 0, 0,6957034                       ,    0,         0,0,20190213 20:27:56,1063                          , 9999, 9999, 9999,  101,32767,     0,     0
 ED5.2,3008162                       ,1522                          ,YENIFER NARANJO     ,1529      ,                ,  101,                    ,                              , 0,2,20190213 20:37:49,    0,         0,       135,10001,   11,  101,2,                ,0010000,2, 1,         0,    0,1000000000000000000000000000000000000000,0000000000000000000000010000000000001000,         0,         0,         0,         0,1, 0, 0, 0,3008162                       ,    0,         0,0,20190213 20:35:34,1522                          , 9999, 9999, 9999,  101,32767,     0,     0
 ED5.2,6080467                       ,1420                          ,CAJA 21             ,1949      ,                ,  101,                    ,                              , 0,2,20190213 20:38:58,    0,         0,       122,10865,   82,  101,2,                ,0010000,2, 1,         0,    0,1000000000000000000000000000000000000000,0000000000000000000000010000000000001000,         0,         0,         0,         0,1, 0, 0, 0,6080467                       ,    0,         0,0,20190213 20:36:56,1420                          , 9999, 9999, 9999,  101,32767,     0,     0
 ED5.2,3818300                       ,FS082                         ,SIPsalida           ,          ,                ,  101,                    ,                              , 4,2,20190213 20:39:15,    0,         0,         3,10865,   82,  101,2,                ,0000000,2, 0,         0,    0,0000000000000000000000000000000000000000,0000000000000000000000010000000000000000,         0,         0,         0,         0,1, 0, 0, 0,A500                          ,    3,         0,0,20190213 20:39:12,                              , 9999, 9999, 9999, 9999,32767,     0,     0
 ED5.2,3944058                       ,3269                          ,OSCAR GIOVAN ALV    ,1979      ,                ,  101,                    ,                              , 0,2,20190213 20:39:26,    0,         0,       165,10002,   11,  101,2,                ,0010000,2, 1,         0,    0,1000000000000000000000000000000000000000,0000000000000000000000010000000000001000,         0,         0,         0,         0,1, 0, 0, 0,3944058                       ,    0,         0,0,20190213 20:36:41,3269                          , 9999, 9999, 9999,  101,32767,     0,     0
 ED5.2,1214                          ,1495                          ,                    ,1952      ,                ,  101,                    ,                              ,14,0,20190213 20:39:43,    0,         0,        74,65535,65535, 9999,2,                ,0000000,0, 0,         0,    0,0000000000000000000000000000000000000000,0000000000000000000000000000000000000000,         0,         0,         0,         0,1, 0, 0, 0,1214                          ,    0,        74,0,20190213 20:38:29,1495                          ,  101, 9999,  101,  101,    0,     0,     0
 ED5.2,1444                          ,1123                          ,                    ,1952      ,                ,  101,                    ,                              ,14,0,20190213 20:41:02,    0,         0,         0,65535,65535, 9999,2,                ,0000000,0, 0,         0,    0,0000000000000000000000000000000000000000,0000000000000000000000000000000000000000,         0,         0,         0,         0,1, 0, 0, 0,1444                          ,    0,         0,0,20190213 20:41:02,1123                          ,  101, 9999,  101,  101,    0,     0,     0
 ED5.2,1444                          ,2061                          ,                    ,4632      ,                ,  101,                    ,                              ,14,0,20190213 20:41:33,    0,         0,        53,65535,65535, 9999,2,                ,0000000,0, 0,         0,    0,0000000000000000000000000000000000000000,0000000000000000000000000000000000000000,         0,         0,         0,         0,1, 0, 0, 0,1444                          ,    0,        53,0,20190213 20:40:40,2061                          ,  101, 9999,  101,  101,    0,     0,     0
 ED5.2,4615720                       ,1495                          ,YESSICA PATR URR    ,1952      ,                ,  101,                    ,                              , 0,2,20190213 20:43:56,    0,         0,        68,10001,   11,  101,2,                ,0010000,2, 1,         0,    0,1000000000000000000000000000000000000000,0000000000000000000000010000000000001000,         0,         0,         0,         0,1, 0, 0, 0,4615720                       ,    0,         0,0,20190213 20:42:48,1495                          , 9999, 9999, 9999,  101,32767,     0,     0
 ED5.2,8143666                       ,1737                          ,RECEPCION TO ALI    ,1635      ,                ,  101,                    ,                              , 0,2,20190213 20:44:20,    0,         0,        16,10865,   82,  101,2,                ,0010000,2, 1,         0,    0,1000000000000000000000000000000000000000,0000000000000000000000010000000000001000,         0,         0,         0,         0,1, 0, 0, 0,8143666                       ,    0,         0,0,20190213 20:44:04,1737                          , 9999, 9999, 9999,  101,32767,     0,     0
 ED5.2,8143666                       ,1737                          ,RECEPCION TO ALI    ,1635      ,                ,  101,                    ,                              , 0,2,20190213 20:44:42,    0,         0,         0,10865,   82,  101,2,                ,0010000,2, 1,         0,    0,1000000000000000000000000000000000000000,0000000000000000000000010000000000001000,         0,         0,         0,         0,1, 0, 0, 0,8143666                       ,    0,         0,0,20190213 20:44:42,1737                          , 9999, 9999, 9999,  101,32767,     0,     0
 ED5.2,6604869                       ,1466                          ,NATHALY GONZALEZ    ,1638      ,                ,  101,                    ,                              , 0,2,20190213 20:44:49,    0,         0,        30,10001,   11,  101,2,                ,0010000,2, 1,         0,    0,1000000000000000000000000000000000000000,0000000000000000000000010000000000001000,         0,         0,         0,         0,1, 0, 0, 0,6604869                       ,    0,         0,0,20190213 20:44:19,1466                          , 9999, 9999, 9999,  101,32767,     0,     0
 ED5.2,8143666                       ,1737                          ,RECEPCION TO ALI    ,1635      ,                ,  101,                    ,                              , 0,2,20190213 20:44:57,    0,         0,         0,10001,   11,  101,2,                ,0010000,2, 1,         0,    0,1000000000000000000000000000000000000000,0000000000000000000000010000000000001000,         0,         0,         0,         0,1, 0, 0, 0,8143666                       ,    0,         0,0,20190213 20:44:57,1737                          , 9999, 9999, 9999,  101,32767,     0,     0
 ED5.2,1444                          ,2061                          ,                    ,4632      ,                ,  101,                    ,                              ,14,0,20190213 20:45:49,    0,         0,        43,65535,65535, 9999,2,                ,0000000,0, 0,         0,    0,0000000000000000000000000000000000000000,0000000000000000000000000000000000000000,         0,         0,         0,         0,1, 0, 0, 0,1444                          ,    0,        43,0,20190213 20:45:06,2061                          ,  101, 9999,  101,  101,    0,     0,     0
 ED5.2,663175002955                  ,FS020                         ,ETB                 ,          ,                ,  101,                    ,                              , 4,2,20190213 20:50:05,    0,         0,         0,  120,   20,  101,2,                ,0000000,2, 1,         0,    0,0000000000000000000000000000000000000000,0000000000000000000000010000000000000000,         0,         0,         0,         0,1, 0, 0, 0,A800                          ,    0,         0,0,20190213 20:50:05,                              , 9999, 9999, 9999, 9999,32767,     0,     0
 ED5.2,2061                          ,2093                          ,                    ,4632      ,                ,  101,                    ,                              ,14,0,20190213 20:50:10,    0,         0,        42,65535,65535, 9999,2,                ,0000000,0, 0,         0,    0,0000000000000000000000000000000000000000,0000000000000000000000000000000000000000,         0,         0,         0,         0,1, 0, 0, 0,2061                          ,    0,        42,0,20190213 20:49:28,2093                          ,  101, 9999,  101,  101,    0,     0,     0
 ED5.2,4615720                       ,1495                          ,YESSICA PATR URR    ,1952      ,                ,  101,                    ,                              , 0,2,20190213 20:53:11,    0,         0,        58,10002,   11,  101,2,                ,0010000,2, 1,         0,    0,1000000000000000000000000000000000000000,0000000000000000000000010000000000001000,         0,         0,         0,         0,1, 0, 0, 0,4615720                       ,    0,         0,0,20190213 20:52:13,1495                          , 9999, 9999, 9999,  101,32767,     0,     0
 ED5.2,2067                          ,2063                          ,                    ,4632      ,                ,  101,                    ,                              ,14,0,20190213 20:53:16,    0,         0,       248,65535,65535, 9999,2,                ,0000000,0, 0,         0,    0,0000000000000000000000000000000000000000,0000000000000000000000000000000000000000,         0,         0,         0,         0,1, 0, 0, 0,2067                          ,    0,       248,0,20190213 20:49:08,2063                          ,  101, 9999,  101,  101,    0,     0,     0
 ED5.2,1522                          ,1736                          ,                    ,1635      ,                ,  101,                    ,                              ,14,0,20190213 20:57:39,    0,         0,         7,65535,65535, 9999,2,                ,0000000,0, 0,         0,    0,0000000000000000000000000000000000000000,0000000000000000000000000000000000000000,         0,         0,         0,         0,1, 0, 0, 0,1522                          ,    0,         7,0,20190213 20:57:32,1736                          ,  101, 9999,  101,  101,    0,     0,     0
 ED5.2,8143666                       ,1737                          ,RECEPCION TO ALI    ,1635      ,                ,  101,                    ,                              , 0,2,20190213 20:59:07,    0,         0,       805,10001,   11,  101,2,                ,0010000,2, 1,         0,    0,1000000000000000000000000000000000000000,0000000000000000000000010000000000001000,         0,         0,         0,         0,1, 0, 0, 0,8143666                       ,    0,         0,0,20190213 20:45:42,1737                          , 9999, 9999, 9999,  101,32767,     0,     0
 ED5.2,1466                          ,1736                          ,                    ,1635      ,                ,  101,                    ,                              ,14,0,20190213 21:00:08,    0,         0,         7,65535,65535, 9999,2,                ,0000000,0, 0,         0,    0,0000000000000000000000000000000000000000,0000000000000000000000000000000000000000,         0,         0,         0,         0,1, 0, 0, 0,1466                          ,    0,         7,0,20190213 21:00:01,1736                          ,  101, 9999,  101,  101,    0,     0,     0
