 ED5.2,663142135069                  ,1304                          ,ANDRES FELIP YAG    ,1632      ,                ,  101,                    ,                              , 4,2,20181106 20:08:28,    0,         0,        47,  120,   20,  101,2,                ,0000000,2, 1,         0,    0,0000000000000000000000000000000000000000,0000000000000000000000010000000000000000,         0,         0,         0,         0,1, 0, 0, 0,A800                          ,   47,         0,1,20181106 20:07:41,                              , 9999, 9999, 9999, 9999,32767,     0,     0
 ED5.2,6604869                       ,1532                          ,ESTEPHANIA CARO     ,1632      ,                ,  101,                    ,                              , 0,2,20181106 20:08:31,    0,         0,        84, 1951,   11,  101,2,                ,0010000,2, 1,         0,    0,1000000000000000000000000000000000000000,0000000000000000000000010000000000001000,         0,         0,         0,         0,1, 0, 0, 0,6604869                       ,    0,         0,0,20181106 20:07:07,1532                          , 9999, 9999, 9999,  101,32767,     0,     0
 ED5.2,3463782                       ,1297                          ,JEIMY CAROLI ARI    ,1318      ,                ,  101,                    ,                              , 0,2,20181106 20:08:37,    0,         0,         0, 1951,   11,  101,2,                ,0010000,2, 1,         0,    0,1000000000000000000000000000000000000000,0000000000000000000000010000000000001000,         0,         0,         0,         0,1, 0, 0, 0,3463782                       ,    0,         0,0,20181106 20:08:37,1297                          , 9999, 9999, 9999,  101,32767,     0,     0
 ED5.2,1216                          ,1736                          ,                    ,1635      ,                ,  101,                    ,                              ,14,0,20181106 20:09:29,    0,         0,         0,65535,65535, 9999,2,                ,0000000,0, 0,         0,    0,0000000000000000000000000000000000000000,0000000000000000000000000000000000000000,         0,         0,         0,         0,1, 0, 0, 0,1216                          ,    0,         0,0,20181106 20:09:29,1736                          ,  101, 9999,  101,  101,    0,     0,     0
 ED5.2,1216                          ,1736                          ,                    ,1635      ,                ,  101,                    ,                              ,14,0,20181106 20:09:40,    0,         0,         0,65535,65535, 9999,2,                ,0000000,0, 0,         0,    0,0000000000000000000000000000000000000000,0000000000000000000000000000000000000000,         0,         0,         0,         0,1, 0, 0, 0,1216                          ,    0,         0,0,20181106 20:09:40,1736                          ,  101, 9999,  101,  101,    0,     0,     0
 ED5.2,1216                          ,1736                          ,                    ,1635      ,                ,  101,                    ,                              ,14,0,20181106 20:09:53,    0,         0,         0,65535,65535, 9999,2,                ,0000000,0, 0,         0,    0,0000000000000000000000000000000000000000,0000000000000000000000000000000000000000,         0,         0,         0,         0,1, 0, 0, 0,1216                          ,    0,         0,0,20181106 20:09:53,1736                          ,  101, 9999,  101,  101,    0,     0,     0
 ED5.2,3463782                       ,1297                          ,JEIMY CAROLI ARI    ,1318      ,                ,  101,                    ,                              , 0,2,20181106 20:09:59,    0,         0,        68, 1951,   11,  101,2,                ,0010000,2, 1,         0,    0,1000000000000000000000000000000000000000,0000000000000000000000010000000000001000,         0,         0,         0,         0,1, 0, 0, 0,3463782                       ,    0,         0,0,20181106 20:08:51,1297                          , 9999, 9999, 9999,  101,32767,     0,     0
 ED5.2,1216                          ,1736                          ,                    ,1635      ,                ,  101,                    ,                              ,14,0,20181106 20:10:08,    0,         0,         0,65535,65535, 9999,2,                ,0000000,0, 0,         0,    0,0000000000000000000000000000000000000000,0000000000000000000000000000000000000000,         0,         0,         0,         0,1, 0, 0, 0,1216                          ,    0,         0,0,20181106 20:10:08,1736                          ,  101, 9999,  101,  101,    0,     0,     0
 ED5.2,4023                          ,4031                          ,                    ,2952      ,                ,  101,                    ,                              ,14,0,20181106 20:10:44,    0,         0,        63,65535,65535, 9999,2,                ,0000000,0, 0,         0,    0,0000000000000000000000000000000000000000,0000000000000000000000000000000000000000,         0,         0,         0,         0,1, 0, 0, 0,4023                          ,    0,        63,0,20181106 20:09:41,4031                          ,  101, 9999,  101,  101,    0,     0,     0
 ED5.2,1216                          ,1736                          ,                    ,1635      ,                ,  101,                    ,                              ,14,0,20181106 20:10:55,    0,         0,         0,65535,65535, 9999,2,                ,0000000,0, 0,         0,    0,0000000000000000000000000000000000000000,0000000000000000000000000000000000000000,         0,         0,         0,         0,1, 0, 0, 0,1216                          ,    0,         0,0,20181106 20:10:55,1736                          ,  101, 9999,  101,  101,    0,     0,     0
 ED5.2,1216                          ,1736                          ,                    ,1635      ,                ,  101,                    ,                              ,14,0,20181106 20:11:07,    0,         0,         0,65535,65535, 9999,2,                ,0000000,0, 0,         0,    0,0000000000000000000000000000000000000000,0000000000000000000000000000000000000000,         0,         0,         0,         0,1, 0, 0, 0,1216                          ,    0,         0,0,20181106 20:11:07,1736                          ,  101, 9999,  101,  101,    0,     0,     0
 ED5.2,1216                          ,1736                          ,                    ,1635      ,                ,  101,                    ,                              ,14,0,20181106 20:11:23,    0,         0,         0,65535,65535, 9999,2,                ,0000000,0, 0,         0,    0,0000000000000000000000000000000000000000,0000000000000000000000000000000000000000,         0,         0,         0,         0,1, 0, 0, 0,1216                          ,    0,         0,0,20181106 20:11:23,1736                          ,  101, 9999,  101,  101,    0,     0,     0
 ED5.2,1214                          ,1736                          ,                    ,1635      ,                ,  101,                    ,                              ,14,0,20181106 20:11:23,    0,         0,         0,65535,65535, 9999,2,                ,0000000,0, 0,         0,    0,0000000000000000000000000000000000000000,0000000000000000000000000000000000000000,         0,         0,         0,         0,1, 0, 0, 0,1216                          ,    0,         0,1,20181106 20:11:23,1736                          ,  101, 9999,  101,  101,    0,     0,     0
 ED5.2,1216                          ,1736                          ,                    ,1635      ,                ,  101,                    ,                              ,14,0,20181106 20:11:34,    0,         0,         0,65535,65535, 9999,2,                ,0000000,0, 0,         0,    0,0000000000000000000000000000000000000000,0000000000000000000000000000000000000000,         0,         0,         0,         0,1, 0, 0, 0,1216                          ,    0,         0,0,20181106 20:11:34,1736                          ,  101, 9999,  101,  101,    0,     0,     0
 ED5.2,663142135069                  ,1304                          ,ANDRES FELIP YAG    ,1632      ,                ,  101,                    ,                              , 4,2,20181106 20:11:36,    0,         0,       112,  120,   20,  101,2,                ,0000000,2, 1,         0,    0,0000000000000000000000000000000000000000,0000000000000000000000010000000000000000,         0,         0,         0,         0,1, 0, 0, 0,A800                          ,    6,       106,0,20181106 20:09:44,                              , 9999, 9999, 9999, 9999,32767,     0,     0
 ED5.2,1216                          ,1736                          ,                    ,1635      ,                ,  101,                    ,                              ,14,0,20181106 20:11:46,    0,         0,         0,65535,65535, 9999,2,                ,0000000,0, 0,         0,    0,0000000000000000000000000000000000000000,0000000000000000000000000000000000000000,         0,         0,         0,         0,1, 0, 0, 0,1216                          ,    0,         0,0,20181106 20:11:46,1736                          ,  101, 9999,  101,  101,    0,     0,     0
 ED5.2,1216                          ,1736                          ,                    ,1635      ,                ,  101,                    ,                              ,14,0,20181106 20:11:57,    0,         0,         0,65535,65535, 9999,2,                ,0000000,0, 0,         0,    0,0000000000000000000000000000000000000000,0000000000000000000000000000000000000000,         0,         0,         0,         0,1, 0, 0, 0,1216                          ,    0,         0,0,20181106 20:11:57,1736                          ,  101, 9999,  101,  101,    0,     0,     0
 ED5.2,1216                          ,1736                          ,                    ,1635      ,                ,  101,                    ,                              ,14,0,20181106 20:12:20,    0,         0,         0,65535,65535, 9999,2,                ,0000000,0, 0,         0,    0,0000000000000000000000000000000000000000,0000000000000000000000000000000000000000,         0,         0,         0,         0,1, 0, 0, 0,1216                          ,    0,         0,0,20181106 20:12:20,1736                          ,  101, 9999,  101,  101,    0,     0,     0
 ED5.2,1216                          ,1736                          ,                    ,1635      ,                ,  101,                    ,                              ,14,0,20181106 20:12:27,    0,         0,         0,65535,65535, 9999,2,                ,0000000,0, 0,         0,    0,0000000000000000000000000000000000000000,0000000000000000000000000000000000000000,         0,         0,         0,         0,1, 0, 0, 0,1216                          ,    0,         0,0,20181106 20:12:27,1736                          ,  101, 9999,  101,  101,    0,     0,     0
 ED5.2,1216                          ,1736                          ,                    ,1635      ,                ,  101,                    ,                              ,14,0,20181106 20:12:38,    0,         0,         0,65535,65535, 9999,2,                ,0000000,0, 0,         0,    0,0000000000000000000000000000000000000000,0000000000000000000000000000000000000000,         0,         0,         0,         0,1, 0, 0, 0,1216                          ,    0,         0,0,20181106 20:12:38,1736                          ,  101, 9999,  101,  101,    0,     0,     0
 ED5.2,1216                          ,1736                          ,                    ,1635      ,                ,  101,                    ,                              ,14,0,20181106 20:12:50,    0,         0,         0,65535,65535, 9999,2,                ,0000000,0, 0,         0,    0,0000000000000000000000000000000000000000,0000000000000000000000000000000000000000,         0,         0,         0,         0,1, 0, 0, 0,1216                          ,    0,         0,0,20181106 20:12:50,1736                          ,  101, 9999,  101,  101,    0,     0,     0
 ED5.2,1216                          ,1736                          ,                    ,1635      ,                ,  101,                    ,                              ,14,0,20181106 20:13:03,    0,         0,         0,65535,65535, 9999,2,                ,0000000,0, 0,         0,    0,0000000000000000000000000000000000000000,0000000000000000000000000000000000000000,         0,         0,         0,         0,1, 0, 0, 0,1216                          ,    0,         0,0,20181106 20:13:03,1736                          ,  101, 9999,  101,  101,    0,     0,     0
 ED5.2,663142135069                  ,FS020                         ,ETB                 ,          ,                ,  101,                    ,                              , 4,2,20181106 20:13:12,    0,         0,         4,  120,   20,  101,2,                ,0000000,2, 1,         0,    0,0000000000000000000000000000000000000000,0000000000000000000000010000000000000000,         0,         0,         0,         0,1, 0, 0, 0,A800                          ,    5,         0,0,20181106 20:13:08,                              , 9999, 9999, 9999, 9999,32767,     0,     0
 ED5.2,1216                          ,1736                          ,                    ,1635      ,                ,  101,                    ,                              ,14,0,20181106 20:13:16,    0,         0,         0,65535,65535, 9999,2,                ,0000000,0, 0,         0,    0,0000000000000000000000000000000000000000,0000000000000000000000000000000000000000,         0,         0,         0,         0,1, 0, 0, 0,1216                          ,    0,         0,0,20181106 20:13:16,1736                          ,  101, 9999,  101,  101,    0,     0,     0
 ED5.2,1216                          ,1736                          ,                    ,1635      ,                ,  101,                    ,                              ,14,0,20181106 20:13:28,    0,         0,         0,65535,65535, 9999,2,                ,0000000,0, 0,         0,    0,0000000000000000000000000000000000000000,0000000000000000000000000000000000000000,         0,         0,         0,         0,1, 0, 0, 0,1216                          ,    0,         0,0,20181106 20:13:28,1736                          ,  101, 9999,  101,  101,    0,     0,     0
 ED5.2,1216                          ,1736                          ,                    ,1635      ,                ,  101,                    ,                              ,14,0,20181106 20:13:35,    0,         0,         0,65535,65535, 9999,2,                ,0000000,0, 0,         0,    0,0000000000000000000000000000000000000000,0000000000000000000000000000000000000000,         0,         0,         0,         0,1, 0, 0, 0,1216                          ,    0,         0,0,20181106 20:13:35,1736                          ,  101, 9999,  101,  101,    0,     0,     0
 ED5.2,1216                          ,1736                          ,                    ,1635      ,                ,  101,                    ,                              ,14,0,20181106 20:13:47,    0,         0,         0,65535,65535, 9999,2,                ,0000000,0, 0,         0,    0,0000000000000000000000000000000000000000,0000000000000000000000000000000000000000,         0,         0,         0,         0,1, 0, 0, 0,1216                          ,    0,         0,0,20181106 20:13:47,1736                          ,  101, 9999,  101,  101,    0,     0,     0
 ED5.2,1216                          ,1736                          ,                    ,1635      ,                ,  101,                    ,                              ,14,0,20181106 20:14:00,    0,         0,         0,65535,65535, 9999,2,                ,0000000,0, 0,         0,    0,0000000000000000000000000000000000000000,0000000000000000000000000000000000000000,         0,         0,         0,         0,1, 0, 0, 0,1216                          ,    0,         0,0,20181106 20:14:00,1736                          ,  101, 9999,  101,  101,    0,     0,     0
 ED5.2,3228                          ,3136                          ,                    ,1672      ,                ,  101,                    ,                              ,14,0,20181106 20:14:04,    0,         0,        33,65535,65535, 9999,2,                ,0000000,0, 0,         0,    0,0000000000000000000000000000000000000000,0000000000000000000000000000000000000000,         0,         0,         0,         0,1, 0, 0, 0,3228                          ,    0,        33,0,20181106 20:13:31,3136                          ,  101, 9999,  101,  101,    0,     0,     0
 ED5.2,1216                          ,1736                          ,                    ,1635      ,                ,  101,                    ,                              ,14,0,20181106 20:14:11,    0,         0,         0,65535,65535, 9999,2,                ,0000000,0, 0,         0,    0,0000000000000000000000000000000000000000,0000000000000000000000000000000000000000,         0,         0,         0,         0,1, 0, 0, 0,1216                          ,    0,         0,0,20181106 20:14:11,1736                          ,  101, 9999,  101,  101,    0,     0,     0
 ED5.2,1216                          ,1736                          ,                    ,1635      ,                ,  101,                    ,                              ,14,0,20181106 20:14:23,    0,         0,         0,65535,65535, 9999,2,                ,0000000,0, 0,         0,    0,0000000000000000000000000000000000000000,0000000000000000000000000000000000000000,         0,         0,         0,         0,1, 0, 0, 0,1216                          ,    0,         0,0,20181106 20:14:23,1736                          ,  101, 9999,  101,  101,    0,     0,     0
 ED5.2,663142135069                  ,1304                          ,ANDRES FELIP YAG    ,1632      ,                ,  101,                    ,                              , 4,2,20181106 20:14:57,    0,         0,        95,  120,   20,  101,2,                ,0000000,2, 1,         0,    0,0000000000000000000000000000000000000000,0000000000000000000000010000000000000000,         0,         0,         0,         0,1, 0, 0, 0,A800                          ,   21,        74,0,20181106 20:13:22,                              , 9999, 9999, 9999, 9999,32767,     0,     0
 ED5.2,3139844                       ,4815                          ,                    ,          ,                ,  101,                    ,                              , 7,2,20181106 20:16:19,    0,         0,     39813, 2839,   82,  101,2,                ,0010000,2, 1,         0,    0,1000000000000000000000000000000000000000,0000000000000000000000010000000000001000,         0,         0,         0,         0,1, 0, 0, 0,3139844                       ,    0,         0,0,20181106 09:12:46,                              , 9999, 9999, 9999, 9999,32767,     0,     0
 ED5.2,1216                          ,1736                          ,                    ,1635      ,                ,  101,                    ,                              ,14,0,20181106 20:17:33,    0,         0,         0,65535,65535, 9999,2,                ,0000000,0, 0,         0,    0,0000000000000000000000000000000000000000,0000000000000000000000000000000000000000,         0,         0,         0,         0,1, 0, 0, 0,1216                          ,    0,         0,0,20181106 20:17:33,1736                          ,  101, 9999,  101,  101,    0,     0,     0
 ED5.2,1214                          ,1736                          ,                    ,1635      ,                ,  101,                    ,                              ,14,0,20181106 20:17:34,    0,         0,         0,65535,65535, 9999,2,                ,0000000,0, 0,         0,    0,0000000000000000000000000000000000000000,0000000000000000000000000000000000000000,         0,         0,         0,         0,1, 0, 0, 0,1216                          ,    0,         0,1,20181106 20:17:34,1736                          ,  101, 9999,  101,  101,    0,     0,     0
 ED5.2,1216                          ,1736                          ,                    ,1635      ,                ,  101,                    ,                              ,14,0,20181106 20:17:41,    0,         0,         0,65535,65535, 9999,2,                ,0000000,0, 0,         0,    0,0000000000000000000000000000000000000000,0000000000000000000000000000000000000000,         0,         0,         0,         0,1, 0, 0, 0,1216                          ,    0,         0,0,20181106 20:17:41,1736                          ,  101, 9999,  101,  101,    0,     0,     0
 ED5.2,1216                          ,1736                          ,                    ,1635      ,                ,  101,                    ,                              ,14,0,20181106 20:18:37,    0,         0,         0,65535,65535, 9999,2,                ,0000000,0, 0,         0,    0,0000000000000000000000000000000000000000,0000000000000000000000000000000000000000,         0,         0,         0,         0,1, 0, 0, 0,1216                          ,    0,         0,0,20181106 20:18:37,1736                          ,  101, 9999,  101,  101,    0,     0,     0
 ED5.2,1214                          ,1736                          ,                    ,1635      ,                ,  101,                    ,                              ,14,0,20181106 20:18:38,    0,         0,         0,65535,65535, 9999,2,                ,0000000,0, 0,         0,    0,0000000000000000000000000000000000000000,0000000000000000000000000000000000000000,         0,         0,         0,         0,1, 0, 0, 0,1216                          ,    0,         0,1,20181106 20:18:38,1736                          ,  101, 9999,  101,  101,    0,     0,     0
 ED5.2,1216                          ,1736                          ,                    ,1635      ,                ,  101,                    ,                              ,14,0,20181106 20:18:49,    0,         0,         0,65535,65535, 9999,2,                ,0000000,0, 0,         0,    0,0000000000000000000000000000000000000000,0000000000000000000000000000000000000000,         0,         0,         0,         0,1, 0, 0, 0,1216                          ,    0,         0,0,20181106 20:18:49,1736                          ,  101, 9999,  101,  101,    0,     0,     0
 ED5.2,1216                          ,1736                          ,                    ,1635      ,                ,  101,                    ,                              ,14,0,20181106 20:19:01,    0,         0,         0,65535,65535, 9999,2,                ,0000000,0, 0,         0,    0,0000000000000000000000000000000000000000,0000000000000000000000000000000000000000,         0,         0,         0,         0,1, 0, 0, 0,1216                          ,    0,         0,0,20181106 20:19:01,1736                          ,  101, 9999,  101,  101,    0,     0,     0
 ED5.2,1216                          ,1736                          ,                    ,1635      ,                ,  101,                    ,                              ,14,0,20181106 20:19:12,    0,         0,         0,65535,65535, 9999,2,                ,0000000,0, 0,         0,    0,0000000000000000000000000000000000000000,0000000000000000000000000000000000000000,         0,         0,         0,         0,1, 0, 0, 0,1216                          ,    0,         0,0,20181106 20:19:12,1736                          ,  101, 9999,  101,  101,    0,     0,     0
 ED5.2,1216                          ,1736                          ,                    ,1635      ,                ,  101,                    ,                              ,14,0,20181106 20:19:23,    0,         0,         0,65535,65535, 9999,2,                ,0000000,0, 0,         0,    0,0000000000000000000000000000000000000000,0000000000000000000000000000000000000000,         0,         0,         0,         0,1, 0, 0, 0,1216                          ,    0,         0,0,20181106 20:19:23,1736                          ,  101, 9999,  101,  101,    0,     0,     0
 ED5.2,1216                          ,1736                          ,                    ,1635      ,                ,  101,                    ,                              ,14,0,20181106 20:19:32,    0,         0,         0,65535,65535, 9999,2,                ,0000000,0, 0,         0,    0,0000000000000000000000000000000000000000,0000000000000000000000000000000000000000,         0,         0,         0,         0,1, 0, 0, 0,1216                          ,    0,         0,0,20181106 20:19:32,1736                          ,  101, 9999,  101,  101,    0,     0,     0
 ED5.2,1216                          ,1736                          ,                    ,1635      ,                ,  101,                    ,                              ,14,0,20181106 20:19:39,    0,         0,         0,65535,65535, 9999,2,                ,0000000,0, 0,         0,    0,0000000000000000000000000000000000000000,0000000000000000000000000000000000000000,         0,         0,         0,         0,1, 0, 0, 0,1216                          ,    0,         0,0,20181106 20:19:39,1736                          ,  101, 9999,  101,  101,    0,     0,     0
 ED5.2,1339                          ,3269                          ,                    ,1979      ,                ,  101,                    ,                              ,14,0,20181106 20:19:40,    0,         0,        30,65535,65535, 9999,2,                ,0000000,0, 0,         0,    0,0000000000000000000000000000000000000000,0000000000000000000000000000000000000000,         0,         0,         0,         0,1, 0, 0, 0,1339                          ,    0,        30,0,20181106 20:19:10,3269                          ,  101, 9999,  101,  101,    0,     0,     0
 ED5.2,9064305                       ,1447                          ,RUBY ELSA ALFONS    ,1632      ,                ,  101,                    ,                              , 0,2,20181106 20:20:12,    0,         0,        96, 1951,   11,  101,2,                ,0010000,2, 1,         0,    0,1000000000000000000000000000000000000000,0000000000000000000000010000000000001000,         0,         0,         0,         0,1, 0, 0, 0,9064305                       ,    0,         0,0,20181106 20:18:36,1447                          , 9999, 9999, 9999,  101,32767,     0,     0
 ED5.2,1216                          ,1736                          ,                    ,1635      ,                ,  101,                    ,                              ,14,0,20181106 20:20:37,    0,         0,         0,65535,65535, 9999,2,                ,0000000,0, 0,         0,    0,0000000000000000000000000000000000000000,0000000000000000000000000000000000000000,         0,         0,         0,         0,1, 0, 0, 0,1216                          ,    0,         0,0,20181106 20:20:37,1736                          ,  101, 9999,  101,  101,    0,     0,     0
 ED5.2,1214                          ,1736                          ,                    ,1635      ,                ,  101,                    ,                              ,14,0,20181106 20:20:38,    0,         0,         0,65535,65535, 9999,2,                ,0000000,0, 0,         0,    0,0000000000000000000000000000000000000000,0000000000000000000000000000000000000000,         0,         0,         0,         0,1, 0, 0, 0,1216                          ,    0,         0,1,20181106 20:20:38,1736                          ,  101, 9999,  101,  101,    0,     0,     0
 ED5.2,1216                          ,1736                          ,                    ,1635      ,                ,  101,                    ,                              ,14,0,20181106 20:20:49,    0,         0,         0,65535,65535, 9999,2,                ,0000000,0, 0,         0,    0,0000000000000000000000000000000000000000,0000000000000000000000000000000000000000,         0,         0,         0,         0,1, 0, 0, 0,1216                          ,    0,         0,0,20181106 20:20:49,1736                          ,  101, 9999,  101,  101,    0,     0,     0
 ED5.2,1216                          ,1736                          ,                    ,1635      ,                ,  101,                    ,                              ,14,0,20181106 20:21:00,    0,         0,         0,65535,65535, 9999,2,                ,0000000,0, 0,         0,    0,0000000000000000000000000000000000000000,0000000000000000000000000000000000000000,         0,         0,         0,         0,1, 0, 0, 0,1216                          ,    0,         0,0,20181106 20:21:00,1736                          ,  101, 9999,  101,  101,    0,     0,     0
 ED5.2,1216                          ,1736                          ,                    ,1635      ,                ,  101,                    ,                              ,14,0,20181106 20:21:16,    0,         0,         0,65535,65535, 9999,2,                ,0000000,0, 0,         0,    0,0000000000000000000000000000000000000000,0000000000000000000000000000000000000000,         0,         0,         0,         0,1, 0, 0, 0,1216                          ,    0,         0,0,20181106 20:21:16,1736                          ,  101, 9999,  101,  101,    0,     0,     0
 ED5.2,1214                          ,1736                          ,                    ,1635      ,                ,  101,                    ,                              ,14,0,20181106 20:21:17,    0,         0,         0,65535,65535, 9999,2,                ,0000000,0, 0,         0,    0,0000000000000000000000000000000000000000,0000000000000000000000000000000000000000,         0,         0,         0,         0,1, 0, 0, 0,1216                          ,    0,         0,1,20181106 20:21:17,1736                          ,  101, 9999,  101,  101,    0,     0,     0
 ED5.2,1216                          ,1736                          ,                    ,1635      ,                ,  101,                    ,                              ,14,0,20181106 20:21:28,    0,         0,         0,65535,65535, 9999,2,                ,0000000,0, 0,         0,    0,0000000000000000000000000000000000000000,0000000000000000000000000000000000000000,         0,         0,         0,         0,1, 0, 0, 0,1216                          ,    0,         0,0,20181106 20:21:28,1736                          ,  101, 9999,  101,  101,    0,     0,     0
 ED5.2,1216                          ,1736                          ,                    ,1635      ,                ,  101,                    ,                              ,14,0,20181106 20:21:57,    0,         0,         0,65535,65535, 9999,2,                ,0000000,0, 0,         0,    0,0000000000000000000000000000000000000000,0000000000000000000000000000000000000000,         0,         0,         0,         0,1, 0, 0, 0,1216                          ,    0,         0,0,20181106 20:21:57,1736                          ,  101, 9999,  101,  101,    0,     0,     0
 ED5.2,1214                          ,1736                          ,                    ,1635      ,                ,  101,                    ,                              ,14,0,20181106 20:21:58,    0,         0,         0,65535,65535, 9999,2,                ,0000000,0, 0,         0,    0,0000000000000000000000000000000000000000,0000000000000000000000000000000000000000,         0,         0,         0,         0,1, 0, 0, 0,1216                          ,    0,         0,1,20181106 20:21:58,1736                          ,  101, 9999,  101,  101,    0,     0,     0
 ED5.2,1216                          ,1736                          ,                    ,1635      ,                ,  101,                    ,                              ,14,0,20181106 20:22:08,    0,         0,         0,65535,65535, 9999,2,                ,0000000,0, 0,         0,    0,0000000000000000000000000000000000000000,0000000000000000000000000000000000000000,         0,         0,         0,         0,1, 0, 0, 0,1216                          ,    0,         0,0,20181106 20:22:08,1736                          ,  101, 9999,  101,  101,    0,     0,     0
 ED5.2,1216                          ,1736                          ,                    ,1635      ,                ,  101,                    ,                              ,14,0,20181106 20:22:18,    0,         0,         0,65535,65535, 9999,2,                ,0000000,0, 0,         0,    0,0000000000000000000000000000000000000000,0000000000000000000000000000000000000000,         0,         0,         0,         0,1, 0, 0, 0,1216                          ,    0,         0,0,20181106 20:22:18,1736                          ,  101, 9999,  101,  101,    0,     0,     0
 ED5.2,1216                          ,1736                          ,                    ,1635      ,                ,  101,                    ,                              ,14,0,20181106 20:22:25,    0,         0,         0,65535,65535, 9999,2,                ,0000000,0, 0,         0,    0,0000000000000000000000000000000000000000,0000000000000000000000000000000000000000,         0,         0,         0,         0,1, 0, 0, 0,1216                          ,    0,         0,0,20181106 20:22:25,1736                          ,  101, 9999,  101,  101,    0,     0,     0
 ED5.2,1216                          ,1736                          ,                    ,1635      ,                ,  101,                    ,                              ,14,0,20181106 20:22:31,    0,         0,         0,65535,65535, 9999,2,                ,0000000,0, 0,         0,    0,0000000000000000000000000000000000000000,0000000000000000000000000000000000000000,         0,         0,         0,         0,1, 0, 0, 0,1216                          ,    0,         0,0,20181106 20:22:31,1736                          ,  101, 9999,  101,  101,    0,     0,     0
 ED5.2,1306                          ,1737                          ,                    ,1635      ,                ,  101,                    ,                              ,14,0,20181106 20:24:20,    0,         0,         0,65535,65535, 9999,2,                ,0000000,0, 0,         0,    0,0000000000000000000000000000000000000000,0000000000000000000000000000000000000000,         0,         0,         0,         0,1, 0, 0, 0,1306                          ,    0,         0,0,20181106 20:24:20,1737                          ,  101, 9999,  101,  101,    0,     0,     0
 ED5.2,3128046717                    ,1736                          ,RECEPCION 2 MORA    ,1635      ,                ,  101,                    ,                              , 0,2,20181106 20:24:26,    0,         0,        45, 2299,   66,  101,2,                ,0010000,2, 1,         0,    0,1000000000000000000000000000000000000000,0000000000000000000000010000000000001000,         0,         0,         0,         0,1, 0, 0, 0,033128046717                  ,    0,         0,0,20181106 20:23:41,1736                          , 9999, 9999, 9999,  101,32767,     0,     0
 ED5.2,1425                          ,1737                          ,                    ,1635      ,                ,  101,                    ,                              ,14,0,20181106 20:24:26,    0,         0,         0,65535,65535, 9999,2,                ,0000000,0, 0,         0,    0,0000000000000000000000000000000000000000,0000000000000000000000000000000000000000,         0,         0,         0,         0,1, 0, 0, 0,1306                          ,    0,         0,1,20181106 20:24:26,1737                          ,  101, 9999,  101,  101,    0,     0,     0
 ED5.2,1217                          ,1736                          ,                    ,1635      ,                ,  101,                    ,                              ,14,0,20181106 20:24:42,    0,         0,         0,65535,65535, 9999,2,                ,0000000,0, 0,         0,    0,0000000000000000000000000000000000000000,0000000000000000000000000000000000000000,         0,         0,         0,         0,1, 0, 0, 0,1217                          ,    0,         0,0,20181106 20:24:42,1736                          ,  101, 9999,  101,  101,    0,     0,     0
 ED5.2,1322                          ,1736                          ,                    ,1635      ,                ,  101,                    ,                              ,14,0,20181106 20:24:45,    0,         0,         0,65535,65535, 9999,2,                ,0000000,0, 0,         0,    0,0000000000000000000000000000000000000000,0000000000000000000000000000000000000000,         0,         0,         0,         0,1, 0, 0, 0,1217                          ,    0,         0,1,20181106 20:24:45,1736                          ,  101, 9999,  101,  101,    0,     0,     0
 ED5.2,1306                          ,1737                          ,                    ,1635      ,                ,  101,                    ,                              ,14,0,20181106 20:24:46,    0,         0,         0,65535,65535, 9999,2,                ,0000000,0, 0,         0,    0,0000000000000000000000000000000000000000,0000000000000000000000000000000000000000,         0,         0,         0,         0,1, 0, 0, 0,1306                          ,    0,         0,0,20181106 20:24:46,1737                          ,  101, 9999,  101,  101,    0,     0,     0
 ED5.2,1425                          ,1737                          ,                    ,1635      ,                ,  101,                    ,                              ,14,0,20181106 20:25:04,    0,         0,         0,65535,65535, 9999,2,                ,0000000,0, 0,         0,    0,0000000000000000000000000000000000000000,0000000000000000000000000000000000000000,         0,         0,         0,         0,1, 0, 0, 0,1306                          ,    0,         0,1,20181106 20:25:04,1737                          ,  101, 9999,  101,  101,    0,     0,     0
 ED5.2,1306                          ,1737                          ,                    ,1635      ,                ,  101,                    ,                              ,14,0,20181106 20:25:23,    0,         0,         0,65535,65535, 9999,2,                ,0000000,0, 0,         0,    0,0000000000000000000000000000000000000000,0000000000000000000000000000000000000000,         0,         0,         0,         0,1, 0, 0, 0,1306                          ,    0,         0,0,20181106 20:25:23,1737                          ,  101, 9999,  101,  101,    0,     0,     0
 ED5.2,1425                          ,1737                          ,                    ,1635      ,                ,  101,                    ,                              ,14,0,20181106 20:26:06,    0,         0,         0,65535,65535, 9999,2,                ,0000000,0, 0,         0,    0,0000000000000000000000000000000000000000,0000000000000000000000000000000000000000,         0,         0,         0,         0,1, 0, 0, 0,1306                          ,    0,         0,1,20181106 20:26:06,1737                          ,  101, 9999,  101,  101,    0,     0,     0
 ED5.2,1306                          ,1737                          ,                    ,1635      ,                ,  101,                    ,                              ,14,0,20181106 20:26:25,    0,         0,         0,65535,65535, 9999,2,                ,0000000,0, 0,         0,    0,0000000000000000000000000000000000000000,0000000000000000000000000000000000000000,         0,         0,         0,         0,1, 0, 0, 0,1306                          ,    0,         0,0,20181106 20:26:25,1737                          ,  101, 9999,  101,  101,    0,     0,     0
 ED5.2,1216                          ,1736                          ,                    ,1635      ,                ,  101,                    ,                              ,14,0,20181106 20:26:49,    0,         0,         0,65535,65535, 9999,2,                ,0000000,0, 0,         0,    0,0000000000000000000000000000000000000000,0000000000000000000000000000000000000000,         0,         0,         0,         0,1, 0, 0, 0,1216                          ,    0,         0,0,20181106 20:26:49,1736                          ,  101, 9999,  101,  101,    0,     0,     0
 ED5.2,1425                          ,1737                          ,                    ,1635      ,                ,  101,                    ,                              ,14,0,20181106 20:27:02,    0,         0,         0,65535,65535, 9999,2,                ,0000000,0, 0,         0,    0,0000000000000000000000000000000000000000,0000000000000000000000000000000000000000,         0,         0,         0,         0,1, 0, 0, 0,1306                          ,    0,         0,1,20181106 20:27:02,1737                          ,  101, 9999,  101,  101,    0,     0,     0
 ED5.2,1306                          ,1737                          ,                    ,1635      ,                ,  101,                    ,                              ,14,0,20181106 20:27:20,    0,         0,         0,65535,65535, 9999,2,                ,0000000,0, 0,         0,    0,0000000000000000000000000000000000000000,0000000000000000000000000000000000000000,         0,         0,         0,         0,1, 0, 0, 0,1306                          ,    0,         0,0,20181106 20:27:20,1737                          ,  101, 9999,  101,  101,    0,     0,     0
 ED5.2,1425                          ,1737                          ,                    ,1635      ,                ,  101,                    ,                              ,14,0,20181106 20:27:24,    0,         0,         0,65535,65535, 9999,2,                ,0000000,0, 0,         0,    0,0000000000000000000000000000000000000000,0000000000000000000000000000000000000000,         0,         0,         0,         0,1, 0, 0, 0,1306                          ,    0,         0,1,20181106 20:27:24,1737                          ,  101, 9999,  101,  101,    0,     0,     0
 ED5.2,1867                          ,1736                          ,                    ,1635      ,                ,  101,                    ,                              ,14,0,20181106 20:27:28,    0,         0,         0,65535,65535, 9999,2,                ,0000000,0, 0,         0,    0,0000000000000000000000000000000000000000,0000000000000000000000000000000000000000,         0,         0,         0,         0,1, 0, 0, 0,1867                          ,    0,         0,0,20181106 20:27:28,1736                          ,  101, 9999,  101,  101,    0,     0,     0
 ED5.2,1217                          ,1736                          ,                    ,1635      ,                ,  101,                    ,                              ,14,0,20181106 20:27:39,    0,         0,         0,65535,65535, 9999,2,                ,0000000,0, 0,         0,    0,0000000000000000000000000000000000000000,0000000000000000000000000000000000000000,         0,         0,         0,         0,1, 0, 0, 0,1867                          ,    0,         0,1,20181106 20:27:39,1736                          ,  101, 9999,  101,  101,    0,     0,     0
 ED5.2,1206                          ,1737                          ,                    ,1635      ,                ,  101,                    ,                              ,14,0,20181106 20:27:45,    0,         0,         0,65535,65535, 9999,2,                ,0000000,0, 0,         0,    0,0000000000000000000000000000000000000000,0000000000000000000000000000000000000000,         0,         0,         0,         0,1, 0, 0, 0,1206                          ,    0,         0,0,20181106 20:27:45,1737                          ,  101, 9999,  101,  101,    0,     0,     0
 ED5.2,1306                          ,1737                          ,                    ,1635      ,                ,  101,                    ,                              ,14,0,20181106 20:28:06,    0,         0,         0,65535,65535, 9999,2,                ,0000000,0, 0,         0,    0,0000000000000000000000000000000000000000,0000000000000000000000000000000000000000,         0,         0,         0,         0,1, 0, 0, 0,1306                          ,    0,         0,0,20181106 20:28:06,1737                          ,  101, 9999,  101,  101,    0,     0,     0
 ED5.2,7493925                       ,1150                          ,LINA VANESA GALI    ,1952      ,                ,  101,                    ,                              , 0,2,20181106 20:28:16,    0,         0,       288, 1951,   11,  101,2,                ,0010000,2, 1,         0,    0,1000000000000000000000000000000000000000,0000000000000000000000010000000000001000,         0,         0,         0,         0,1, 0, 0, 0,7493925                       ,    0,         0,0,20181106 20:23:28,1150                          , 9999, 9999, 9999,  101,32767,     0,     0
 ED5.2,663142135069                  ,1304                          ,ANDRES FELIP YAG    ,1632      ,                ,  101,                    ,                              , 4,2,20181106 20:28:24,    0,         0,       744,  120,   20,  101,2,                ,0000000,2, 1,         0,    0,0000000000000000000000000000000000000000,0000000000000000000000010000000000000000,         0,         0,         0,         0,1, 0, 0, 0,A800                          ,    6,       738,0,20181106 20:16:00,                              , 9999, 9999, 9999, 9999,32767,     0,     0
 ED5.2,1425                          ,1737                          ,                    ,1635      ,                ,  101,                    ,                              ,14,0,20181106 20:29:13,    0,         0,         0,65535,65535, 9999,2,                ,0000000,0, 0,         0,    0,0000000000000000000000000000000000000000,0000000000000000000000000000000000000000,         0,         0,         0,         0,1, 0, 0, 0,1306                          ,    0,         0,1,20181106 20:29:13,1737                          ,  101, 9999,  101,  101,    0,     0,     0
 ED5.2,074910820                     ,4003                          ,JUDY FRANCEL JAR    ,2952      ,                ,  101,                    ,                              , 4,2,20181106 20:29:26,    0,         0,       847, 2395,   15,  101,2,                ,0000000,2, 0,         0,    0,0000000000000000000000000000000000000000,0000000000000000000000010000000000000000,         0,         0,         0,         0,1, 0, 0, 0,A800                          ,   46,       802,0,20181106 20:15:19,                              , 9999, 9999, 9999, 9999,32767,     0,     0
 ED5.2,1736                          ,1216                          ,                    ,1952      ,                ,  101,                    ,                              ,14,0,20181106 20:31:37,    0,         0,         2,65535,65535, 9999,2,                ,0000000,0, 0,         0,    0,0000000000000000000000000000000000000000,0000000000000000000000000000000000000000,         0,         0,         0,         0,1, 0, 0, 0,1736                          ,    0,         2,0,20181106 20:31:35,1216                          ,  101, 9999,  101,  101,    0,     0,     0
 ED5.2,1867                          ,1736                          ,                    ,1635      ,                ,  101,                    ,                              ,14,0,20181106 20:32:15,    0,         0,         0,65535,65535, 9999,2,                ,0000000,0, 0,         0,    0,0000000000000000000000000000000000000000,0000000000000000000000000000000000000000,         0,         0,         0,         0,1, 0, 0, 0,1867                          ,    0,         0,0,20181106 20:32:15,1736                          ,  101, 9999,  101,  101,    0,     0,     0
 ED5.2,1216                          ,1736                          ,                    ,1635      ,                ,  101,                    ,                              ,14,0,20181106 20:32:33,    0,         0,        16,65535,65535, 9999,2,                ,0000000,0, 0,         0,    0,0000000000000000000000000000000000000000,0000000000000000000000000000000000000000,         0,         0,         0,         0,1, 0, 0, 0,1216                          ,    0,        16,0,20181106 20:32:17,1736                          ,  101, 9999,  101,  101,    0,     0,     0
 ED5.2,0724851121                    ,FS065                         ,Fidu-Cali           ,          ,                ,  101,                    ,                              , 4,2,20181106 20:33:10,    0,         0,         4,  300,   65,  101,2,                ,0000000,3, 0,         0,    0,0000000000000000000000000000000000000000,0000000000000000000000010000000000000000,         0,         0,         0,         0,1, 0, 0, 0,A600                          ,    4,         0,0,20181106 20:33:06,                              , 9999, 9999, 9999, 9999,32767,     0,     0
 ED5.2,663142135069                  ,1304                          ,ANDRES FELIP YAG    ,1632      ,                ,  101,                    ,                              , 4,2,20181106 20:37:14,    0,         0,       178,  120,   20,  101,2,                ,0000000,2, 1,         0,    0,0000000000000000000000000000000000000000,0000000000000000000000010000000000000000,         0,         0,         0,         0,1, 0, 0, 0,A800                          ,    8,       171,0,20181106 20:34:16,                              , 9999, 9999, 9999, 9999,32767,     0,     0
 ED5.2,1219                          ,1736                          ,                    ,1635      ,                ,  101,                    ,                              ,14,0,20181106 20:38:19,    0,         0,         0,65535,65535, 9999,2,                ,0000000,0, 0,         0,    0,0000000000000000000000000000000000000000,0000000000000000000000000000000000000000,         0,         0,         0,         0,1, 0, 0, 0,1219                          ,    0,         0,0,20181106 20:38:19,1736                          ,  101, 9999,  101,  101,    0,     0,     0
 ED5.2,3502181065                    ,1486                          ,LINA  BOGOTA Q      ,1952      ,                ,  101,                    ,                              , 0,2,20181106 20:38:21,    0,         0,        96, 2299,   66,  101,2,                ,0010000,2, 1,         0,    0,1000000000000000000000000000000000000000,0000000000000000000000010000000000001000,         0,         0,         0,         0,1, 0, 0, 0,033502181065                  ,    0,         0,0,20181106 20:36:45,1486                          , 9999, 9999, 9999,  101,32767,     0,     0
 ED5.2,1216                          ,1736                          ,                    ,1635      ,                ,  101,                    ,                              ,14,0,20181106 20:38:36,    0,         0,         0,65535,65535, 9999,2,                ,0000000,0, 0,         0,    0,0000000000000000000000000000000000000000,0000000000000000000000000000000000000000,         0,         0,         0,         0,1, 0, 0, 0,1216                          ,    0,         0,0,20181106 20:38:36,1736                          ,  101, 9999,  101,  101,    0,     0,     0
 ED5.2,1214                          ,1736                          ,                    ,1635      ,                ,  101,                    ,                              ,14,0,20181106 20:38:36,    0,         0,         0,65535,65535, 9999,2,                ,0000000,0, 0,         0,    0,0000000000000000000000000000000000000000,0000000000000000000000000000000000000000,         0,         0,         0,         0,1, 0, 0, 0,1216                          ,    0,         0,1,20181106 20:38:36,1736                          ,  101, 9999,  101,  101,    0,     0,     0
 ED5.2,1216                          ,1736                          ,                    ,1635      ,                ,  101,                    ,                              ,14,0,20181106 20:38:53,    0,         0,         0,65535,65535, 9999,2,                ,0000000,0, 0,         0,    0,0000000000000000000000000000000000000000,0000000000000000000000000000000000000000,         0,         0,         0,         0,1, 0, 0, 0,1216                          ,    0,         0,0,20181106 20:38:53,1736                          ,  101, 9999,  101,  101,    0,     0,     0
 ED5.2,1214                          ,1736                          ,                    ,1635      ,                ,  101,                    ,                              ,14,0,20181106 20:38:54,    0,         0,         0,65535,65535, 9999,2,                ,0000000,0, 0,         0,    0,0000000000000000000000000000000000000000,0000000000000000000000000000000000000000,         0,         0,         0,         0,1, 0, 0, 0,1216                          ,    0,         0,1,20181106 20:38:54,1736                          ,  101, 9999,  101,  101,    0,     0,     0
 ED5.2,1216                          ,1736                          ,                    ,1635      ,                ,  101,                    ,                              ,14,0,20181106 20:38:58,    0,         0,         0,65535,65535, 9999,2,                ,0000000,0, 0,         0,    0,0000000000000000000000000000000000000000,0000000000000000000000000000000000000000,         0,         0,         0,         0,1, 0, 0, 0,1216                          ,    0,         0,0,20181106 20:38:58,1736                          ,  101, 9999,  101,  101,    0,     0,     0
 ED5.2,2972231                       ,4003                          ,JUDY FRANCEL JAR    ,2952      ,                ,  101,                    ,                              , 0,2,20181106 20:39:12,    0,         0,        23, 2395,   15,  101,2,                ,0010000,2, 1,         0,    0,1000000000000000000000000000000000000000,0000000000000000000000010000000000001000,         0,         0,         0,         0,1, 0, 0, 0,2972231                       ,    0,         0,0,20181106 20:38:49,4003                          , 9999, 9999, 9999,  101,32767,     0,     0
 ED5.2,5170051                       ,1024                          ,DANIEL ANDRE TAN    ,1638      ,                ,  101,                    ,                              , 0,2,20181106 20:40:26,    0,         0,       372, 1951,   11,  101,2,                ,0010000,2, 1,         0,    0,1000000000000000000000000000000000000000,0000000000000000000000010000000000001000,         0,         0,         0,         0,1, 0, 0, 0,5170051                       ,    0,         0,0,20181106 20:34:14,1024                          , 9999, 9999, 9999,  101,32767,     0,     0
 ED5.2,663004372877                  ,FS082                         ,SIPsalida           ,          ,                ,  101,                    ,                              , 4,2,20181106 20:42:25,    0,         0,         0, 2815,   82,  101,2,                ,0000000,2, 0,         0,    0,0000000000000000000000000000000000000000,0000000000000000000000010000000000000000,         0,         0,         0,         0,1, 0, 0, 0,A900                          ,    0,         0,0,20181106 20:42:25,                              , 9999, 9999, 9999, 9999,32767,     0,     0
 ED5.2,074910820                     ,4005                          ,YULY ANDREA BARO    ,2952      ,                ,  101,                    ,                              , 4,2,20181106 20:45:44,    0,         0,        70, 2395,   15,  101,2,                ,0000000,2, 0,         0,    0,0000000000000000000000000000000000000000,0000000000000000000000010000000000000000,         0,         0,         0,         0,1, 0, 0, 0,A800                          ,   71,         0,1,20181106 20:44:34,                              , 9999, 9999, 9999, 9999,32767,     0,     0
 ED5.2,3103059641                    ,3239                          ,JOSE ANTONIO ECH    ,1979      ,                ,  101,                    ,                              , 0,1,20181106 20:48:32,    0,         0,         3,  379,   22,  101,2,                ,0010000,0, 0,         0,    0,0000000000000000000000000000000000000000,0000000000000000000000010000000000001000,         0,         0,         0,         0,1, 0, 0, 0,033103059641                  ,    0,         0,0,20181106 20:48:29,3239                          , 9999, 9999, 9999,  101,32767,     0,     0
 ED5.2,3103059641                    ,3239                          ,JOSE ANTONIO ECH    ,1979      ,                ,  101,                    ,                              , 0,1,20181106 20:49:28,    0,         0,        34,  379,   22,  101,2,                ,0010000,0, 0,         0,    0,0000000000000000000000000000000000000000,0000000000000000000000010000000000001000,         0,         0,         0,         0,1, 0, 0, 0,033103059641                  ,    0,         0,0,20181106 20:48:54,3239                          , 9999, 9999, 9999,  101,32767,     0,     0
 ED5.2,663142135069                  ,1304                          ,ANDRES FELIP YAG    ,1632      ,                ,  101,                    ,                              , 4,2,20181106 20:51:45,    0,         0,       281,  120,   20,  101,2,                ,0000000,2, 1,         0,    0,0000000000000000000000000000000000000000,0000000000000000000000010000000000000000,         0,         0,         0,         0,1, 0, 0, 0,A800                          ,   10,       272,0,20181106 20:47:04,                              , 9999, 9999, 9999, 9999,32767,     0,     0
 ED5.2,1339                          ,3269                          ,                    ,1979      ,                ,  101,                    ,                              ,14,0,20181106 20:51:48,    0,         0,        18,65535,65535, 9999,2,                ,0000000,0, 0,         0,    0,0000000000000000000000000000000000000000,0000000000000000000000000000000000000000,         0,         0,         0,         0,1, 0, 0, 0,1339                          ,    0,        18,0,20181106 20:51:30,3269                          ,  101, 9999,  101,  101,    0,     0,     0
 ED5.2,1304                          ,1736                          ,                    ,1635      ,                ,  101,                    ,                              ,14,0,20181106 20:51:50,    0,         0,         5,65535,65535, 9999,2,                ,0000000,0, 0,         0,    0,0000000000000000000000000000000000000000,0000000000000000000000000000000000000000,         0,         0,         0,         0,1, 0, 0, 0,1304                          ,    0,         5,0,20181106 20:51:45,1736                          ,  101, 9999,  101,  101,    0,     0,     0
 ED5.2,1150                          ,1736                          ,                    ,1635      ,                ,  101,                    ,                              ,14,0,20181106 20:52:09,    0,         0,         6,65535,65535, 9999,2,                ,0000000,0, 0,         0,    0,0000000000000000000000000000000000000000,0000000000000000000000000000000000000000,         0,         0,         0,         0,1, 0, 0, 0,1150                          ,    0,         6,0,20181106 20:52:03,1736                          ,  101, 9999,  101,  101,    0,     0,     0
 ED5.2,1217                          ,1369                          ,                    ,1632      ,                ,  101,                    ,                              ,14,0,20181106 20:55:19,    0,         0,       366,65535,65535, 9999,2,                ,0000000,0, 0,         0,    0,0000000000000000000000000000000000000000,0000000000000000000000000000000000000000,         0,         0,         0,         0,1, 0, 0, 0,1217                          ,    0,       366,0,20181106 20:49:13,1369                          ,  101, 9999,  101,  101,    0,     0,     0
 ED5.2,3003004                       ,1140                          ,OSIRIS  GOYENECH    ,1911      ,                ,  101,                    ,                              , 0,2,20181106 20:59:00,    0,         0,         0, 1951,   11,  101,2,                ,0010000,2, 1,         0,    0,1000000000000000000000000000000000000000,0000000000000000000000010000000000001000,         0,         0,         0,         0,1, 0, 0, 0,3003004                       ,    0,         0,0,20181106 20:59:00,1140                          , 9999, 9999, 9999,  101,32767,     0,     0
