 ED5.2,663133271156                  ,FS020                         ,ETB                 ,          ,                ,  101,                    ,                              , 4,2,20181231 11:06:54,    0,         0,        30,  120,   20,  101,2,                ,0000000,2, 1,         0,    0,0000000000000000000000000000000000000000,0000000000000000000000010000000000000000,         0,         0,         0,         0,1, 0, 0, 0,A800                          ,   31,         0,0,20181231 11:06:24,                              , 9999, 9999, 9999, 9999,32767,     0,     0
 ED5.2,033502654167                  ,2020                          ,ESTEFANI XIO MON    ,4635      ,                ,  101,                    ,                              , 4,2,20181231 11:10:07,    0,         0,        29,  325,   65,  101,2,                ,0000000,3, 0,         0,    0,0000000000000000000000000000000000000000,0000000000000000000000010000000000000000,         0,         0,         0,         0,1, 0, 0, 0,A600                          ,   29,         0,0,20181231 11:09:38,                              , 9999, 9999, 9999, 9999,32767,     0,     0
 ED5.2,663144143866                  ,1340                          ,RECEPCION MORATO    ,1635      ,                ,  101,                    ,                              , 4,2,20181231 11:10:23,    0,         0,       115,  120,   20,  101,2,                ,0000000,2, 1,         0,    0,0000000000000000000000000000000000000000,0000000000000000000000010000000000000000,         0,         0,         0,         0,1, 0, 0, 0,A800                          ,  116,         0,1,20181231 11:08:28,                              , 9999, 9999, 9999, 9999,32767,     0,     0
 ED5.2,663133271156                  ,1340                          ,RECEPCION MORATO    ,1635      ,                ,  101,                    ,                              , 4,2,20181231 11:11:24,    0,         0,       124,  121,   20,  101,2,                ,0000000,2, 1,         0,    0,0000000000000000000000000000000000000000,0000000000000000000000010000000000000000,         0,         0,         0,         0,1, 0, 0, 0,A800                          ,  124,         0,1,20181231 11:09:20,                              , 9999, 9999, 9999, 9999,32767,     0,     0
 ED5.2,7440606                       ,FS020                         ,ETB                 ,          ,                ,  101,                    ,                              , 4,2,20181231 11:12:07,    0,         0,        49,  120,   20,  101,2,                ,0000000,3, 0,         0,    0,0000000000000000000000000000000000000000,0000000000000000000000010000000000000000,         0,         0,         0,         0,1, 0, 0, 0,A800                          ,   49,         0,1,20181231 11:11:18,                              , 9999, 9999, 9999, 9999,32767,     0,     0
 ED5.2,033502654167                  ,2020                          ,ESTEFANI XIO MON    ,4635      ,                ,  101,                    ,                              , 4,2,20181231 11:12:31,    0,         0,       127,  326,   65,  101,2,                ,0000000,3, 0,         0,    0,0000000000000000000000000000000000000000,0000000000000000000000010000000000000000,         0,         0,         0,         0,1, 0, 0, 0,A600                          ,  127,         0,0,20181231 11:10:24,                              , 9999, 9999, 9999, 9999,32767,     0,     0
 ED5.2,663144143866                  ,1014                          ,RECEPCION LO COU    ,1635      ,                ,  101,                    ,                              , 4,2,20181231 11:13:35,    0,         0,       129,  121,   20,  101,2,                ,0000000,2, 1,         0,    0,0000000000000000000000000000000000000000,0000000000000000000000010000000000000000,         0,         0,         0,         0,1, 0, 0, 0,A800                          ,  129,         0,1,20181231 11:11:26,                              , 9999, 9999, 9999, 9999,32767,     0,     0
 ED5.2,                              ,FS084                         ,valoremani          ,          ,                ,  101,                    ,                              , 4,1,20181231 11:15:12,    0,         0,        11,   92,   84,  101,2,                ,0000000,0, 0,         0,    0,0000000000000000000000000000000000000000,0000000000000000000000010000000000000000,         0,         0,         0,         0,1, 0, 0, 0,                              ,   11,         0,1,20181231 11:15:01,                              , 9999, 9999, 9999, 9999,32767,     0,     0
 ED5.2,7440606                       ,1340                          ,RECEPCION MORATO    ,1635      ,                ,  101,                    ,                              , 4,2,20181231 11:15:24,    0,         0,       191,  120,   20,  101,2,                ,0000000,3, 0,         0,    0,0000000000000000000000000000000000000000,0000000000000000000000010000000000000000,         0,         0,         0,         0,1, 0, 0, 0,A800                          ,  191,         0,1,20181231 11:12:13,                              , 9999, 9999, 9999, 9999,32767,     0,     0
 ED5.2,072364082                     ,4022                          ,ESTEBAN URIBE JA    ,2843      ,                ,  101,                    ,                              , 4,2,20181231 11:15:51,    0,         0,       105,10445,   15,  101,2,                ,0000000,2, 0,         0,    0,0000000000000000000000000000000000000000,0000000000000000000000010000000000000000,         0,         0,         0,         0,1, 0, 0, 0,A800                          ,  106,         0,1,20181231 11:14:06,                              , 9999, 9999, 9999, 9999,32767,     0,     0
 ED5.2,4249090                       ,1565                          ,SONIA YANETH ROM    ,1952      ,                ,  101,                    ,                              , 0,2,20181231 11:24:08,    0,         0,      1400,10001,   11,  101,2,                ,0010000,2, 1,         0,    0,1000000000000000000000000000000000000000,0000000000000000000000010000000000001000,         0,         0,         0,         0,1, 0, 0, 0,4249090                       ,    0,         0,0,20181231 11:00:48,1565                          , 9999, 9999, 9999,  101,32767,     0,     0
 ED5.2,663014412660                  ,FS020                         ,ETB                 ,          ,                ,  101,                    ,                              , 4,2,20181231 11:24:28,    0,         0,         2,  120,   20,  101,2,                ,0000000,2, 0,         0,    0,0000000000000000000000000000000000000000,0000000000000000000000010000000000000000,         0,         0,         0,         0,1, 0, 0, 0,A800                          ,    3,         0,0,20181231 11:24:26,                              , 9999, 9999, 9999, 9999,32767,     0,     0
 ED5.2,------------------------------,******************************,                    ,**********,                ,  101,                    ,******************************, 4,2,20181231 11:27:49,    0,         0,         0,  120,   20,  101,2,                ,0000000,3, 0,         0,    0,0000000000000000000000000000000000000000,0000000000000000000000010000000000000000,         0,         0,         0,         0,1, 0, 0, 0,------------------------------,   15,         0,1,20181231 11:27:49,******************************, 9999, 9999, 9999, 9999,32767,     0,     0
 ED5.2,663124480794                  ,1588                          ,FLOR ANDREA ROJA    ,1952      ,                ,  101,                    ,                              , 4,2,20181231 11:36:32,    0,         0,       157,  120,   20,  101,2,                ,0000000,2, 1,         0,    0,0000000000000000000000000000000000000000,0000000000000000000000010000000000000000,         0,         0,         0,         0,1, 0, 0, 0,A800                          ,  157,         0,1,20181231 11:33:55,                              , 9999, 9999, 9999, 9999,32767,     0,     0
 ED5.2,4444321                       ,4059                          ,KELLY JOHANN PER    ,2632      ,                ,  101,                    ,                              , 0,2,20181231 11:36:47,    0,         0,         0,10445,   15,  101,2,                ,0010000,2, 1,         0,    0,1000000000000000000000000000000000000000,0000000000000000000000010000000000001000,         0,         0,         0,         0,1, 0, 0, 0,4444321                       ,    0,         0,0,20181231 11:36:47,4059                          , 9999, 9999, 9999,  101,32767,     0,     0
 ED5.2,0944444321                    ,4059                          ,KELLY JOHANN PER    ,2632      ,                ,  101,                    ,                              , 0,2,20181231 11:37:00,    0,         0,         0,10865,   82,  101,2,                ,0010000,2, 1,         0,    0,1000000000000000000000000000000000000000,0000000000000000000000010000000000001000,         0,         0,         0,         0,1, 0, 0, 0,4444321                       ,    0,         0,0,20181231 11:37:00,4059                          , 9999, 9999, 9999,  101,32767,     0,     0
 ED5.2,4444321                       ,4059                          ,KELLY JOHANN PER    ,2632      ,                ,  101,                    ,                              , 0,2,20181231 11:37:27,    0,         0,         0,10445,   15,  101,2,                ,0010000,2, 1,         0,    0,1000000000000000000000000000000000000000,0000000000000000000000010000000000001000,         0,         0,         0,         0,1, 0, 0, 0,4444321                       ,    0,         0,0,20181231 11:37:27,4059                          , 9999, 9999, 9999,  101,32767,     0,     0
 ED5.2,0944444321                    ,4059                          ,KELLY JOHANN PER    ,2632      ,                ,  101,                    ,                              , 0,2,20181231 11:37:32,    0,         0,         0,10865,   82,  101,2,                ,0010000,2, 1,         0,    0,1000000000000000000000000000000000000000,0000000000000000000000010000000000001000,         0,         0,         0,         0,1, 0, 0, 0,4444321                       ,    0,         0,0,20181231 11:37:32,4059                          , 9999, 9999, 9999,  101,32767,     0,     0
 ED5.2,663104873150                  ,FS020                         ,ETB                 ,          ,                ,  101,                    ,                              , 4,2,20181231 11:46:25,    0,         0,        18,  122,   20,  101,2,                ,0000000,2, 0,         0,    0,0000000000000000000000000000000000000000,0000000000000000000000010000000000000000,         0,         0,         0,         0,1, 0, 0, 0,A800                          ,   19,         0,0,20181231 11:46:07,                              , 9999, 9999, 9999, 9999,32767,     0,     0
 ED5.2,3795660                       ,1600                          ,RECEPCION COUNTR    ,1635      ,                ,  101,                    ,                              , 4,2,20181231 11:46:50,    0,         0,       110,  120,   20,  101,2,                ,0000000,3, 0,         0,    0,0000000000000000000000000000000000000000,0000000000000000000000010000000000000000,         0,         0,         0,         0,1, 0, 0, 0,A800                          ,  110,         0,1,20181231 11:45:00,                              , 9999, 9999, 9999, 9999,32767,     0,     0
 ED5.2,2873114                       ,1736                          ,RECEPCION 2 MORA    ,1635      ,                ,  101,                    ,                              , 4,2,20181231 11:47:10,    0,         0,        87,  121,   20,  101,2,                ,0000000,3, 0,         0,    0,0000000000000000000000000000000000000000,0000000000000000000000010000000000000000,         0,         0,         0,         0,1, 0, 0, 0,A800                          ,   87,         0,1,20181231 11:45:43,                              , 9999, 9999, 9999, 9999,32767,     0,     0
 ED5.2,663104873150                  ,1014                          ,RECEPCION LO COU    ,1635      ,                ,  101,                    ,                              , 4,2,20181231 11:47:58,    0,         0,        87,  122,   20,  101,2,                ,0000000,2, 0,         0,    0,0000000000000000000000000000000000000000,0000000000000000000000010000000000000000,         0,         0,         0,         0,1, 0, 0, 0,A800                          ,   88,         0,1,20181231 11:46:31,                              , 9999, 9999, 9999, 9999,32767,     0,     0
 ED5.2,074881651                     ,4020                          ,MARISOL BETANCUR    ,2952      ,                ,  101,                    ,                              , 4,2,20181231 11:49:26,    0,         0,        81,10447,   15,  101,2,                ,0000000,2, 0,         0,    0,0000000000000000000000000000000000000000,0000000000000000000000010000000000000000,         0,         0,         0,         0,1, 0, 0, 0,A800                          ,   81,         0,1,20181231 11:48:05,                              , 9999, 9999, 9999, 9999,32767,     0,     0
 ED5.2,6053030                       ,4059                          ,KELLY JOHANN PER    ,2632      ,                ,  101,                    ,                              , 0,2,20181231 11:49:46,    0,         0,       672,10445,   15,  101,2,                ,0010000,2, 1,         0,    0,1000000000000000000000000000000000000000,0000000000000000000000010000000000001000,         0,         0,         0,         0,1, 0, 0, 0,6053030                       ,    0,         0,0,20181231 11:38:34,4059                          , 9999, 9999, 9999,  101,32767,     0,     0
 ED5.2,663219573896                  ,4010                          ,ELIZABETH PA GAR    ,2843      ,                ,  101,                    ,                              , 4,2,20181231 11:49:46,    0,         0,       105,10446,   15,  101,2,                ,0000000,2, 0,         0,    0,0000000000000000000000000000000000000000,0000000000000000000000010000000000000000,         0,         0,         0,         0,1, 0, 0, 0,A800                          ,  105,         0,1,20181231 11:48:01,                              , 9999, 9999, 9999, 9999,32767,     0,     0
 ED5.2,033057913222                  ,2020                          ,ESTEFANI XIO MON    ,4635      ,                ,  101,                    ,                              , 4,2,20181231 11:50:27,    0,         0,       135,  327,   65,  101,2,                ,0000000,3, 0,         0,    0,0000000000000000000000000000000000000000,0000000000000000000000010000000000000000,         0,         0,         0,         0,1, 0, 0, 0,A600                          ,  135,         0,0,20181231 11:48:12,                              , 9999, 9999, 9999, 9999,32767,     0,     0
 ED5.2,4038                          ,4059                          ,                    ,2632      ,                ,  101,                    ,                              ,14,0,20181231 11:50:44,    0,         0,         0,65535,65535, 9999,2,                ,0000000,0, 0,         0,    0,0000000000000000000000000000000000000000,0000000000000000000000000000000000000000,         0,         0,         0,         0,1, 0, 0, 0,4038                          ,    0,         0,0,20181231 11:50:44,4059                          ,  101, 9999,  101,  101,    0,     0,     0
 ED5.2,4017                          ,4059                          ,                    ,2632      ,                ,  101,                    ,                              ,14,0,20181231 11:50:47,    0,         0,         0,65535,65535, 9999,2,                ,0000000,0, 0,         0,    0,0000000000000000000000000000000000000000,0000000000000000000000000000000000000000,         0,         0,         0,         0,1, 0, 0, 0,4038                          ,    0,         0,1,20181231 11:50:47,4059                          ,  101, 9999,  101,  101,    0,     0,     0
 ED5.2,4444321                       ,4059                          ,KELLY JOHANN PER    ,2632      ,                ,  101,                    ,                              , 0,2,20181231 11:51:09,    0,         0,         0,10445,   15,  101,2,                ,0010000,2, 1,         0,    0,1000000000000000000000000000000000000000,0000000000000000000000010000000000001000,         0,         0,         0,         0,1, 0, 0, 0,4444321                       ,    0,         0,0,20181231 11:51:09,4059                          , 9999, 9999, 9999,  101,32767,     0,     0
 ED5.2,0944444321                    ,4059                          ,KELLY JOHANN PER    ,2632      ,                ,  101,                    ,                              , 0,2,20181231 11:51:12,    0,         0,         0,10865,   82,  101,2,                ,0010000,2, 1,         0,    0,1000000000000000000000000000000000000000,0000000000000000000000010000000000001000,         0,         0,         0,         0,1, 0, 0, 0,4444321                       ,    0,         0,0,20181231 11:51:12,4059                          , 9999, 9999, 9999,  101,32767,     0,     0
 ED5.2,7435352                       ,1340                          ,RECEPCION MORATO    ,1635      ,                ,  101,                    ,                              , 4,2,20181231 11:51:29,    0,         0,        64,  120,   20,  101,2,                ,0000000,3, 0,         0,    0,0000000000000000000000000000000000000000,0000000000000000000000010000000000000000,         0,         0,         0,         0,1, 0, 0, 0,A800                          ,   64,         0,1,20181231 11:50:25,                              , 9999, 9999, 9999, 9999,32767,     0,     0
 ED5.2,3183035                       ,4059                          ,KELLY JOHANN PER    ,2632      ,                ,  101,                    ,                              , 0,2,20181231 11:51:46,    0,         0,         0,10445,   15,  101,2,                ,0010000,2, 1,         0,    0,1000000000000000000000000000000000000000,0000000000000000000000010000000000001000,         0,         0,         0,         0,1, 0, 0, 0,3183035                       ,    0,         0,0,20181231 11:51:46,4059                          , 9999, 9999, 9999,  101,32767,     0,     0
 ED5.2,2873114                       ,FS020                         ,ETB                 ,          ,                ,  101,                    ,                              , 4,2,20181231 11:52:00,    0,         0,        39,  121,   20,  101,2,                ,0000000,3, 0,         0,    0,0000000000000000000000000000000000000000,0000000000000000000000010000000000000000,         0,         0,         0,         0,1, 0, 0, 0,A800                          ,   40,         0,1,20181231 11:51:21,                              , 9999, 9999, 9999, 9999,32767,     0,     0
 ED5.2,033152706548                  ,2020                          ,ESTEFANI XIO MON    ,4635      ,                ,  101,                    ,                              , 4,2,20181231 11:52:25,    0,         0,       135,  328,   65,  101,2,                ,0000000,3, 0,         0,    0,0000000000000000000000000000000000000000,0000000000000000000000010000000000000000,         0,         0,         0,         0,1, 0, 0, 0,A600                          ,  136,         0,0,20181231 11:50:10,                              , 9999, 9999, 9999, 9999,32767,     0,     0
 ED5.2,2873114                       ,FS020                         ,ETB                 ,          ,                ,  101,                    ,                              , 4,2,20181231 11:55:22,    0,         0,        24,  120,   20,  101,2,                ,0000000,3, 0,         0,    0,0000000000000000000000000000000000000000,0000000000000000000000010000000000000000,         0,         0,         0,         0,1, 0, 0, 0,A800                          ,   25,         0,1,20181231 11:54:58,                              , 9999, 9999, 9999, 9999,32767,     0,     0
 ED5.2,5338596                       ,FS020                         ,ETB                 ,          ,                ,  101,                    ,                              , 4,2,20181231 11:55:30,    0,         0,        31,  121,   20,  101,2,                ,0000000,3, 0,         0,    0,0000000000000000000000000000000000000000,0000000000000000000000010000000000000000,         0,         0,         0,         0,1, 0, 0, 0,A800                          ,   32,         0,1,20181231 11:54:59,                              , 9999, 9999, 9999, 9999,32767,     0,     0
 ED5.2,2307698                       ,1565                          ,SONIA YANETH ROM    ,1952      ,                ,  101,                    ,                              , 0,2,20181231 11:55:45,    0,         0,       102,10001,   11,  101,2,                ,0010000,2, 1,         0,    0,1000000000000000000000000000000000000000,0000000000000000000000010000000000001000,         0,         0,         0,         0,1, 0, 0, 0,2307698                       ,    0,         0,0,20181231 11:54:03,1565                          , 9999, 9999, 9999,  101,32767,     0,     0
 ED5.2,2873114                       ,FS020                         ,ETB                 ,          ,                ,  101,                    ,                              , 4,2,20181231 11:55:59,    0,         0,        16,  120,   20,  101,2,                ,0000000,3, 0,         0,    0,0000000000000000000000000000000000000000,0000000000000000000000010000000000000000,         0,         0,         0,         0,1, 0, 0, 0,A800                          ,   16,         0,1,20181231 11:55:43,                              , 9999, 9999, 9999, 9999,32767,     0,     0
 ED5.2,6045664                       ,4065                          ,DENIS SEPULVED      ,2843      ,                ,  101,                    ,                              , 0,2,20181231 11:57:35,    0,         0,         0,10446,   15,  101,2,                ,0010000,2, 1,         0,    0,1000000000000000000000000000000000000000,0000000000000000000000010000000000001000,         0,         0,         0,         0,1, 0, 0, 0,6045664                       ,    0,         0,0,20181231 11:57:35,4065                          , 9999, 9999, 9999,  101,32767,     0,     0
 ED5.2,4444321                       ,4083                          ,MARIA ISABEL ROL    ,2214      ,                ,  101,                    ,                              , 0,2,20181231 11:58:00,    0,         0,         0,10446,   15,  101,2,                ,0010000,2, 1,         0,    0,1000000000000000000000000000000000000000,0000000000000000000000010000000000001000,         0,         0,         0,         0,1, 0, 0, 0,4444321                       ,    0,         0,0,20181231 11:58:00,4083                          , 9999, 9999, 9999,  101,32767,     0,     0
 ED5.2,0944444321                    ,4083                          ,MARIA ISABEL ROL    ,2214      ,                ,  101,                    ,                              , 0,2,20181231 11:58:04,    0,         0,         0,10865,   82,  101,2,                ,0010000,2, 1,         0,    0,1000000000000000000000000000000000000000,0000000000000000000000010000000000001000,         0,         0,         0,         0,1, 0, 0, 0,4444321                       ,    0,         0,0,20181231 11:58:04,4083                          , 9999, 9999, 9999,  101,32767,     0,     0
 ED5.2,2873114                       ,FS020                         ,ETB                 ,          ,                ,  101,                    ,                              , 4,2,20181231 11:59:41,    0,         0,        16,  120,   20,  101,2,                ,0000000,3, 0,         0,    0,0000000000000000000000000000000000000000,0000000000000000000000010000000000000000,         0,         0,         0,         0,1, 0, 0, 0,A800                          ,   16,         0,1,20181231 11:59:25,                              , 9999, 9999, 9999, 9999,32767,     0,     0
 ED5.2,6053030                       ,4059                          ,KELLY JOHANN PER    ,2632      ,                ,  101,                    ,                              , 0,2,20181231 12:01:49,    0,         0,       450,10445,   15,  101,2,                ,0010000,2, 1,         0,    0,1000000000000000000000000000000000000000,0000000000000000000000010000000000001000,         0,         0,         0,         0,1, 0, 0, 0,6053030                       ,    0,         0,0,20181231 11:54:19,4059                          , 9999, 9999, 9999,  101,32767,     0,     0
