 ED5.2,663153129366                  ,FS065                         ,Fidu-Cali           ,          ,                ,  101,                    ,                              , 4,2,20190111 21:02:00,    0,         0,        14,  308,   65,  101,2,                ,0000000,3, 0,         0,    0,0000000000000000000000000000000000000000,0000000000000000000000010000000000000000,         0,         0,         0,         0,1, 0, 0, 0,A600                          ,   15,         0,0,20190111 21:01:46,                              , 9999, 9999, 9999, 9999,32767,     0,     0
 ED5.2,663153129366                  ,FS065                         ,Fidu-Cali           ,          ,                ,  101,                    ,                              , 4,2,20190111 21:02:15,    0,         0,         9,  309,   65,  101,2,                ,0000000,3, 0,         0,    0,0000000000000000000000000000000000000000,0000000000000000000000010000000000000000,         0,         0,         0,         0,1, 0, 0, 0,A600                          ,    9,         0,0,20190111 21:02:06,                              , 9999, 9999, 9999, 9999,32767,     0,     0
 ED5.2,1442                          ,1402                          ,                    ,1952      ,                ,  101,                    ,                              ,14,0,20190111 21:02:31,    0,         0,         0,65535,65535, 9999,2,                ,0000000,0, 0,         0,    0,0000000000000000000000000000000000000000,0000000000000000000000000000000000000000,         0,         0,         0,         0,1, 0, 0, 0,1442                          ,    0,         0,0,20190111 21:02:31,1402                          ,  101, 9999,  101,  101,    0,     0,     0
 ED5.2,2367902                       ,4003                          ,JUDY FRANCEL JAR    ,2952      ,                ,  101,                    ,                              , 0,2,20190111 21:02:38,    0,         0,       102,10445,   15,  101,2,                ,0010000,2, 1,         0,    0,1000000000000000000000000000000000000000,0000000000000000000000010000000000001000,         0,         0,         0,         0,1, 0, 0, 0,2367902                       ,    0,         0,0,20190111 21:00:56,4003                          , 9999, 9999, 9999,  101,32767,     0,     0
 ED5.2,3015289238                    ,1009                          ,NANCY MARIA PELA    ,1154      ,                ,  101,                    ,                              , 0,1,20190111 21:03:01,    0,         0,        29,  378,   21,  101,2,                ,0010000,0, 0,         0,    0,0000000000000000000000000000000000000000,0000000000000000000000010000000000001000,         0,         0,         0,         0,1, 0, 0, 0,033015289238                  ,    0,         0,0,20190111 21:02:32,1009                          , 9999, 9999, 9999,  101,32767,     0,     0
 ED5.2,1009                          ,1736                          ,                    ,1635      ,                ,  101,                    ,                              ,14,0,20190111 21:05:38,    0,         0,         7,65535,65535, 9999,2,                ,0000000,0, 0,         0,    0,0000000000000000000000000000000000000000,0000000000000000000000000000000000000000,         0,         0,         0,         0,1, 0, 0, 0,1009                          ,    0,         7,0,20190111 21:05:31,1736                          ,  101, 9999,  101,  101,    0,     0,     0
 ED5.2,663502832884                  ,1334                          ,CAJERO RECAUDO      ,1949      ,                ,  101,                    ,                              , 4,2,20190111 21:06:15,    0,         0,       311,  120,   20,  101,2,                ,0000000,3, 0,         0,    0,0000000000000000000000000000000000000000,0000000000000000000000010000000000000000,         0,         0,         0,         0,1, 0, 0, 0,A800                          ,   23,       288,0,20190111 21:01:04,                              , 9999, 9999, 9999, 9999,32767,     0,     0
 ED5.2,1359                          ,4038                          ,                    ,2952      ,                ,  101,                    ,                              ,14,0,20190111 21:15:17,    0,         0,         0,65535,65535, 9999,2,                ,0000000,0, 0,         0,    0,0000000000000000000000000000000000000000,0000000000000000000000000000000000000000,         0,         0,         0,         0,1, 0, 0, 0,1359                          ,    0,         0,0,20190111 21:15:17,4038                          ,  101, 9999,  101,  101,    0,     0,     0
 ED5.2,1486                          ,4038                          ,                    ,2952      ,                ,  101,                    ,                              ,14,0,20190111 21:15:33,    0,         0,         0,65535,65535, 9999,2,                ,0000000,0, 0,         0,    0,0000000000000000000000000000000000000000,0000000000000000000000000000000000000000,         0,         0,         0,         0,1, 0, 0, 0,1359                          ,    0,         0,1,20190111 21:15:33,4038                          ,  101, 9999,  101,  101,    0,     0,     0
 ED5.2,1133                          ,4038                          ,                    ,2952      ,                ,  101,                    ,                              ,14,0,20190111 21:15:40,    0,         0,         0,65535,65535, 9999,2,                ,0000000,0, 0,         0,    0,0000000000000000000000000000000000000000,0000000000000000000000000000000000000000,         0,         0,         0,         0,1, 0, 0, 0,1359                          ,    0,         0,1,20190111 21:15:40,4038                          ,  101, 9999,  101,  101,    0,     0,     0
 ED5.2,1180                          ,1452                          ,                    ,1632      ,                ,  101,                    ,                              ,14,0,20190111 21:15:49,    0,         0,        26,65535,65535, 9999,2,                ,0000000,0, 0,         0,    0,0000000000000000000000000000000000000000,0000000000000000000000000000000000000000,         0,         0,         0,         0,1, 0, 0, 0,1180                          ,    0,        26,0,20190111 21:15:23,1452                          ,  101, 9999,  101,  101,    0,     0,     0
 ED5.2,1489                          ,1538                          ,                    ,1945      ,                ,  101,                    ,                              ,14,0,20190111 21:16:27,    0,         0,         0,65535,65535, 9999,2,                ,0000000,0, 0,         0,    0,0000000000000000000000000000000000000000,0000000000000000000000000000000000000000,         0,         0,         0,         0,1, 0, 0, 0,1489                          ,    0,         0,0,20190111 21:16:27,1538                          ,  101, 9999,  101,  101,    0,     0,     0
 ED5.2,1459                          ,1538                          ,                    ,1945      ,                ,  101,                    ,                              ,14,0,20190111 21:16:38,    0,         0,         0,65535,65535, 9999,2,                ,0000000,0, 0,         0,    0,0000000000000000000000000000000000000000,0000000000000000000000000000000000000000,         0,         0,         0,         0,1, 0, 0, 0,1459                          ,    0,         0,0,20190111 21:16:38,1538                          ,  101, 9999,  101,  101,    0,     0,     0
 ED5.2,1549                          ,1288                          ,                    ,1952      ,                ,  101,                    ,                              ,14,0,20190111 21:17:02,    0,         0,         0,65535,65535, 9999,2,                ,0000000,0, 0,         0,    0,0000000000000000000000000000000000000000,0000000000000000000000000000000000000000,         0,         0,         0,         0,1, 0, 0, 0,1549                          ,    0,         0,0,20190111 21:17:02,1288                          ,  101, 9999,  101,  101,    0,     0,     0
 ED5.2,1288                          ,1538                          ,                    ,1945      ,                ,  101,                    ,                              ,14,0,20190111 21:17:02,    0,         0,        16,65535,65535, 9999,2,                ,0000000,0, 0,         0,    0,0000000000000000000000000000000000000000,0000000000000000000000000000000000000000,         0,         0,         0,         0,1, 0, 0, 0,1288                          ,    0,        16,0,20190111 21:16:46,1538                          ,  101, 9999,  101,  101,    0,     0,     0
 ED5.2,1549                          ,1538                          ,                    ,1945      ,                ,  101,                    ,1288                          ,14,0,20190111 21:17:35,    0,         0,        33,65535,65535, 9999,2,                ,0000000,0, 0,         0,    0,0000000000000000000000000000000000000000,0000000000000000000000000000000000000000,         0,         0,         0,         0,1, 0, 0, 0,                              ,    0,        33,0,20190111 21:17:02,1538                          ,  101,  101, 9999,  101,    0,     0,     0
 ED5.2,5164                          ,5130                          ,                    ,3952      ,                ,  101,                    ,                              ,14,0,20190111 21:18:37,    0,         0,        17,65535,65535, 9999,2,                ,0000000,0, 0,         0,    0,0000000000000000000000000000000000000000,0000000000000000000000000000000000000000,         0,         0,         0,         0,1, 0, 0, 0,5164                          ,    0,        17,0,20190111 21:18:20,5130                          ,  101, 9999,  101,  101,    0,     0,     0
 ED5.2,1320                          ,1042                          ,                    ,1632      ,                ,  101,                    ,                              ,14,0,20190111 21:21:26,    0,         0,         0,65535,65535, 9999,2,                ,0000000,0, 0,         0,    0,0000000000000000000000000000000000000000,0000000000000000000000000000000000000000,         0,         0,         0,         0,1, 0, 0, 0,1320                          ,    0,         0,0,20190111 21:21:26,1042                          ,  101, 9999,  101,  101,    0,     0,     0
 ED5.2,1319                          ,1042                          ,                    ,1632      ,                ,  101,                    ,                              ,14,0,20190111 21:21:36,    0,         0,         0,65535,65535, 9999,2,                ,0000000,0, 0,         0,    0,0000000000000000000000000000000000000000,0000000000000000000000000000000000000000,         0,         0,         0,         0,1, 0, 0, 0,1320                          ,    0,         0,1,20190111 21:21:36,1042                          ,  101, 9999,  101,  101,    0,     0,     0
 ED5.2,1322                          ,1167                          ,                    ,1952      ,                ,  101,                    ,                              ,14,0,20190111 21:22:47,    0,         0,         0,65535,65535, 9999,2,                ,0000000,0, 0,         0,    0,0000000000000000000000000000000000000000,0000000000000000000000000000000000000000,         0,         0,         0,         0,1, 0, 0, 0,1322                          ,    0,         0,0,20190111 21:22:47,1167                          ,  101, 9999,  101,  101,    0,     0,     0
 ED5.2,4003                          ,4069                          ,                    ,2952      ,                ,  101,                    ,                              ,14,0,20190111 21:23:16,    0,         0,        29,65535,65535, 9999,2,                ,0000000,0, 0,         0,    0,0000000000000000000000000000000000000000,0000000000000000000000000000000000000000,         0,         0,         0,         0,1, 0, 0, 0,4003                          ,    0,        29,0,20190111 21:22:47,4069                          ,  101, 9999,  101,  101,    0,     0,     0
 ED5.2,3222869046                    ,1009                          ,NANCY MARIA PELA    ,1154      ,                ,  101,                    ,                              , 0,1,20190111 21:27:42,    0,         0,        21,  377,   21,  101,2,                ,0010000,0, 0,         0,    0,0000000000000000000000000000000000000000,0000000000000000000000010000000000001000,         0,         0,         0,         0,1, 0, 0, 0,033222869046                  ,    0,         0,0,20190111 21:27:21,1009                          , 9999, 9999, 9999,  101,32767,     0,     0
 ED5.2,7501175                       ,1227                          ,VISACION 4          ,1949      ,                ,  101,                    ,                              , 0,2,20190111 21:32:16,    0,         0,       117,10865,   82,  101,2,                ,0010000,2, 1,         0,    0,1000000000000000000000000000000000000000,0000000000000000000000010000000000001000,         0,         0,         0,         0,1, 0, 0, 0,7501175                       ,    0,         0,0,20190111 21:30:19,1227                          , 9999, 9999, 9999,  101,32767,     0,     0
 ED5.2,6604866                       ,1236                          ,LAURA STEPHA SEP    ,1632      ,                ,  101,                    ,                              , 0,2,20190111 21:32:50,    0,         0,         0,10001,   11,  101,2,                ,0010000,2, 1,         0,    0,1000000000000000000000000000000000000000,0000000000000000000000010000000000001000,         0,         0,         0,         0,1, 0, 0, 0,6604866                       ,    0,         0,0,20190111 21:32:50,1236                          , 9999, 9999, 9999,  101,32767,     0,     0
 ED5.2,6604876                       ,1236                          ,LAURA STEPHA SEP    ,1632      ,                ,  101,                    ,                              , 0,2,20190111 21:33:27,    0,         0,        14,10001,   11,  101,2,                ,0010000,2, 1,         0,    0,1000000000000000000000000000000000000000,0000000000000000000000010000000000001000,         0,         0,         0,         0,1, 0, 0, 0,6604876                       ,    0,         0,0,20190111 21:33:13,1236                          , 9999, 9999, 9999,  101,32767,     0,     0
 ED5.2,1364                          ,6105                          ,                    ,5952      ,                ,  101,                    ,                              ,14,0,20190111 21:35:01,    0,         0,       911,65535,65535, 9999,2,                ,0000000,0, 0,         0,    0,0000000000000000000000000000000000000000,0000000000000000000000000000000000000000,         0,         0,         0,         0,1, 0, 0, 0,1364                          ,    0,       911,0,20190111 21:19:50,6105                          ,  101, 9999,  101,  101,    0,     0,     0
 ED5.2,1357                          ,1129                          ,                    ,1632      ,                ,  101,                    ,                              ,14,0,20190111 21:36:32,    0,         0,      4368,65535,65535, 9999,2,                ,0000000,0, 0,         0,    0,0000000000000000000000000000000000000000,0000000000000000000000000000000000000000,         0,         0,         0,         0,1, 0, 0, 0,1357                          ,    0,      4368,0,20190111 20:23:44,1129                          ,  101, 9999,  101,  101,    0,     0,     0
 ED5.2,1288                          ,1285                          ,                    ,1945      ,                ,  101,                    ,                              ,14,0,20190111 21:38:11,    0,         0,        40,65535,65535, 9999,2,                ,0000000,0, 0,         0,    0,0000000000000000000000000000000000000000,0000000000000000000000000000000000000000,         0,         0,         0,         0,1, 0, 0, 0,1288                          ,    0,        40,0,20190111 21:37:31,1285                          ,  101, 9999,  101,  101,    0,     0,     0
 ED5.2,8645083                       ,1474                          ,JAIME ANDRES ROM    ,1154      ,                ,  101,                    ,                              , 0,2,20190111 21:41:15,    0,         0,        38,10001,   11,  101,2,                ,0010000,2, 1,         0,    0,1000000000000000000000000000000000000000,0000000000000000000000010000000000001000,         0,         0,         0,         0,1, 0, 0, 0,8645083                       ,    0,         0,0,20190111 21:40:37,1474                          , 9999, 9999, 9999,  101,32767,     0,     0
 ED5.2,2123505                       ,1139                          ,EDNA MARGARI BOL    ,1952      ,                ,  101,                    ,                              , 0,2,20190111 21:41:36,    0,         0,        30,10002,   11,  101,2,                ,0010000,2, 1,         0,    0,1000000000000000000000000000000000000000,0000000000000000000000010000000000001000,         0,         0,         0,         0,1, 0, 0, 0,2123505                       ,    0,         0,0,20190111 21:41:06,1139                          , 9999, 9999, 9999,  101,32767,     0,     0
 ED5.2,1222                          ,1334                          ,                    ,1949      ,                ,  101,                    ,                              ,14,0,20190111 21:41:50,    0,         0,         0,65535,65535, 9999,2,                ,0000000,0, 0,         0,    0,0000000000000000000000000000000000000000,0000000000000000000000000000000000000000,         0,         0,         0,         0,1, 0, 0, 0,1222                          ,    0,         0,0,20190111 21:41:50,1334                          ,  101, 9999,  101,  101,    0,     0,     0
 ED5.2,1176                          ,1334                          ,                    ,1949      ,                ,  101,                    ,                              ,14,0,20190111 21:42:38,    0,         0,        36,65535,65535, 9999,2,                ,0000000,0, 0,         0,    0,0000000000000000000000000000000000000000,0000000000000000000000000000000000000000,         0,         0,         0,         0,1, 0, 0, 0,1222                          ,    0,        36,1,20190111 21:42:02,1334                          ,  101, 9999,  101,  101,    0,     0,     0
 ED5.2,1364                          ,6105                          ,                    ,5952      ,                ,  101,                    ,                              ,14,0,20190111 21:45:30,    0,         0,       188,65535,65535, 9999,2,                ,0000000,0, 0,         0,    0,0000000000000000000000000000000000000000,0000000000000000000000000000000000000000,         0,         0,         0,         0,1, 0, 0, 0,1364                          ,    0,       188,0,20190111 21:42:22,6105                          ,  101, 9999,  101,  101,    0,     0,     0
 ED5.2,6105                          ,1364                          ,                    ,1632      ,                ,  101,                    ,                              ,14,0,20190111 21:46:03,    0,         0,        13,65535,65535, 9999,2,                ,0000000,0, 0,         0,    0,0000000000000000000000000000000000000000,0000000000000000000000000000000000000000,         0,         0,         0,         0,1, 0, 0, 0,6105                          ,    0,        13,0,20190111 21:45:50,1364                          ,  101, 9999,  101,  101,    0,     0,     0
 ED5.2,6604869                       ,1285                          ,SEBASTIAN SOLER     ,1945      ,                ,  101,                    ,                              , 0,2,20190111 21:46:58,    0,         0,         0,10001,   11,  101,2,                ,0010000,2, 1,         0,    0,1000000000000000000000000000000000000000,0000000000000000000000010000000000001000,         0,         0,         0,         0,1, 0, 0, 0,6604869                       ,    0,         0,0,20190111 21:46:58,1285                          , 9999, 9999, 9999,  101,32767,     0,     0
 ED5.2,2123505                       ,1285                          ,SEBASTIAN SOLER     ,1945      ,                ,  101,                    ,                              , 0,2,20190111 21:47:36,    0,         0,        16,10001,   11,  101,2,                ,0010000,2, 1,         0,    0,1000000000000000000000000000000000000000,0000000000000000000000010000000000001000,         0,         0,         0,         0,1, 0, 0, 0,2123505                       ,    0,         0,0,20190111 21:47:20,1285                          , 9999, 9999, 9999,  101,32767,     0,     0
 ED5.2,3144812220                    ,1622                          ,LEIDY XIOMAR RAM    ,1422      ,                ,  101,                    ,                              , 0,1,20190111 21:52:55,    0,         0,         6,  378,   21,  101,2,                ,0010000,0, 0,         0,    0,0000000000000000000000000000000000000000,0000000000000000000000010000000000001000,         0,         0,         0,         0,1, 0, 0, 0,033144812220                  ,    0,         0,0,20190111 21:52:49,1622                          , 9999, 9999, 9999,  101,32767,     0,     0
 ED5.2,3144812220                    ,1622                          ,LEIDY XIOMAR RAM    ,1422      ,                ,  101,                    ,                              , 0,1,20190111 21:53:11,    0,         0,         4,  377,   21,  101,2,                ,0010000,0, 0,         0,    0,0000000000000000000000000000000000000000,0000000000000000000000010000000000001000,         0,         0,         0,         0,1, 0, 0, 0,033144812220                  ,    0,         0,0,20190111 21:53:07,1622                          , 9999, 9999, 9999,  101,32767,     0,     0
 ED5.2,1154                          ,1820                          ,                    ,1632      ,                ,  101,                    ,                              ,14,0,20190111 21:54:57,    0,         0,         0,65535,65535, 9999,2,                ,0000000,0, 0,         0,    0,0000000000000000000000000000000000000000,0000000000000000000000000000000000000000,         0,         0,         0,         0,1, 0, 0, 0,1154                          ,    0,         0,0,20190111 21:54:57,1820                          ,  101, 9999,  101,  101,    0,     0,     0
 ED5.2,3144812220                    ,1622                          ,LEIDY XIOMAR RAM    ,1422      ,                ,  101,                    ,                              , 0,1,20190111 21:55:06,    0,         0,         4,  378,   21,  101,2,                ,0010000,0, 0,         0,    0,0000000000000000000000000000000000000000,0000000000000000000000010000000000001000,         0,         0,         0,         0,1, 0, 0, 0,033144812220                  ,    0,         0,0,20190111 21:55:02,1622                          , 9999, 9999, 9999,  101,32767,     0,     0
 ED5.2,1435                          ,1820                          ,                    ,1632      ,                ,  101,                    ,                              ,14,0,20190111 21:55:12,    0,         0,         0,65535,65535, 9999,2,                ,0000000,0, 0,         0,    0,0000000000000000000000000000000000000000,0000000000000000000000000000000000000000,         0,         0,         0,         0,1, 0, 0, 0,1154                          ,    0,         0,1,20190111 21:55:12,1820                          ,  101, 9999,  101,  101,    0,     0,     0
 ED5.2,1266                          ,1820                          ,                    ,1632      ,                ,  101,                    ,                              ,14,0,20190111 21:55:12,    0,         0,         0,65535,65535, 9999,2,                ,0000000,0, 0,         0,    0,0000000000000000000000000000000000000000,0000000000000000000000000000000000000000,         0,         0,         0,         0,1, 0, 0, 0,1154                          ,    0,         0,1,20190111 21:55:12,1820                          ,  101, 9999,  101,  101,    0,     0,     0
 ED5.2,1159                          ,1285                          ,                    ,1945      ,                ,  101,                    ,                              ,14,0,20190111 21:55:36,    0,         0,         0,65535,65535, 9999,2,                ,0000000,0, 0,         0,    0,0000000000000000000000000000000000000000,0000000000000000000000000000000000000000,         0,         0,         0,         0,1, 0, 0, 0,1159                          ,    0,         0,0,20190111 21:55:36,1285                          ,  101, 9999,  101,  101,    0,     0,     0
 ED5.2,1158                          ,1285                          ,                    ,1945      ,                ,  101,                    ,                              ,14,0,20190111 21:55:45,    0,         0,         0,65535,65535, 9999,2,                ,0000000,0, 0,         0,    0,0000000000000000000000000000000000000000,0000000000000000000000000000000000000000,         0,         0,         0,         0,1, 0, 0, 0,1159                          ,    0,         0,1,20190111 21:55:45,1285                          ,  101, 9999,  101,  101,    0,     0,     0
 ED5.2,6105                          ,1364                          ,                    ,1632      ,                ,  101,                    ,                              ,14,0,20190111 21:56:38,    0,         0,         0,65535,65535, 9999,2,                ,0000000,0, 0,         0,    0,0000000000000000000000000000000000000000,0000000000000000000000000000000000000000,         0,         0,         0,         0,1, 0, 0, 0,6105                          ,    0,         0,0,20190111 21:56:38,1364                          ,  101, 9999,  101,  101,    0,     0,     0
 ED5.2,3057860543                    ,1622                          ,LEIDY XIOMAR RAM    ,1422      ,                ,  101,                    ,                              , 0,1,20190111 21:57:20,    0,         0,        47,  377,   21,  101,2,                ,0010000,0, 0,         0,    0,0000000000000000000000000000000000000000,0000000000000000000000010000000000001000,         0,         0,         0,         0,1, 0, 0, 0,033057860543                  ,    0,         0,0,20190111 21:56:33,1622                          , 9999, 9999, 9999,  101,32767,     0,     0
 ED5.2,1364                          ,6105                          ,                    ,5952      ,                ,  101,                    ,                              ,14,0,20190111 21:57:50,    0,         0,         8,65535,65535, 9999,2,                ,0000000,0, 0,         0,    0,0000000000000000000000000000000000000000,0000000000000000000000000000000000000000,         0,         0,         0,         0,1, 0, 0, 0,1364                          ,    0,         8,0,20190111 21:57:42,6105                          ,  101, 9999,  101,  101,    0,     0,     0
 ED5.2,6604869                       ,1139                          ,EDNA MARGARI BOL    ,1952      ,                ,  101,                    ,                              , 0,2,20190111 22:01:38,    0,         0,         0,10001,   11,  101,2,                ,0010000,2, 1,         0,    0,1000000000000000000000000000000000000000,0000000000000000000000010000000000001000,         0,         0,         0,         0,1, 0, 0, 0,6604869                       ,    0,         0,0,20190111 22:01:38,1139                          , 9999, 9999, 9999,  101,32767,     0,     0
