 ED5.2,3871123                       ,1042                          ,SANDY MILENA VAR    ,1632      ,                ,  101,                    ,                              , 0,2,20190212 06:17:12,    0,         0,       366,10001,   11,  101,2,                ,0010000,2, 1,         0,    0,1000000000000000000000000000000000000000,0000000000000000000000010000000000001000,         0,         0,         0,         0,1, 0, 0, 0,3871123                       ,    0,         0,0,20190212 06:11:06,1042                          , 9999, 9999, 9999,  101,32767,     0,     0
 ED5.2,7500500                       ,5001                          ,5001                ,          ,                ,  101,                    ,                              , 7,2,20190212 06:26:39,    0,         0,       102,10865,   82,  101,2,                ,0010000,2, 1,         0,    0,1000000000000000000000000000000000000000,0000000000000000000000010000000000001000,         0,         0,         0,         0,1, 0, 0, 0,7500500                       ,    0,         0,0,20190212 06:24:57,                              , 9999, 9999, 9999, 9999,32767,     0,     0
 ED5.2,7500500                       ,5004                          ,5004                ,          ,                ,  101,                    ,                              , 7,2,20190212 06:26:53,    0,         0,       103,10869,   82,  101,2,                ,0010000,2, 1,         0,    0,1000000000000000000000000000000000000000,0000000000000000000000010000000000001000,         0,         0,         0,         0,1, 0, 0, 0,7500500                       ,    0,         0,0,20190212 06:25:10,                              , 9999, 9999, 9999, 9999,32767,     0,     0
 ED5.2,7500500                       ,5005                          ,5005                ,          ,                ,  101,                    ,                              , 7,2,20190212 06:27:16,    0,         0,       100,10871,   82,  101,2,                ,0010000,2, 1,         0,    0,1000000000000000000000000000000000000000,0000000000000000000000010000000000001000,         0,         0,         0,         0,1, 0, 0, 0,7500500                       ,    0,         0,0,20190212 06:25:36,                              , 9999, 9999, 9999, 9999,32767,     0,     0
 ED5.2,7500500                       ,5002                          ,5002                ,          ,                ,  101,                    ,                              , 7,2,20190212 06:27:31,    0,         0,       102,10872,   82,  101,2,                ,0010000,2, 1,         0,    0,1000000000000000000000000000000000000000,0000000000000000000000010000000000001000,         0,         0,         0,         0,1, 0, 0, 0,7500500                       ,    0,         0,0,20190212 06:25:49,                              , 9999, 9999, 9999, 9999,32767,     0,     0
 ED5.2,7500500                       ,5003                          ,5003                ,          ,                ,  101,                    ,                              , 7,2,20190212 06:27:38,    0,         0,       102,10873,   82,  101,2,                ,0010000,2, 1,         0,    0,1000000000000000000000000000000000000000,0000000000000000000000010000000000001000,         0,         0,         0,         0,1, 0, 0, 0,7500500                       ,    0,         0,0,20190212 06:25:56,                              , 9999, 9999, 9999, 9999,32767,     0,     0
 ED5.2,663183608607                  ,FS020                         ,ETB                 ,          ,                ,  101,                    ,                              , 4,2,20190212 06:35:01,    0,         0,         5,  120,   20,  101,2,                ,0000000,3, 0,         0,    0,0000000000000000000000000000000000000000,0000000000000000000000010000000000000000,         0,         0,         0,         0,1, 0, 0, 0,A800                          ,    6,         0,0,20190212 06:34:56,                              , 9999, 9999, 9999, 9999,32767,     0,     0
 ED5.2,2654239                       ,1006                          ,MARTHA YENNY MOY    ,1949      ,                ,  101,                    ,                              , 0,2,20190212 06:46:26,    0,         0,         0,10001,   11,  101,2,                ,0010000,2, 1,         0,    0,1000000000000000000000000000000000000000,0000000000000000000000010000000000001000,         0,         0,         0,         0,1, 0, 0, 0,2654239                       ,    0,         0,0,20190212 06:46:26,1006                          , 9999, 9999, 9999,  101,32767,     0,     0
 ED5.2,3125                          ,1356                          ,                    ,1842      ,                ,  101,                    ,                              ,14,0,20190212 06:50:46,    0,         0,        15,65535,65535, 9999,2,                ,0000000,0, 0,         0,    0,0000000000000000000000000000000000000000,0000000000000000000000000000000000000000,         0,         0,         0,         0,1, 0, 0, 0,3125                          ,    0,        15,0,20190212 06:50:31,1356                          ,  101, 9999,  101,  101,    0,     0,     0
 ED5.2,1301                          ,1513                          ,                    ,1945      ,                ,  101,                    ,                              ,14,0,20190212 06:55:11,    0,         0,         0,65535,65535, 9999,2,                ,0000000,0, 0,         0,    0,0000000000000000000000000000000000000000,0000000000000000000000000000000000000000,         0,         0,         0,         0,1, 0, 0, 0,1301                          ,    0,         0,0,20190212 06:55:11,1513                          ,  101, 9999,  101,  101,    0,     0,     0
 ED5.2,6447700                       ,1513                          ,LUISA SORAYA ACE    ,1945      ,                ,  101,                    ,                              , 0,2,20190212 06:55:22,    0,         0,         2,10003,   11,  101,2,                ,0010000,2, 1,         0,    0,1000000000000000000000000000000000000000,0000000000000000000000010000000000001000,         0,         0,         0,         0,1, 0, 0, 0,6447700                       ,    0,         0,0,20190212 06:55:20,1513                          , 9999, 9999, 9999,  101,32767,     0,     0
 ED5.2,7428092                       ,FS020                         ,ETB                 ,          ,                ,  101,                    ,                              , 4,2,20190212 06:55:22,    0,         0,         2,  120,   20,  101,2,                ,0000000,3, 0,         0,    0,0000000000000000000000000000000000000000,0000000000000000000000010000000000000000,         0,         0,         0,         0,1, 0, 0, 0,A800                          ,    3,         0,0,20190212 06:55:20,                              , 9999, 9999, 9999, 9999,32767,     0,     0
 ED5.2,2654239                       ,1293                          ,MARTHA YOLAN PIN    ,1949      ,                ,  101,                    ,                              , 0,2,20190212 06:55:29,    0,         0,        14,10001,   11,  101,2,                ,0010000,2, 1,         0,    0,1000000000000000000000000000000000000000,0000000000000000000000010000000000001000,         0,         0,         0,         0,1, 0, 0, 0,2654239                       ,    0,         0,0,20190212 06:55:15,1293                          , 9999, 9999, 9999,  101,32767,     0,     0
 ED5.2,6447730                       ,1513                          ,LUISA SORAYA ACE    ,1945      ,                ,  101,                    ,                              , 0,2,20190212 06:55:31,    0,         0,         4,10003,   11,  101,2,                ,0010000,2, 1,         0,    0,1000000000000000000000000000000000000000,0000000000000000000000010000000000001000,         0,         0,         0,         0,1, 0, 0, 0,6447730                       ,    0,         0,0,20190212 06:55:27,1513                          , 9999, 9999, 9999,  101,32767,     0,     0
 ED5.2,7428092                       ,FS082                         ,SIPsalida           ,          ,                ,  101,                    ,                              , 4,2,20190212 06:55:31,    0,         0,         4,10865,   82,  101,2,                ,0000000,2, 0,         0,    0,0000000000000000000000000000000000000000,0000000000000000000000010000000000000000,         0,         0,         0,         0,1, 0, 0, 0,A500                          ,    5,         0,0,20190212 06:55:27,                              , 9999, 9999, 9999, 9999,32767,     0,     0
 ED5.2,1804                          ,1513                          ,                    ,1945      ,                ,  101,                    ,                              , 3,0,20190212 06:55:37,    0,         0,         0,65535,65535, 9999,2,                ,0000000,0, 0,         0,    0,0000000000000000000000000000000000000000,0000000000000000000000000000000000000000,         0,         0,         0,         0,1, 0, 0, 0,1804                          ,    0,         0,0,20190212 06:55:37,1513                          ,  101, 9999,  101,  101,    0,     0,     0
 ED5.2,6462424                       ,1513                          ,LUISA SORAYA ACE    ,1945      ,                ,  101,                    ,                              , 0,2,20190212 06:55:45,    0,         0,         3,10001,   11,  101,2,                ,0010000,2, 1,         0,    0,1000000000000000000000000000000000000000,0000000000000000000000010000000000001000,         0,         0,         0,         0,1, 0, 0, 0,6462424                       ,    0,         0,0,20190212 06:55:42,1513                          , 9999, 9999, 9999,  101,32767,     0,     0
 ED5.2,7428092                       ,FS082                         ,SIPsalida           ,          ,                ,  101,                    ,                              , 4,2,20190212 06:55:46,    0,         0,         5,10865,   82,  101,2,                ,0000000,2, 0,         0,    0,0000000000000000000000000000000000000000,0000000000000000000000010000000000000000,         0,         0,         0,         0,1, 0, 0, 0,A500                          ,    5,         0,0,20190212 06:55:41,                              , 9999, 9999, 9999, 9999,32767,     0,     0
 ED5.2,5605030                       ,1513                          ,LUISA SORAYA ACE    ,1945      ,                ,  101,                    ,                              , 0,2,20190212 06:55:50,    0,         0,         2,10445,   15,  101,2,                ,0010000,2, 1,         0,    0,1000000000000000000000000000000000000000,0000000000000000000000010000000000001000,         0,         0,         0,         0,1, 0, 0, 0,0945605030                    ,    0,         0,0,20190212 06:55:48,1513                          , 9999, 9999, 9999,  101,32767,     0,     0
 ED5.2,0745402000                    ,FS201                         ,SIP-Med Va          ,          ,                ,  101,                    ,                              , 4,2,20190212 06:55:50,    0,         0,         2,11361,  201,  101,2,                ,0000000,2, 0,         0,    0,0000000000000000000000000000000000000000,0000000000000000000000010000000000000000,         0,         0,         0,         0,1, 0, 0, 0,7764                          ,    3,         0,0,20190212 06:55:48,                              , 9999, 9999, 9999, 9999,32767,     0,     0
 ED5.2,3265070                       ,1513                          ,LUISA SORAYA ACE    ,1945      ,                ,  101,                    ,                              , 0,2,20190212 06:55:55,    0,         0,         3,10445,   15,  101,2,                ,0010000,2, 1,         0,    0,1000000000000000000000000000000000000000,0000000000000000000000010000000000001000,         0,         0,         0,         0,1, 0, 0, 0,0943265070                    ,    0,         0,0,20190212 06:55:52,1513                          , 9999, 9999, 9999,  101,32767,     0,     0
 ED5.2,0745402000                    ,FS201                         ,SIP-Med Va          ,          ,                ,  101,                    ,                              , 4,2,20190212 06:55:55,    0,         0,         3,11361,  201,  101,2,                ,0000000,2, 0,         0,    0,0000000000000000000000000000000000000000,0000000000000000000000010000000000000000,         0,         0,         0,         0,1, 0, 0, 0,7764                          ,    3,         0,0,20190212 06:55:52,                              , 9999, 9999, 9999, 9999,32767,     0,     0
 ED5.2,5402000                       ,1513                          ,LUISA SORAYA ACE    ,1945      ,                ,  101,                    ,                              , 0,2,20190212 06:55:57,    0,         0,         0,10445,   15,  101,2,                ,0010000,2, 1,         0,    0,1000000000000000000000000000000000000000,0000000000000000000000010000000000001000,         0,         0,         0,         0,1, 0, 0, 0,0945402000                    ,    0,         0,0,20190212 06:55:57,1513                          , 9999, 9999, 9999,  101,32767,     0,     0
 ED5.2,0945402000                    ,1513                          ,LUISA SORAYA ACE    ,1945      ,                ,  101,                    ,                              , 0,2,20190212 06:56:06,    0,         0,         0,10001,   11,  101,2,                ,0010000,2, 1,         0,    0,1000000000000000000000000000000000000000,0000000000000000000000010000000000001000,         0,         0,         0,         0,1, 0, 0, 0,0945402000                    ,    0,         0,0,20190212 06:56:06,1513                          , 9999, 9999, 9999,  101,32767,     0,     0
 ED5.2,0945402000                    ,1513                          ,LUISA SORAYA ACE    ,1945      ,                ,  101,                    ,                              , 0,2,20190212 06:56:07,    0,         0,         0,  120,   20,  101,2,                ,0010000,2, 1,         0,    0,1000000000000000000000000000000000000000,0000000000000000000000010000000000001000,         0,         0,         0,         0,1, 0, 0, 0,0945402000                    ,    0,         0,0,20190212 06:56:07,1513                          , 9999, 9999, 9999,  101,32767,     0,     0
 ED5.2,3910800                       ,1513                          ,LUISA SORAYA ACE    ,1945      ,                ,  101,                    ,                              , 0,2,20190212 06:56:12,    0,         0,         0,10445,   15,  101,2,                ,0010000,2, 1,         0,    0,1000000000000000000000000000000000000000,0000000000000000000000010000000000001000,         0,         0,         0,         0,1, 0, 0, 0,0943910800                    ,    0,         0,0,20190212 06:56:12,1513                          , 9999, 9999, 9999,  101,32767,     0,     0
 ED5.2,0943910800                    ,1513                          ,LUISA SORAYA ACE    ,1945      ,                ,  101,                    ,                              , 0,2,20190212 06:56:16,    0,         0,         0,10001,   11,  101,2,                ,0010000,2, 1,         0,    0,1000000000000000000000000000000000000000,0000000000000000000000010000000000001000,         0,         0,         0,         0,1, 0, 0, 0,0943910800                    ,    0,         0,0,20190212 06:56:16,1513                          , 9999, 9999, 9999,  101,32767,     0,     0
 ED5.2,3852525                       ,1513                          ,LUISA SORAYA ACE    ,1945      ,                ,  101,                    ,                              , 0,2,20190212 06:56:27,    0,         0,         6,10865,   82,  101,2,                ,0010000,2, 1,         0,    0,1000000000000000000000000000000000000000,0000000000000000000000010000000000001000,         0,         0,         0,         0,1, 0, 0, 0,0953852525                    ,    0,         0,0,20190212 06:56:21,1513                          , 9999, 9999, 9999,  101,32767,     0,     0
 ED5.2,53852525                      ,FS082                         ,SIPsalida           ,          ,                ,  101,                    ,                              , 4,2,20190212 06:56:28,    0,         0,         7,10869,   82,  101,2,                ,0000000,2, 0,         0,    0,0000000000000000000000000000000000000000,0000000000000000000000010000000000000000,         0,         0,         0,         0,1, 0, 0, 0,A900                          ,    7,         0,0,20190212 06:56:21,                              , 9999, 9999, 9999, 9999,32767,     0,     0
 ED5.2,3681289                       ,1513                          ,LUISA SORAYA ACE    ,1945      ,                ,  101,                    ,                              , 0,2,20190212 06:56:46,    0,         0,         1,10865,   82,  101,2,                ,0010000,2, 1,         0,    0,1000000000000000000000000000000000000000,0000000000000000000000010000000000001000,         0,         0,         0,         0,1, 0, 0, 0,0953681289                    ,    0,         0,0,20190212 06:56:45,1513                          , 9999, 9999, 9999,  101,32767,     0,     0
 ED5.2,5240659                       ,1513                          ,LUISA SORAYA ACE    ,1945      ,                ,  101,                    ,                              , 0,2,20190212 06:56:52,    0,         0,         1,  312,   65,  101,2,                ,0010000,2, 1,         0,    0,1000000000000000000000000000000000000000,0000000000000000000000010000000000001000,         0,         0,         0,         0,1, 0, 0, 0,0925240659                    ,    0,         0,0,20190212 06:56:51,1513                          , 9999, 9999, 9999,  101,32767,     0,     0
 ED5.2,0726440300                    ,FS065                         ,Fidu-Cali           ,          ,                ,  101,                    ,                              , 4,2,20190212 06:56:52,    0,         0,         2,  313,   65,  101,2,                ,0000000,3, 0,         0,    0,0000000000000000000000000000000000000000,0000000000000000000000010000000000000000,         0,         0,         0,         0,1, 0, 0, 0,A600                          ,    2,         0,0,20190212 06:56:50,                              , 9999, 9999, 9999, 9999,32767,     0,     0
 ED5.2,6440300                       ,1513                          ,LUISA SORAYA ACE    ,1945      ,                ,  101,                    ,                              , 0,2,20190212 06:57:00,    0,         0,         5,  314,   65,  101,2,                ,0010000,2, 1,         0,    0,1000000000000000000000000000000000000000,0000000000000000000000010000000000001000,         0,         0,         0,         0,1, 0, 0, 0,0926440300                    ,    0,         0,0,20190212 06:56:55,1513                          , 9999, 9999, 9999,  101,32767,     0,     0
 ED5.2,0726440300                    ,FS065                         ,Fidu-Cali           ,          ,                ,  101,                    ,                              , 4,2,20190212 06:57:00,    0,         0,         5,  315,   65,  101,2,                ,0000000,2, 1,         0,    0,0000000000000000000000000000000000000000,0000000000000000000000010000000000000000,         0,         0,         0,         0,1, 0, 0, 0,A600                          ,    6,         0,0,20190212 06:56:55,                              , 9999, 9999, 9999, 9999,32767,     0,     0
 ED5.2,6080134                       ,1513                          ,LUISA SORAYA ACE    ,1945      ,                ,  101,                    ,                              , 0,2,20190212 06:57:06,    0,         0,         3,  316,   65,  101,2,                ,0010000,2, 1,         0,    0,1000000000000000000000000000000000000000,0000000000000000000000010000000000001000,         0,         0,         0,         0,1, 0, 0, 0,0926080134                    ,    0,         0,0,20190212 06:57:03,1513                          , 9999, 9999, 9999,  101,32767,     0,     0
 ED5.2,0726440300                    ,FS062                         ,CALI                ,          ,                ,  101,                    ,                              , 4,2,20190212 06:57:06,    0,         0,         3,  282,   62,  101,2,                ,0000000,2, 1,         0,    0,0000000000000000000000000000000000000000,0000000000000000000000010000000000000000,         0,         0,         0,         0,1, 0, 0, 0,A400                          ,    4,         0,0,20190212 06:57:03,                              , 9999, 9999, 9999, 9999,32767,     0,     0
 ED5.2,3214515                       ,1513                          ,LUISA SORAYA ACE    ,1945      ,                ,  101,                    ,                              , 0,1,20190212 06:57:23,    0,         0,         3,  415,   87,  101,2,                ,0010000,0, 0,         0,    0,0000000000000000000000000000000000000000,0000000000000000000000010000000000001000,         0,         0,         0,         0,1, 0, 0, 0,0963214515                    ,    0,         0,0,20190212 06:57:20,1513                          , 9999, 9999, 9999,  101,32767,     0,     0
 ED5.2,3218661                       ,1513                          ,LUISA SORAYA ACE    ,1945      ,                ,  101,                    ,                              , 0,1,20190212 06:57:32,    0,         0,         0,  416,   87,  101,2,                ,0010000,0, 0,         0,    0,0000000000000000000000000000000000000000,0000000000000000000000010000000000001000,         0,         0,         0,         0,1, 0, 0, 0,0963218661                    ,    0,         0,0,20190212 06:57:32,1513                          , 9999, 9999, 9999,  101,32767,     0,     0
 ED5.2,3218661                       ,1513                          ,LUISA SORAYA ACE    ,1945      ,                ,  101,                    ,                              , 0,1,20190212 06:57:41,    0,         0,         0,  417,   87,  101,2,                ,0010000,0, 0,         0,    0,0000000000000000000000000000000000000000,0000000000000000000000010000000000001000,         0,         0,         0,         0,1, 0, 0, 0,0963218661                    ,    0,         0,0,20190212 06:57:41,1513                          , 9999, 9999, 9999,  101,32767,     0,     0
 ED5.2,8850438                       ,1513                          ,LUISA SORAYA ACE    ,1945      ,                ,  101,                    ,                              , 0,1,20190212 06:57:51,    0,         0,         0,   92,   84,  101,2,                ,0010000,0, 0,         0,    0,0000000000000000000000000000000000000000,0000000000000000000000010000000000001000,         0,         0,         0,         0,1, 0, 0, 0,0968850438                    ,    0,         0,0,20190212 06:57:51,1513                          , 9999, 9999, 9999,  101,32767,     0,     0
 ED5.2,                              ,FS083                         ,fidumaniza          ,          ,                ,  101,                    ,                              , 4,1,20190212 06:57:56,    0,         0,        10,   96,   83,  101,2,                ,0000000,0, 0,         0,    0,0000000000000000000000000000000000000000,0000000000000000000000010000000000000000,         0,         0,         0,         0,1, 0, 0, 0,                              ,   11,         0,1,20190212 06:57:46,                              , 9999, 9999, 9999, 9999,32767,     0,     0
 ED5.2,663209634107                  ,1406                          ,ELIANA ANDRE VAR    ,1952      ,                ,  101,                    ,                              , 4,2,20190212 06:57:56,    0,         0,        86,  120,   20,  101,2,                ,0000000,2, 1,         0,    0,0000000000000000000000000000000000000000,0000000000000000000000010000000000000000,         0,         0,         0,         0,1, 0, 0, 0,A800                          ,   87,         0,1,20190212 06:56:30,                              , 9999, 9999, 9999, 9999,32767,     0,     0
 ED5.2,8856125                       ,1513                          ,LUISA SORAYA ACE    ,1945      ,                ,  101,                    ,                              , 0,1,20190212 06:58:01,    0,         0,         0,  409,   84,  101,2,                ,0010000,0, 0,         0,    0,0000000000000000000000000000000000000000,0000000000000000000000010000000000001000,         0,         0,         0,         0,1, 0, 0, 0,0968856125                    ,    0,         0,0,20190212 06:58:01,1513                          , 9999, 9999, 9999,  101,32767,     0,     0
 ED5.2,                              ,FS084                         ,valoremani          ,          ,                ,  101,                    ,                              , 4,1,20190212 06:58:06,    0,         0,         9,  410,   84,  101,2,                ,0000000,0, 0,         0,    0,0000000000000000000000000000000000000000,0000000000000000000000010000000000000000,         0,         0,         0,         0,1, 0, 0, 0,                              ,    9,         0,1,20190212 06:57:57,                              , 9999, 9999, 9999, 9999,32767,     0,     0
 ED5.2,932606                        ,FS219                         ,SIPCTG              ,          ,                ,  101,                    ,                              , 4,2,20190212 06:58:07,    0,         0,         4,11486,  219,  101,2,                ,0000000,2, 0,         0,    0,0000000000000000000000000000000000000000,0000000000000000000000010000000000000000,         0,         0,         0,         0,1, 0, 0, 0,A800                          ,    4,         0,0,20190212 06:58:03,                              , 9999, 9999, 9999, 9999,32767,     0,     0
 ED5.2,6932606                       ,1513                          ,LUISA SORAYA ACE    ,1945      ,                ,  101,                    ,                              , 0,2,20190212 06:58:07,    0,         0,         4,11485,  219,  101,2,                ,0000000,2, 1,         0,    0,1000000000000000000000000000000000000000,0000000000000000000000010000000000001000,         0,         0,         0,         0,1, 0, 0,19,0956932606                    ,    0,         0,0,20190212 06:58:03,1513                          , 9999, 9999, 9999,  101,32767,     0,     0
 ED5.2,6576458                       ,1513                          ,LUISA SORAYA ACE    ,1945      ,                ,  101,                    ,                              , 0,1,20190212 06:58:15,    0,         0,         0,  401,   80,  101,2,                ,0010000,0, 0,         0,    0,0000000000000000000000000000000000000000,0000000000000000000000010000000000001000,         0,         0,         0,         0,1, 0, 0, 0,0976576458                    ,    0,         0,0,20190212 06:58:15,1513                          , 9999, 9999, 9999,  101,32767,     0,     0
 ED5.2,                              ,FS080                         ,BUCARAMANG          ,          ,                ,  101,                    ,                              , 4,1,20190212 06:58:20,    0,         0,         7,  402,   80,  101,2,                ,0000000,0, 0,         0,    0,0000000000000000000000000000000000000000,0000000000000000000000010000000000000000,         0,         0,         0,         0,1, 0, 0, 0,                              ,    8,         0,1,20190212 06:58:13,                              , 9999, 9999, 9999, 9999,32767,     0,     0
 ED5.2,1446                          ,1582                          ,                    ,1949      ,                ,  101,                    ,                              ,14,0,20190212 06:59:32,    0,         0,         0,65535,65535, 9999,2,                ,0000000,0, 0,         0,    0,0000000000000000000000000000000000000000,0000000000000000000000000000000000000000,         0,         0,         0,         0,1, 0, 0, 0,1446                          ,    0,         0,0,20190212 06:59:32,1582                          ,  101, 9999,  101,  101,    0,     0,     0
 ED5.2,5365644                       ,FS020                         ,ETB                 ,          ,                ,  101,                    ,                              , 4,2,20190212 07:00:48,    0,         0,        30,  120,   20,  101,2,                ,0000000,3, 0,         0,    0,0000000000000000000000000000000000000000,0000000000000000000000010000000000000000,         0,         0,         0,         0,1, 0, 0, 0,A800                          ,   31,         0,1,20190212 07:00:18,                              , 9999, 9999, 9999, 9999,32767,     0,     0
