 ED5.2,3944058                       ,3269                          ,OSCAR GIOVAN ALV    ,1979      ,                ,  101,                    ,                              , 4,2,20190108 19:03:17,    0,         0,        81,10866,   82,  101,2,                ,0000000,2, 0,         0,    0,0000000000000000000000000000000000000000,0000000000000000000000010000000000000000,         0,         0,         0,         0,1, 0, 0, 0,A500                          ,   29,        53,0,20190108 19:01:56,                              , 9999, 9999, 9999, 9999,32767,     0,     0
 ED5.2,8920624                       ,2093                          ,MAYERLY NATA BAL    ,4632      ,                ,  101,                    ,                              , 0,2,20190108 19:03:29,    0,         0,       318,  300,   65,  101,2,                ,0010000,2, 1,         0,    0,1000000000000000000000000000000000000000,0000000000000000000000010000000000001000,         0,         0,         0,         0,1, 0, 0, 0,8920624                       ,    0,         0,0,20190108 18:58:11,2093                          , 9999, 9999, 9999,  101,32767,     0,     0
 ED5.2,2123505                       ,1036                          ,JUANITA PAEZ COR    ,1632      ,                ,  101,                    ,                              , 0,2,20190108 19:03:45,    0,         0,         0,10002,   11,  101,2,                ,0010000,2, 1,         0,    0,1000000000000000000000000000000000000000,0000000000000000000000010000000000001000,         0,         0,         0,         0,1, 0, 0, 0,2123505                       ,    0,         0,0,20190108 19:03:45,1036                          , 9999, 9999, 9999,  101,32767,     0,     0
 ED5.2,8645083                       ,1474                          ,JAIME ANDRES ROM    ,1154      ,                ,  101,                    ,                              , 4,2,20190108 19:03:48,    0,         0,       189,  120,   20,  101,2,                ,0000000,3, 0,         0,    0,0000000000000000000000000000000000000000,0000000000000000000000010000000000000000,         0,         0,         0,         0,1, 0, 0, 0,A800                          ,    6,       183,0,20190108 19:00:39,                              , 9999, 9999, 9999, 9999,32767,     0,     0
 ED5.2,3344                          ,4087                          ,JHONATAN CAM MON    ,2952      ,                ,  101,                    ,                              , 0,2,20190108 19:04:20,    0,         0,         0,10445,   15,  101,2,                ,0010000,2, 1,         0,    0,1000000000000000000000000000000000000000,0000000000000000000000010000000000001000,         0,         0,         0,         0,1, 0, 0, 0,3344                          ,    0,         0,0,20190108 19:04:20,4087                          , 9999, 9999, 9999,  101,32767,     0,     0
 ED5.2,3344030                       ,4087                          ,JHONATAN CAM MON    ,2952      ,                ,  101,                    ,                              , 0,2,20190108 19:04:43,    0,         0,         4,10445,   15,  101,2,                ,0010000,2, 1,         0,    0,1000000000000000000000000000000000000000,0000000000000000000000010000000000001000,         0,         0,         0,         0,1, 0, 0, 0,3344030                       ,    0,         0,0,20190108 19:04:39,4087                          , 9999, 9999, 9999,  101,32767,     0,     0
 ED5.2,3344030                       ,4087                          ,JHONATAN CAM MON    ,2952      ,                ,  101,                    ,                              , 0,2,20190108 19:05:05,    0,         0,         0,10445,   15,  101,2,                ,0010000,2, 1,         0,    0,1000000000000000000000000000000000000000,0000000000000000000000010000000000001000,         0,         0,         0,         0,1, 0, 0, 0,3344030                       ,    0,         0,0,20190108 19:05:05,4087                          , 9999, 9999, 9999,  101,32767,     0,     0
 ED5.2,2123505                       ,1036                          ,JUANITA PAEZ COR    ,1632      ,                ,  101,                    ,                              , 0,2,20190108 19:05:53,    0,         0,        74,  120,   20,  101,2,                ,0010000,2, 1,         0,    0,1000000000000000000000000000000000000000,0000000000000000000000010000000000001000,         0,         0,         0,         0,1, 0, 0, 0,2123505                       ,    0,         0,0,20190108 19:04:39,1036                          , 9999, 9999, 9999,  101,32767,     0,     0
 ED5.2,6604869                       ,1442                          ,DIANA VANESS RAM    ,1632      ,                ,  101,                    ,                              , 0,2,20190108 19:06:04,    0,         0,       184,10001,   11,  101,2,                ,0010000,2, 1,         0,    0,1000000000000000000000000000000000000000,0000000000000000000000010000000000001000,         0,         0,         0,         0,1, 0, 0, 0,6604869                       ,    0,         0,0,20190108 19:03:00,1442                          , 9999, 9999, 9999,  101,32767,     0,     0
 ED5.2,660486                        ,3107                          ,MARYURY PIRA        ,1672      ,                ,  101,                    ,                              , 0,2,20190108 19:06:37,    0,         0,         0,10001,   11,  101,2,                ,0010000,2, 1,         0,    0,1000000000000000000000000000000000000000,0000000000000000000000010000000000001000,         0,         0,         0,         0,1, 0, 0, 0,660486                        ,    0,         0,0,20190108 19:06:37,3107                          , 9999, 9999, 9999,  101,32767,     0,     0
 ED5.2,3132481315                    ,1320                          ,NINY JOHANA RODR    ,1952      ,                ,  101,                    ,                              , 0,1,20190108 19:06:56,    0,         0,         6,  378,   21,  101,2,                ,0010000,0, 0,         0,    0,0000000000000000000000000000000000000000,0000000000000000000000010000000000001000,         0,         0,         0,         0,1, 0, 0, 0,033132481315                  ,    0,         0,0,20190108 19:06:50,1320                          , 9999, 9999, 9999,  101,32767,     0,     0
 ED5.2,1819                          ,1381                          ,                    ,1952      ,                ,  101,                    ,                              ,14,0,20190108 19:07:19,    0,         0,        62,65535,65535, 9999,2,                ,0000000,0, 0,         0,    0,0000000000000000000000000000000000000000,0000000000000000000000000000000000000000,         0,         0,         0,         0,1, 0, 0, 0,1819                          ,    0,        62,0,20190108 19:06:17,1381                          ,  101, 9999,  101,  101,    0,     0,     0
 ED5.2,7580508                       ,3136                          ,MARIA ALEJAN MON    ,1672      ,                ,  101,                    ,                              , 0,2,20190108 19:07:49,    0,         0,       190,10002,   11,  101,2,                ,0010000,2, 1,         0,    0,1000000000000000000000000000000000000000,0000000000000000000000010000000000001000,         0,         0,         0,         0,1, 0, 0, 0,7580508                       ,    0,         0,0,20190108 19:04:39,3136                          , 9999, 9999, 9999,  101,32767,     0,     0
 ED5.2,6604869                       ,1442                          ,DIANA VANESS RAM    ,1632      ,                ,  101,                    ,                              , 0,2,20190108 19:08:24,    0,         0,        33,10003,   11,  101,2,                ,0010000,2, 1,         0,    0,1000000000000000000000000000000000000000,0000000000000000000000010000000000001000,         0,         0,         0,         0,1, 0, 0, 0,6604869                       ,    0,         0,0,20190108 19:07:51,1442                          , 9999, 9999, 9999,  101,32767,     0,     0
 ED5.2,3344030                       ,4087                          ,JHONATAN CAM MON    ,2952      ,                ,  101,                    ,                              , 0,2,20190108 19:09:27,    0,         0,        47,10445,   15,  101,2,                ,0010000,2, 1,         0,    0,1000000000000000000000000000000000000000,0000000000000000000000010000000000001000,         0,         0,         0,         0,1, 0, 0, 0,3344030                       ,    0,         0,0,20190108 19:08:40,4087                          , 9999, 9999, 9999,  101,32767,     0,     0
 ED5.2,1582                          ,1559                          ,                    ,1632      ,                ,  101,                    ,                              ,14,0,20190108 19:09:55,    0,         0,       282,65535,65535, 9999,2,                ,0000000,0, 0,         0,    0,0000000000000000000000000000000000000000,0000000000000000000000000000000000000000,         0,         0,         0,         0,1, 0, 0, 0,1582                          ,    0,       282,0,20190108 19:05:13,1559                          ,  101, 9999,  101,  101,    0,     0,     0
 ED5.2,1236                          ,1322                          ,                    ,1952      ,                ,  101,                    ,                              ,14,0,20190108 19:10:01,    0,         0,         0,65535,65535, 9999,2,                ,0000000,0, 0,         0,    0,0000000000000000000000000000000000000000,0000000000000000000000000000000000000000,         0,         0,         0,         0,1, 0, 0, 0,1236                          ,    0,         0,0,20190108 19:10:01,1322                          ,  101, 9999,  101,  101,    0,     0,     0
 ED5.2,1039                          ,1384                          ,                    ,1632      ,                ,  101,                    ,                              ,14,0,20190108 19:10:34,    0,         0,        91,65535,65535, 9999,2,                ,0000000,0, 0,         0,    0,0000000000000000000000000000000000000000,0000000000000000000000000000000000000000,         0,         0,         0,         0,1, 0, 0, 0,1039                          ,    0,        91,0,20190108 19:09:03,1384                          ,  101, 9999,  101,  101,    0,     0,     0
 ED5.2,1684                          ,1039                          ,                    ,1631      ,                ,  101,                    ,                              ,14,0,20190108 19:10:37,    0,         0,         0,65535,65535, 9999,2,                ,0000000,0, 0,         0,    0,0000000000000000000000000000000000000000,0000000000000000000000000000000000000000,         0,         0,         0,         0,1, 0, 0, 0,1684                          ,    0,         0,0,20190108 19:10:37,1039                          ,  101, 9999,  101,  101,    0,     0,     0
 ED5.2,1384                          ,1039                          ,                    ,1631      ,                ,  101,                    ,                              ,14,0,20190108 19:10:53,    0,         0,         0,65535,65535, 9999,2,                ,0000000,0, 0,         0,    0,0000000000000000000000000000000000000000,0000000000000000000000000000000000000000,         0,         0,         0,         0,1, 0, 0, 0,1384                          ,    0,         0,0,20190108 19:10:53,1039                          ,  101, 9999,  101,  101,    0,     0,     0
 ED5.2,1382                          ,1893                          ,                    ,1741      ,                ,  101,                    ,                              ,14,0,20190108 19:10:54,    0,         0,         0,65535,65535, 9999,2,                ,0000000,0, 0,         0,    0,0000000000000000000000000000000000000000,0000000000000000000000000000000000000000,         0,         0,         0,         0,1, 0, 0, 0,1382                          ,    0,         0,0,20190108 19:10:54,1893                          ,  101, 9999,  101,  101,    0,     0,     0
 ED5.2,4026                          ,4055                          ,                    ,2635      ,                ,  101,                    ,                              ,14,0,20190108 19:11:32,    0,         0,       166,65535,65535, 9999,2,                ,0000000,0, 0,         0,    0,0000000000000000000000000000000000000000,0000000000000000000000000000000000000000,         0,         0,         0,         0,1, 0, 0, 0,4026                          ,    0,       166,0,20190108 19:08:46,4055                          ,  101, 9999,  101,  101,    0,     0,     0
 ED5.2,1320                          ,1439                          ,                    ,1632      ,                ,  101,                    ,                              ,14,0,20190108 19:11:50,    0,         0,       193,65535,65535, 9999,2,                ,0000000,0, 0,         0,    0,0000000000000000000000000000000000000000,0000000000000000000000000000000000000000,         0,         0,         0,         0,1, 0, 0, 0,1320                          ,    0,       193,0,20190108 19:08:37,1439                          ,  101, 9999,  101,  101,    0,     0,     0
 ED5.2,1236                          ,1322                          ,                    ,1952      ,                ,  101,                    ,                              ,14,0,20190108 19:12:14,    0,         0,         0,65535,65535, 9999,2,                ,0000000,0, 0,         0,    0,0000000000000000000000000000000000000000,0000000000000000000000000000000000000000,         0,         0,         0,         0,1, 0, 0, 0,1236                          ,    0,         0,0,20190108 19:12:14,1322                          ,  101, 9999,  101,  101,    0,     0,     0
 ED5.2,1236                          ,1312                          ,                    ,1632      ,                ,  101,                    ,                              ,14,0,20190108 19:12:35,    0,         0,         0,65535,65535, 9999,2,                ,0000000,0, 0,         0,    0,0000000000000000000000000000000000000000,0000000000000000000000000000000000000000,         0,         0,         0,         0,1, 0, 0, 0,1236                          ,    0,         0,0,20190108 19:12:35,1312                          ,  101, 9999,  101,  101,    0,     0,     0
 ED5.2,1312                          ,1322                          ,                    ,1952      ,                ,  101,                    ,                              ,14,0,20190108 19:12:35,    0,         0,        18,65535,65535, 9999,2,                ,0000000,0, 0,         0,    0,0000000000000000000000000000000000000000,0000000000000000000000000000000000000000,         0,         0,         0,         0,1, 0, 0, 0,1236                          ,    0,        18,1,20190108 19:12:17,1322                          ,  101, 9999,  101,  101,    0,     0,     0
 ED5.2,1129                          ,1357                          ,                    ,1632      ,                ,  101,                    ,                              ,14,0,20190108 19:13:17,    0,         0,         0,65535,65535, 9999,2,                ,0000000,0, 0,         0,    0,0000000000000000000000000000000000000000,0000000000000000000000000000000000000000,         0,         0,         0,         0,1, 0, 0, 0,1129                          ,    0,         0,0,20190108 19:13:17,1357                          ,  101, 9999,  101,  101,    0,     0,     0
 ED5.2,4841468                       ,1351                          ,LILIANA BARRERA     ,1949      ,                ,  101,                    ,                              , 0,2,20190108 19:13:28,    0,         0,         0,10002,   11,  101,2,                ,0010000,2, 1,         0,    0,1000000000000000000000000000000000000000,0000000000000000000000010000000000001000,         0,         0,         0,         0,1, 0, 0, 0,4841468                       ,    0,         0,0,20190108 19:13:28,1351                          , 9999, 9999, 9999,  101,32767,     0,     0
 ED5.2,7458030                       ,FS082                         ,SIPsalida           ,          ,                ,  101,                    ,                              , 4,2,20190108 19:14:06,    0,         0,        34,10869,   82,  101,2,                ,0000000,2, 0,         0,    0,0000000000000000000000000000000000000000,0000000000000000000000010000000000000000,         0,         0,         0,         0,1, 0, 0, 0,A500                          ,   35,         0,1,20190108 19:13:32,                              , 9999, 9999, 9999, 9999,32767,     0,     0
 ED5.2,6604869                       ,3107                          ,MARYURY PIRA        ,1672      ,                ,  101,                    ,                              , 0,2,20190108 19:14:27,    0,         0,       415,10001,   11,  101,2,                ,0010000,2, 1,         0,    0,1000000000000000000000000000000000000000,0000000000000000000000010000000000001000,         0,         0,         0,         0,1, 0, 0, 0,6604869                       ,    0,         0,0,20190108 19:07:32,3107                          , 9999, 9999, 9999,  101,32767,     0,     0
 ED5.2,4719724                       ,1228                          ,COORD PROCES ADI    ,1949      ,                ,  101,                    ,                              , 0,2,20190108 19:15:19,    0,         0,       104,10866,   82,  101,2,                ,0010000,2, 1,         0,    0,1000000000000000000000000000000000000000,0000000000000000000000010000000000001000,         0,         0,         0,         0,1, 0, 0, 0,4719724                       ,    0,         0,0,20190108 19:13:35,1228                          , 9999, 9999, 9999,  101,32767,     0,     0
 ED5.2,4324840                       ,1038                          ,CARLOS ALBER CAS    ,1632      ,                ,  101,                    ,                              , 0,2,20190108 19:15:40,    0,         0,         0,10004,   11,  101,2,                ,0010000,2, 1,         0,    0,1000000000000000000000000000000000000000,0000000000000000000000010000000000001000,         0,         0,         0,         0,1, 0, 0, 0,4324840                       ,    0,         0,0,20190108 19:15:40,1038                          , 9999, 9999, 9999,  101,32767,     0,     0
 ED5.2,4841460                       ,1351                          ,LILIANA BARRERA     ,1949      ,                ,  101,                    ,                              , 0,2,20190108 19:15:45,    0,         0,       129,10002,   11,  101,2,                ,0010000,2, 1,         0,    0,1000000000000000000000000000000000000000,0000000000000000000000010000000000001000,         0,         0,         0,         0,1, 0, 0, 0,4841460                       ,    0,         0,0,20190108 19:13:36,1351                          , 9999, 9999, 9999,  101,32767,     0,     0
 ED5.2,3327252                       ,2020                          ,ESTEFANI XIO MON    ,4635      ,                ,  101,                    ,                              , 4,2,20190108 19:15:55,    0,         0,        32,  301,   65,  101,2,                ,0000000,3, 0,         0,    0,0000000000000000000000000000000000000000,0000000000000000000000010000000000000000,         0,         0,         0,         0,1, 0, 0, 0,A600                          ,   33,         0,0,20190108 19:15:23,                              , 9999, 9999, 9999, 9999,32767,     0,     0
 ED5.2,4324840                       ,1038                          ,CARLOS ALBER CAS    ,1632      ,                ,  101,                    ,                              , 0,2,20190108 19:15:58,    0,         0,         0,  120,   20,  101,2,                ,0010000,2, 1,         0,    0,1000000000000000000000000000000000000000,0000000000000000000000010000000000001000,         0,         0,         0,         0,1, 0, 0, 0,4324840                       ,    0,         0,0,20190108 19:15:58,1038                          , 9999, 9999, 9999,  101,32767,     0,     0
 ED5.2,3911796                       ,1145                          ,BIBIANA RODRIGUE    ,1949      ,                ,  101,                    ,                              , 0,2,20190108 19:15:59,    0,         0,       127,10003,   11,  101,2,                ,0010000,2, 1,         0,    0,1000000000000000000000000000000000000000,0000000000000000000000010000000000001000,         0,         0,         0,         0,1, 0, 0, 0,3911796                       ,    0,         0,0,20190108 19:13:52,1145                          , 9999, 9999, 9999,  101,32767,     0,     0
 ED5.2,7700200                       ,1387                          ,WENDY VIVIAN PER    ,1952      ,                ,  101,                    ,                              , 0,2,20190108 19:16:01,    0,         0,        78,10001,   11,  101,2,                ,0010000,2, 1,         0,    0,1000000000000000000000000000000000000000,0000000000000000000000010000000000001000,         0,         0,         0,         0,1, 0, 0, 0,7700200                       ,    0,         0,0,20190108 19:14:43,1387                          , 9999, 9999, 9999,  101,32767,     0,     0
 ED5.2,3327252                       ,2020                          ,ESTEFANI XIO MON    ,4635      ,                ,  101,                    ,                              , 4,2,20190108 19:16:27,    0,         0,        27,  302,   65,  101,2,                ,0000000,3, 0,         0,    0,0000000000000000000000000000000000000000,0000000000000000000000010000000000000000,         0,         0,         0,         0,1, 0, 0, 0,A600                          ,   27,         0,0,20190108 19:16:00,                              , 9999, 9999, 9999, 9999,32767,     0,     0
 ED5.2,1235                          ,1818                          ,                    ,1632      ,                ,  101,                    ,                              ,14,0,20190108 19:16:55,    0,         0,         0,65535,65535, 9999,2,                ,0000000,0, 0,         0,    0,0000000000000000000000000000000000000000,0000000000000000000000000000000000000000,         0,         0,         0,         0,1, 0, 0, 0,1235                          ,    0,         0,0,20190108 19:16:55,1818                          ,  101, 9999,  101,  101,    0,     0,     0
 ED5.2,3327252                       ,2020                          ,ESTEFANI XIO MON    ,4635      ,                ,  101,                    ,                              , 4,2,20190108 19:17:13,    0,         0,        41,  303,   65,  101,2,                ,0000000,3, 0,         0,    0,0000000000000000000000000000000000000000,0000000000000000000000010000000000000000,         0,         0,         0,         0,1, 0, 0, 0,A600                          ,   42,         0,0,20190108 19:16:32,                              , 9999, 9999, 9999, 9999,32767,     0,     0
 ED5.2,1364                          ,1512                          ,                    ,1632      ,                ,  101,                    ,                              ,14,0,20190108 19:17:29,    0,         0,        59,65535,65535, 9999,2,                ,0000000,0, 0,         0,    0,0000000000000000000000000000000000000000,0000000000000000000000000000000000000000,         0,         0,         0,         0,1, 0, 0, 0,1364                          ,    0,        59,0,20190108 19:16:30,1512                          ,  101, 9999,  101,  101,    0,     0,     0
 ED5.2,1235                          ,1818                          ,                    ,1632      ,                ,  101,                    ,                              ,14,0,20190108 19:17:39,    0,         0,        35,65535,65535, 9999,2,                ,0000000,0, 0,         0,    0,0000000000000000000000000000000000000000,0000000000000000000000000000000000000000,         0,         0,         0,         0,1, 0, 0, 0,1235                          ,    0,        35,0,20190108 19:17:04,1818                          ,  101, 9999,  101,  101,    0,     0,     0
 ED5.2,5120                          ,5140                          ,                    ,3632      ,                ,  101,                    ,                              ,14,0,20190108 19:18:08,    0,         0,       603,65535,65535, 9999,2,                ,0000000,0, 0,         0,    0,0000000000000000000000000000000000000000,0000000000000000000000000000000000000000,         0,         0,         0,         0,1, 0, 0, 0,5120                          ,    0,       603,0,20190108 19:08:05,5140                          ,  101, 9999,  101,  101,    0,     0,     0
 ED5.2,7756370                       ,1228                          ,COORD PROCES ADI    ,1949      ,                ,  101,                    ,                              , 0,2,20190108 19:18:28,    0,         0,       174,10866,   82,  101,2,                ,0010000,2, 1,         0,    0,1000000000000000000000000000000000000000,0000000000000000000000010000000000001000,         0,         0,         0,         0,1, 0, 0, 0,7756370                       ,    0,         0,0,20190108 19:15:34,1228                          , 9999, 9999, 9999,  101,32767,     0,     0
 ED5.2,6604869                       ,1893                          ,LUCERO LISET CRU    ,1741      ,                ,  101,                    ,                              , 0,2,20190108 19:18:54,    0,         0,       100,10001,   11,  101,2,                ,0010000,2, 1,         0,    0,1000000000000000000000000000000000000000,0000000000000000000000010000000000001000,         0,         0,         0,         0,1, 0, 0, 0,6604869                       ,    0,         0,0,20190108 19:17:14,1893                          , 9999, 9999, 9999,  101,32767,     0,     0
 ED5.2,1534                          ,1495                          ,                    ,1952      ,                ,  101,                    ,                              ,14,0,20190108 19:19:20,    0,         0,         0,65535,65535, 9999,2,                ,0000000,0, 0,         0,    0,0000000000000000000000000000000000000000,0000000000000000000000000000000000000000,         0,         0,         0,         0,1, 0, 0, 0,1534                          ,    0,         0,0,20190108 19:19:20,1495                          ,  101, 9999,  101,  101,    0,     0,     0
 ED5.2,1320                          ,1439                          ,                    ,1632      ,                ,  101,                    ,                              ,14,0,20190108 19:20:28,    0,         0,       141,65535,65535, 9999,2,                ,0000000,0, 0,         0,    0,0000000000000000000000000000000000000000,0000000000000000000000000000000000000000,         0,         0,         0,         0,1, 0, 0, 0,1320                          ,    0,       141,0,20190108 19:18:07,1439                          ,  101, 9999,  101,  101,    0,     0,     0
 ED5.2,663108743830                  ,FS020                         ,ETB                 ,          ,                ,  101,                    ,                              , 4,2,20190108 19:20:49,    0,         0,        35,  121,   20,  101,2,                ,0000000,2, 0,         0,    0,0000000000000000000000000000000000000000,0000000000000000000000010000000000000000,         0,         0,         0,         0,1, 0, 0, 0,A800                          ,   35,         0,1,20190108 19:20:14,                              , 9999, 9999, 9999, 9999,32767,     0,     0
 ED5.2,1236                          ,1322                          ,                    ,1952      ,                ,  101,                    ,1312                          ,14,0,20190108 19:20:57,    0,         0,       501,65535,65535, 9999,2,                ,0000000,0, 0,         0,    0,0000000000000000000000000000000000000000,0000000000000000000000000000000000000000,         0,         0,         0,         0,1, 0, 0, 0,                              ,    0,       501,0,20190108 19:12:36,1322                          ,  101,  101, 9999,  101,    0,     0,     0
 ED5.2,6113030                       ,1820                          ,VICKY ALEJAN BAR    ,1632      ,                ,  101,                    ,                              , 0,2,20190108 19:21:16,    0,         0,       246,10002,   11,  101,2,                ,0010000,2, 1,         0,    0,1000000000000000000000000000000000000000,0000000000000000000000010000000000001000,         0,         0,         0,         0,1, 0, 0, 0,6113030                       ,    0,         0,0,20190108 19:17:10,1820                          , 9999, 9999, 9999,  101,32767,     0,     0
 ED5.2,7555152                       ,1454                          ,VIVIANA PARRA PI    ,1952      ,                ,  101,                    ,                              , 0,2,20190108 19:21:22,    0,         0,         0,10001,   11,  101,2,                ,0010000,2, 1,         0,    0,1000000000000000000000000000000000000000,0000000000000000000000010000000000001000,         0,         0,         0,         0,1, 0, 0, 0,7555152                       ,    0,         0,0,20190108 19:21:22,1454                          , 9999, 9999, 9999,  101,32767,     0,     0
 ED5.2,2123505                       ,3293                          ,ERIKA MARCEL JAR    ,1632      ,                ,  101,                    ,                              , 4,2,20190108 19:22:35,    0,         0,        51,  121,   20,  101,2,                ,0000000,3, 0,         0,    0,0000000000000000000000000000000000000000,0000000000000000000000010000000000000000,         0,         0,         0,         0,1, 0, 0, 0,A800                          ,    8,        44,0,20190108 19:21:44,                              , 9999, 9999, 9999, 9999,32767,     0,     0
 ED5.2,1351                          ,1032                          ,                    ,1632      ,                ,  101,                    ,                              ,14,0,20190108 19:23:28,    0,         0,        26,65535,65535, 9999,2,                ,0000000,0, 0,         0,    0,0000000000000000000000000000000000000000,0000000000000000000000000000000000000000,         0,         0,         0,         0,1, 0, 0, 0,1351                          ,    0,        26,0,20190108 19:23:02,1032                          ,  101, 9999,  101,  101,    0,     0,     0
 ED5.2,1529                          ,1429                          ,                    ,1843      ,                ,  101,                    ,                              ,14,0,20190108 19:23:40,    0,         0,         0,65535,65535, 9999,2,                ,0000000,0, 0,         0,    0,0000000000000000000000000000000000000000,0000000000000000000000000000000000000000,         0,         0,         0,         0,1, 0, 0, 0,1529                          ,    0,         0,0,20190108 19:23:40,1429                          ,  101, 9999,  101,  101,    0,     0,     0
 ED5.2,1506                          ,1429                          ,                    ,1843      ,                ,  101,                    ,                              ,14,0,20190108 19:23:44,    0,         0,         0,65535,65535, 9999,2,                ,0000000,0, 0,         0,    0,0000000000000000000000000000000000000000,0000000000000000000000000000000000000000,         0,         0,         0,         0,1, 0, 0, 0,1529                          ,    0,         0,1,20190108 19:23:44,1429                          ,  101, 9999,  101,  101,    0,     0,     0
 ED5.2,291259                        ,1014                          ,RECEPCION LO COU    ,1635      ,                ,  101,                    ,                              , 4,2,20190108 19:23:55,    0,         0,       349,  120,   20,  101,2,                ,0000000,3, 0,         0,    0,0000000000000000000000000000000000000000,0000000000000000000000010000000000000000,         0,         0,         0,         0,1, 0, 0, 0,A800                          ,  266,        83,1,20190108 19:18:06,                              , 9999, 9999, 9999, 9999,32767,     0,     0
 ED5.2,072742118                     ,FS015                         ,SIPMED F            ,          ,                ,  101,                    ,                              , 4,2,20190108 19:24:04,    0,         0,        15,10445,   15,  101,2,                ,0000000,2, 0,         0,    0,0000000000000000000000000000000000000000,0000000000000000000000010000000000000000,         0,         0,         0,         0,1, 0, 0, 0,A800                          ,   15,         0,1,20190108 19:23:49,                              , 9999, 9999, 9999, 9999,32767,     0,     0
 ED5.2,9064305                       ,1447                          ,RUBY ELSA ALFONS    ,1632      ,                ,  101,                    ,                              , 0,2,20190108 19:24:07,    0,         0,        84,10001,   11,  101,2,                ,0010000,2, 1,         0,    0,1000000000000000000000000000000000000000,0000000000000000000000010000000000001000,         0,         0,         0,         0,1, 0, 0, 0,9064305                       ,    0,         0,0,20190108 19:22:43,1447                          , 9999, 9999, 9999,  101,32767,     0,     0
 ED5.2,1444                          ,2063                          ,                    ,4632      ,                ,  101,                    ,                              ,14,0,20190108 19:24:11,    0,         0,         0,65535,65535, 9999,2,                ,0000000,0, 0,         0,    0,0000000000000000000000000000000000000000,0000000000000000000000000000000000000000,         0,         0,         0,         0,1, 0, 0, 0,1444                          ,    0,         0,0,20190108 19:24:11,2063                          ,  101, 9999,  101,  101,    0,     0,     0
 ED5.2,291259                        ,FS020                         ,ETB                 ,          ,                ,  101,                    ,                              , 4,2,20190108 19:24:17,    0,         0,         3,  120,   20,  101,2,                ,0000000,3, 0,         0,    0,0000000000000000000000000000000000000000,0000000000000000000000010000000000000000,         0,         0,         0,         0,1, 0, 0, 0,A800                          ,    4,         0,0,20190108 19:24:14,                              , 9999, 9999, 9999, 9999,32767,     0,     0
 ED5.2,1559                          ,2061                          ,                    ,4632      ,                ,  101,                    ,                              ,14,0,20190108 19:24:20,    0,         0,         0,65535,65535, 9999,2,                ,0000000,0, 0,         0,    0,0000000000000000000000000000000000000000,0000000000000000000000000000000000000000,         0,         0,         0,         0,1, 0, 0, 0,1559                          ,    0,         0,0,20190108 19:24:20,2061                          ,  101, 9999,  101,  101,    0,     0,     0
 ED5.2,1041                          ,2061                          ,                    ,4632      ,                ,  101,                    ,                              ,14,0,20190108 19:24:23,    0,         0,         0,65535,65535, 9999,2,                ,0000000,0, 0,         0,    0,0000000000000000000000000000000000000000,0000000000000000000000000000000000000000,         0,         0,         0,         0,1, 0, 0, 0,1559                          ,    0,         0,1,20190108 19:24:23,2061                          ,  101, 9999,  101,  101,    0,     0,     0
 ED5.2,1526                          ,2063                          ,                    ,4632      ,                ,  101,                    ,                              ,14,0,20190108 19:24:27,    0,         0,         0,65535,65535, 9999,2,                ,0000000,0, 0,         0,    0,0000000000000000000000000000000000000000,0000000000000000000000000000000000000000,         0,         0,         0,         0,1, 0, 0, 0,1444                          ,    0,         0,1,20190108 19:24:27,2063                          ,  101, 9999,  101,  101,    0,     0,     0
 ED5.2,1175                          ,1384                          ,                    ,1632      ,                ,  101,                    ,                              ,14,0,20190108 19:24:29,    0,         0,         0,65535,65535, 9999,2,                ,0000000,0, 0,         0,    0,0000000000000000000000000000000000000000,0000000000000000000000000000000000000000,         0,         0,         0,         0,1, 0, 0, 0,1175                          ,    0,         0,0,20190108 19:24:29,1384                          ,  101, 9999,  101,  101,    0,     0,     0
 ED5.2,1041                          ,2061                          ,                    ,4632      ,                ,  101,                    ,                              ,14,0,20190108 19:24:37,    0,         0,         0,65535,65535, 9999,2,                ,0000000,0, 0,         0,    0,0000000000000000000000000000000000000000,0000000000000000000000000000000000000000,         0,         0,         0,         0,1, 0, 0, 0,1041                          ,    0,         0,0,20190108 19:24:37,2061                          ,  101, 9999,  101,  101,    0,     0,     0
 ED5.2,1026                          ,1384                          ,                    ,1632      ,                ,  101,                    ,                              ,14,0,20190108 19:24:45,    0,         0,         0,65535,65535, 9999,2,                ,0000000,0, 0,         0,    0,0000000000000000000000000000000000000000,0000000000000000000000000000000000000000,         0,         0,         0,         0,1, 0, 0, 0,1175                          ,    0,         0,1,20190108 19:24:45,1384                          ,  101, 9999,  101,  101,    0,     0,     0
 ED5.2,1027                          ,1384                          ,                    ,1632      ,                ,  101,                    ,                              ,14,0,20190108 19:25:00,    0,         0,         0,65535,65535, 9999,2,                ,0000000,0, 0,         0,    0,0000000000000000000000000000000000000000,0000000000000000000000000000000000000000,         0,         0,         0,         0,1, 0, 0, 0,1175                          ,    0,         0,1,20190108 19:25:00,1384                          ,  101, 9999,  101,  101,    0,     0,     0
 ED5.2,1865                          ,1384                          ,                    ,1632      ,                ,  101,                    ,                              ,14,0,20190108 19:25:03,    0,         0,         0,65535,65535, 9999,2,                ,0000000,0, 0,         0,    0,0000000000000000000000000000000000000000,0000000000000000000000000000000000000000,         0,         0,         0,         0,1, 0, 0, 0,1175                          ,    0,         0,1,20190108 19:25:03,1384                          ,  101, 9999,  101,  101,    0,     0,     0
 ED5.2,7265130                       ,1225                          ,MARIA DEL PI ALB    ,1632      ,                ,  101,                    ,                              , 0,2,20190108 19:25:25,    0,         0,        42,10001,   11,  101,2,                ,0010000,2, 1,         0,    0,1000000000000000000000000000000000000000,0000000000000000000000010000000000001000,         0,         0,         0,         0,1, 0, 0, 0,7265130                       ,    0,         0,0,20190108 19:24:43,1225                          , 9999, 9999, 9999,  101,32767,     0,     0
 ED5.2,072742118                     ,4020                          ,MARISOL BETANCUR    ,2952      ,                ,  101,                    ,                              , 4,2,20190108 19:25:47,    0,         0,        91,10445,   15,  101,2,                ,0000000,2, 0,         0,    0,0000000000000000000000000000000000000000,0000000000000000000000010000000000000000,         0,         0,         0,         0,1, 0, 0, 0,A800                          ,   92,         0,1,20190108 19:24:16,                              , 9999, 9999, 9999, 9999,32767,     0,     0
 ED5.2,2123505                       ,1334                          ,CAJERO RECAUDO      ,1949      ,                ,  101,                    ,                              , 0,2,20190108 19:27:02,    0,         0,        46,10001,   11,  101,2,                ,0010000,2, 1,         0,    0,1000000000000000000000000000000000000000,0000000000000000000000010000000000001000,         0,         0,         0,         0,1, 0, 0, 0,2123505                       ,    0,         0,0,20190108 19:26:16,1334                          , 9999, 9999, 9999,  101,32767,     0,     0
 ED5.2,4009                          ,4058                          ,                    ,2952      ,                ,  101,                    ,                              ,14,0,20190108 19:27:40,    0,         0,         0,65535,65535, 9999,2,                ,0000000,0, 0,         0,    0,0000000000000000000000000000000000000000,0000000000000000000000000000000000000000,         0,         0,         0,         0,1, 0, 0, 0,4009                          ,    0,         0,0,20190108 19:27:40,4058                          ,  101, 9999,  101,  101,    0,     0,     0
 ED5.2,4055                          ,4058                          ,                    ,2952      ,                ,  101,                    ,                              ,14,0,20190108 19:27:58,    0,         0,         7,65535,65535, 9999,2,                ,0000000,0, 0,         0,    0,0000000000000000000000000000000000000000,0000000000000000000000000000000000000000,         0,         0,         0,         0,1, 0, 0, 0,4055                          ,    0,         7,0,20190108 19:27:51,4058                          ,  101, 9999,  101,  101,    0,     0,     0
 ED5.2,3138105365                    ,1150                          ,LINA VANESA GALI    ,1952      ,                ,  101,                    ,                              , 0,1,20190108 19:28:43,    0,         0,        30,  377,   21,  101,2,                ,0010000,0, 0,         0,    0,0000000000000000000000000000000000000000,0000000000000000000000010000000000001000,         0,         0,         0,         0,1, 0, 0, 0,033138105365                  ,    0,         0,0,20190108 19:28:13,1150                          , 9999, 9999, 9999,  101,32767,     0,     0
 ED5.2,6604869                       ,1353                          ,ANGIE JOHANN ROD    ,1632      ,                ,  101,                    ,                              , 0,2,20190108 19:28:44,    0,         0,       102,10002,   11,  101,2,                ,0010000,2, 1,         0,    0,1000000000000000000000000000000000000000,0000000000000000000000010000000000001000,         0,         0,         0,         0,1, 0, 0, 0,6604869                       ,    0,         0,0,20190108 19:27:02,1353                          , 9999, 9999, 9999,  101,32767,     0,     0
 ED5.2,074111661                     ,FS015                         ,SIPMED F            ,          ,                ,  101,                    ,                              , 4,2,20190108 19:31:30,    0,         0,        32,10445,   15,  101,2,                ,0000000,2, 0,         0,    0,0000000000000000000000000000000000000000,0000000000000000000000010000000000000000,         0,         0,         0,         0,1, 0, 0, 0,A800                          ,   33,         0,1,20190108 19:30:58,                              , 9999, 9999, 9999, 9999,32767,     0,     0
 ED5.2,2123505                       ,1526                          ,DIEGO ALEXAN LOP    ,1632      ,                ,  101,                    ,                              , 0,2,20190108 19:31:41,    0,         0,        26,10001,   11,  101,2,                ,0010000,2, 1,         0,    0,1000000000000000000000000000000000000000,0000000000000000000000010000000000001000,         0,         0,         0,         0,1, 0, 0, 0,2123505                       ,    0,         0,0,20190108 19:31:15,1526                          , 9999, 9999, 9999,  101,32767,     0,     0
 ED5.2,1320                          ,1439                          ,                    ,1632      ,                ,  101,                    ,                              ,14,0,20190108 19:32:29,    0,         0,       266,65535,65535, 9999,2,                ,0000000,0, 0,         0,    0,0000000000000000000000000000000000000000,0000000000000000000000000000000000000000,         0,         0,         0,         0,1, 0, 0, 0,1320                          ,    0,       266,0,20190108 19:28:03,1439                          ,  101, 9999,  101,  101,    0,     0,     0
 ED5.2,1129                          ,1357                          ,                    ,1632      ,                ,  101,                    ,                              ,14,0,20190108 19:32:57,    0,         0,      1172,65535,65535, 9999,2,                ,0000000,0, 0,         0,    0,0000000000000000000000000000000000000000,0000000000000000000000000000000000000000,         0,         0,         0,         0,1, 0, 0, 0,1129                          ,    0,      1172,0,20190108 19:13:25,1357                          ,  101, 9999,  101,  101,    0,     0,     0
 ED5.2,7555152                       ,1454                          ,VIVIANA PARRA PI    ,1952      ,                ,  101,                    ,                              , 0,2,20190108 19:33:28,    0,         0,         0,10001,   11,  101,2,                ,0010000,2, 1,         0,    0,1000000000000000000000000000000000000000,0000000000000000000000010000000000001000,         0,         0,         0,         0,1, 0, 0, 0,7555152                       ,    0,         0,0,20190108 19:33:28,1454                          , 9999, 9999, 9999,  101,32767,     0,     0
 ED5.2,4608583                       ,1530                          ,CAMILA GONZALEZ     ,1632      ,                ,  101,                    ,                              , 0,2,20190108 19:34:31,    0,         0,       365,10866,   82,  101,2,                ,0010000,2, 1,         0,    0,1000000000000000000000000000000000000000,0000000000000000000000010000000000001000,         0,         0,         0,         0,1, 0, 0, 0,4608583                       ,    0,         0,0,20190108 19:28:26,1530                          , 9999, 9999, 9999,  101,32767,     0,     0
 ED5.2,3989898                       ,2020                          ,ESTEFANI XIO MON    ,4635      ,                ,  101,                    ,                              , 4,2,20190108 19:35:54,    0,         0,        59,  304,   65,  101,2,                ,0000000,3, 0,         0,    0,0000000000000000000000000000000000000000,0000000000000000000000010000000000000000,         0,         0,         0,         0,1, 0, 0, 0,A600                          ,   60,         0,0,20190108 19:34:55,                              , 9999, 9999, 9999, 9999,32767,     0,     0
 ED5.2,1444                          ,2063                          ,                    ,4632      ,                ,  101,                    ,                              ,14,0,20190108 19:40:55,    0,         0,       178,65535,65535, 9999,2,                ,0000000,0, 0,         0,    0,0000000000000000000000000000000000000000,0000000000000000000000000000000000000000,         0,         0,         0,         0,1, 0, 0, 0,1444                          ,    0,       178,0,20190108 19:37:57,2063                          ,  101, 9999,  101,  101,    0,     0,     0
 ED5.2,------------------------------,******************************,                    ,**********,                ,  101,                    ,******************************, 4,2,20190108 19:42:17,    0,         0,        24,10866,   82,  101,2,                ,0000000,2, 0,         0,    0,0000000000000000000000000000000000000000,0000000000000000000000010000000000000000,         0,         0,         0,         0,1, 0, 0, 0,------------------------------,   21,         4,1,20190108 19:41:53,******************************, 9999, 9999, 9999, 9999,32767,     0,     0
 ED5.2,9432                          ,1368                          ,CAJA 6              ,1949      ,                ,  101,                    ,                              , 0,2,20190108 19:44:36,    0,         0,         0,10002,   11,  101,2,                ,0010000,2, 1,         0,    0,1000000000000000000000000000000000000000,0000000000000000000000010000000000001000,         0,         0,         0,         0,1, 0, 0, 0,9432                          ,    0,         0,0,20190108 19:44:36,1368                          , 9999, 9999, 9999,  101,32767,     0,     0
 ED5.2,2063                          ,2092                          ,                    ,4632      ,                ,  101,                    ,                              ,14,0,20190108 19:45:14,    0,         0,         2,65535,65535, 9999,2,                ,0000000,0, 0,         0,    0,0000000000000000000000000000000000000000,0000000000000000000000000000000000000000,         0,         0,         0,         0,1, 0, 0, 0,2063                          ,    0,         2,0,20190108 19:45:12,2092                          ,  101, 9999,  101,  101,    0,     0,     0
 ED5.2,1437                          ,1252                          ,                    ,1215      ,                ,  101,                    ,                              ,14,0,20190108 19:45:28,    0,         0,         7,65535,65535, 9999,2,                ,0000000,0, 0,         0,    0,0000000000000000000000000000000000000000,0000000000000000000000000000000000000000,         0,         0,         0,         0,1, 0, 0, 0,1437                          ,    0,         7,0,20190108 19:45:21,1252                          ,  101, 9999,  101,  101,    0,     0,     0
 ED5.2,6113030                       ,1820                          ,VICKY ALEJAN BAR    ,1632      ,                ,  101,                    ,                              , 0,2,20190108 19:45:28,    0,         0,       105,10001,   11,  101,2,                ,0010000,2, 1,         0,    0,1000000000000000000000000000000000000000,0000000000000000000000010000000000001000,         0,         0,         0,         0,1, 0, 0, 0,6113030                       ,    0,         0,0,20190108 19:43:43,1820                          , 9999, 9999, 9999,  101,32767,     0,     0
 ED5.2,1032                          ,1351                          ,                    ,1949      ,                ,  101,                    ,                              ,14,0,20190108 19:45:34,    0,         0,        60,65535,65535, 9999,2,                ,0000000,0, 0,         0,    0,0000000000000000000000000000000000000000,0000000000000000000000000000000000000000,         0,         0,         0,         0,1, 0, 0, 0,1032                          ,    0,        60,0,20190108 19:44:34,1351                          ,  101, 9999,  101,  101,    0,     0,     0
 ED5.2,4323739                       ,1368                          ,CAJA 6              ,1949      ,                ,  101,                    ,                              , 0,2,20190108 19:46:07,    0,         0,        60,10002,   11,  101,2,                ,0010000,2, 1,         0,    0,1000000000000000000000000000000000000000,0000000000000000000000010000000000001000,         0,         0,         0,         0,1, 0, 0, 0,4323739                       ,    0,         0,0,20190108 19:45:07,1368                          , 9999, 9999, 9999,  101,32767,     0,     0
 ED5.2,5120                          ,5140                          ,                    ,3632      ,                ,  101,                    ,                              ,14,0,20190108 19:47:41,    0,         0,        81,65535,65535, 9999,2,                ,0000000,0, 0,         0,    0,0000000000000000000000000000000000000000,0000000000000000000000000000000000000000,         0,         0,         0,         0,1, 0, 0, 0,5120                          ,    0,        81,0,20190108 19:46:20,5140                          ,  101, 9999,  101,  101,    0,     0,     0
 ED5.2,5155                          ,5120                          ,                    ,3952      ,                ,  101,                    ,                              ,14,0,20190108 19:50:47,    0,         0,       174,65535,65535, 9999,2,                ,0000000,0, 0,         0,    0,0000000000000000000000000000000000000000,0000000000000000000000000000000000000000,         0,         0,         0,         0,1, 0, 0, 0,5155                          ,    0,       174,0,20190108 19:47:53,5120                          ,  101, 9999,  101,  101,    0,     0,     0
 ED5.2,3485400                       ,1219                          ,KAREN VIVIAN VAR    ,1632      ,                ,  101,                    ,                              , 0,2,20190108 19:50:50,    0,         0,        59,10001,   11,  101,2,                ,0010000,2, 1,         0,    0,1000000000000000000000000000000000000000,0000000000000000000000010000000000001000,         0,         0,         0,         0,1, 0, 0, 0,3485400                       ,    0,         0,0,20190108 19:49:51,1219                          , 9999, 9999, 9999,  101,32767,     0,     0
 ED5.2,1129                          ,1357                          ,                    ,1632      ,                ,  101,                    ,                              ,14,0,20190108 19:51:15,    0,         0,        26,65535,65535, 9999,2,                ,0000000,0, 0,         0,    0,0000000000000000000000000000000000000000,0000000000000000000000000000000000000000,         0,         0,         0,         0,1, 0, 0, 0,1129                          ,    0,        26,0,20190108 19:50:49,1357                          ,  101, 9999,  101,  101,    0,     0,     0
 ED5.2,1320                          ,1439                          ,                    ,1632      ,                ,  101,                    ,                              ,14,0,20190108 19:51:28,    0,         0,         0,65535,65535, 9999,2,                ,0000000,0, 0,         0,    0,0000000000000000000000000000000000000000,0000000000000000000000000000000000000000,         0,         0,         0,         0,1, 0, 0, 0,1320                          ,    0,         0,0,20190108 19:51:28,1439                          ,  101, 9999,  101,  101,    0,     0,     0
 ED5.2,1319                          ,1439                          ,                    ,1632      ,                ,  101,                    ,                              ,14,0,20190108 19:51:43,    0,         0,         0,65535,65535, 9999,2,                ,0000000,0, 0,         0,    0,0000000000000000000000000000000000000000,0000000000000000000000000000000000000000,         0,         0,         0,         0,1, 0, 0, 0,1320                          ,    0,         0,1,20190108 19:51:43,1439                          ,  101, 9999,  101,  101,    0,     0,     0
 ED5.2,1179                          ,1444                          ,                    ,1632      ,                ,  101,                    ,                              ,14,0,20190108 19:51:43,    0,         0,         0,65535,65535, 9999,2,                ,0000000,0, 0,         0,    0,0000000000000000000000000000000000000000,0000000000000000000000000000000000000000,         0,         0,         0,         0,1, 0, 0, 0,1179                          ,    0,         0,0,20190108 19:51:43,1444                          ,  101, 9999,  101,  101,    0,     0,     0
 ED5.2,1159                          ,1444                          ,                    ,1632      ,                ,  101,                    ,                              ,14,0,20190108 19:51:50,    0,         0,         0,65535,65535, 9999,2,                ,0000000,0, 0,         0,    0,0000000000000000000000000000000000000000,0000000000000000000000000000000000000000,         0,         0,         0,         0,1, 0, 0, 0,1179                          ,    0,         0,1,20190108 19:51:50,1444                          ,  101, 9999,  101,  101,    0,     0,     0
 ED5.2,1320                          ,1439                          ,                    ,1632      ,                ,  101,                    ,                              ,14,0,20190108 19:52:20,    0,         0,         0,65535,65535, 9999,2,                ,0000000,0, 0,         0,    0,0000000000000000000000000000000000000000,0000000000000000000000000000000000000000,         0,         0,         0,         0,1, 0, 0, 0,1320                          ,    0,         0,0,20190108 19:52:20,1439                          ,  101, 9999,  101,  101,    0,     0,     0
 ED5.2,1319                          ,1439                          ,                    ,1632      ,                ,  101,                    ,                              ,14,0,20190108 19:52:36,    0,         0,         0,65535,65535, 9999,2,                ,0000000,0, 0,         0,    0,0000000000000000000000000000000000000000,0000000000000000000000000000000000000000,         0,         0,         0,         0,1, 0, 0, 0,1320                          ,    0,         0,1,20190108 19:52:36,1439                          ,  101, 9999,  101,  101,    0,     0,     0
 ED5.2,1382                          ,1439                          ,                    ,1632      ,                ,  101,                    ,                              ,14,0,20190108 19:52:51,    0,         0,         0,65535,65535, 9999,2,                ,0000000,0, 0,         0,    0,0000000000000000000000000000000000000000,0000000000000000000000000000000000000000,         0,         0,         0,         0,1, 0, 0, 0,1320                          ,    0,         0,1,20190108 19:52:51,1439                          ,  101, 9999,  101,  101,    0,     0,     0
 ED5.2,1512                          ,1364                          ,                    ,1632      ,                ,  101,                    ,                              ,14,0,20190108 19:52:52,    0,         0,        33,65535,65535, 9999,2,                ,0000000,0, 0,         0,    0,0000000000000000000000000000000000000000,0000000000000000000000000000000000000000,         0,         0,         0,         0,1, 0, 0, 0,1512                          ,    0,        33,0,20190108 19:52:19,1364                          ,  101, 9999,  101,  101,    0,     0,     0
 ED5.2,88                            ,1032                          ,                    ,1632      ,                ,  101,                    ,                              ,14,0,20190108 19:53:01,    0,         0,         3,65535,65535, 9999,2,                ,0000000,0, 0,         0,    0,0000000000000000000000000000000000000000,0000000000000000000000000000000000000000,         0,         0,         0,         0,1, 0, 0, 0,1497                          ,    0,         3,1,20190108 19:52:58,1032                          ,  101, 9999,  101,  101,    0,     0,     0
 ED5.2,88                            ,1032                          ,                    ,1632      ,                ,  101,                    ,                              ,14,0,20190108 19:53:05,    0,         0,         2,65535,65535, 9999,2,                ,0000000,0, 0,         0,    0,0000000000000000000000000000000000000000,0000000000000000000000000000000000000000,         0,         0,         0,         0,1, 0, 0, 0,1497                          ,    0,         2,1,20190108 19:53:03,1032                          ,  101, 9999,  101,  101,    0,     0,     0
 ED5.2,1319                          ,1439                          ,                    ,1632      ,                ,  101,                    ,                              ,14,0,20190108 19:53:07,    0,         0,         0,65535,65535, 9999,2,                ,0000000,0, 0,         0,    0,0000000000000000000000000000000000000000,0000000000000000000000000000000000000000,         0,         0,         0,         0,1, 0, 0, 0,1320                          ,    0,         0,1,20190108 19:53:07,1439                          ,  101, 9999,  101,  101,    0,     0,     0
 ED5.2,1382                          ,1439                          ,                    ,1632      ,                ,  101,                    ,                              ,14,0,20190108 19:53:22,    0,         0,         0,65535,65535, 9999,2,                ,0000000,0, 0,         0,    0,0000000000000000000000000000000000000000,0000000000000000000000000000000000000000,         0,         0,         0,         0,1, 0, 0, 0,1320                          ,    0,         0,1,20190108 19:53:22,1439                          ,  101, 9999,  101,  101,    0,     0,     0
 ED5.2,6604876                       ,1314                          ,INGENIERO DESARR    ,1945      ,                ,  101,                    ,                              , 0,2,20190108 19:53:31,    0,         0,       164,10002,   11,  101,2,                ,0010000,2, 1,         0,    0,1000000000000000000000000000000000000000,0000000000000000000000010000000000001000,         0,         0,         0,         0,1, 0, 0, 0,6604876                       ,    0,         0,0,20190108 19:50:47,1314                          , 9999, 9999, 9999,  101,32767,     0,     0
 ED5.2,1319                          ,1439                          ,                    ,1632      ,                ,  101,                    ,                              ,14,0,20190108 19:53:36,    0,         0,         0,65535,65535, 9999,2,                ,0000000,0, 0,         0,    0,0000000000000000000000000000000000000000,0000000000000000000000000000000000000000,         0,         0,         0,         0,1, 0, 0, 0,1320                          ,    0,         0,1,20190108 19:53:36,1439                          ,  101, 9999,  101,  101,    0,     0,     0
 ED5.2,7214625                       ,1562                          ,DIANA CAROLI GON    ,1949      ,                ,  101,                    ,                              , 0,2,20190108 19:53:43,    0,         0,        15,10003,   11,  101,2,                ,0010000,2, 1,         0,    0,1000000000000000000000000000000000000000,0000000000000000000000010000000000001000,         0,         0,         0,         0,1, 0, 0, 0,7214625                       ,    0,         0,0,20190108 19:53:28,1562                          , 9999, 9999, 9999,  101,32767,     0,     0
 ED5.2,1320                          ,1439                          ,                    ,1632      ,                ,  101,                    ,                              ,14,0,20190108 19:53:53,    0,         0,         0,65535,65535, 9999,2,                ,0000000,0, 0,         0,    0,0000000000000000000000000000000000000000,0000000000000000000000000000000000000000,         0,         0,         0,         0,1, 0, 0, 0,1320                          ,    0,         0,0,20190108 19:53:53,1439                          ,  101, 9999,  101,  101,    0,     0,     0
 ED5.2,1319                          ,1439                          ,                    ,1632      ,                ,  101,                    ,                              ,14,0,20190108 19:54:00,    0,         0,         0,65535,65535, 9999,2,                ,0000000,0, 0,         0,    0,0000000000000000000000000000000000000000,0000000000000000000000000000000000000000,         0,         0,         0,         0,1, 0, 0, 0,1320                          ,    0,         0,1,20190108 19:54:00,1439                          ,  101, 9999,  101,  101,    0,     0,     0
 ED5.2,3485400                       ,1219                          ,KAREN VIVIAN VAR    ,1632      ,                ,  101,                    ,                              , 0,2,20190108 19:56:08,    0,         0,       311,10001,   11,  101,2,                ,0010000,2, 1,         0,    0,1000000000000000000000000000000000000000,0000000000000000000000010000000000001000,         0,         0,         0,         0,1, 0, 0, 0,3485400                       ,    0,         0,0,20190108 19:50:57,1219                          , 9999, 9999, 9999,  101,32767,     0,     0
 ED5.2,1334                          ,1736                          ,                    ,1635      ,                ,  101,                    ,                              ,14,0,20190108 19:58:04,    0,         0,         6,65535,65535, 9999,2,                ,0000000,0, 0,         0,    0,0000000000000000000000000000000000000000,0000000000000000000000000000000000000000,         0,         0,         0,         0,1, 0, 0, 0,1334                          ,    0,         6,0,20190108 19:57:58,1736                          ,  101, 9999,  101,  101,    0,     0,     0
 ED5.2,3107                          ,1736                          ,                    ,1635      ,                ,  101,                    ,                              ,14,0,20190108 19:58:21,    0,         0,         6,65535,65535, 9999,2,                ,0000000,0, 0,         0,    0,0000000000000000000000000000000000000000,0000000000000000000000000000000000000000,         0,         0,         0,         0,1, 0, 0, 0,3107                          ,    0,         6,0,20190108 19:58:15,1736                          ,  101, 9999,  101,  101,    0,     0,     0
 ED5.2,1893                          ,1736                          ,                    ,1635      ,                ,  101,                    ,                              ,14,0,20190108 19:58:34,    0,         0,         7,65535,65535, 9999,2,                ,0000000,0, 0,         0,    0,0000000000000000000000000000000000000000,0000000000000000000000000000000000000000,         0,         0,         0,         0,1, 0, 0, 0,1893                          ,    0,         7,0,20190108 19:58:27,1736                          ,  101, 9999,  101,  101,    0,     0,     0
 ED5.2,4055                          ,4058                          ,                    ,2952      ,                ,  101,                    ,                              ,14,0,20190108 19:58:51,    0,         0,        34,65535,65535, 9999,2,                ,0000000,0, 0,         0,    0,0000000000000000000000000000000000000000,0000000000000000000000000000000000000000,         0,         0,         0,         0,1, 0, 0, 0,4055                          ,    0,        34,0,20190108 19:58:17,4058                          ,  101, 9999,  101,  101,    0,     0,     0
 ED5.2,1353                          ,1736                          ,                    ,1635      ,                ,  101,                    ,                              ,14,0,20190108 19:58:57,    0,         0,         7,65535,65535, 9999,2,                ,0000000,0, 0,         0,    0,0000000000000000000000000000000000000000,0000000000000000000000000000000000000000,         0,         0,         0,         0,1, 0, 0, 0,1353                          ,    0,         7,0,20190108 19:58:50,1736                          ,  101, 9999,  101,  101,    0,     0,     0
 ED5.2,1442                          ,1736                          ,                    ,1635      ,                ,  101,                    ,                              ,14,0,20190108 19:59:09,    0,         0,         6,65535,65535, 9999,2,                ,0000000,0, 0,         0,    0,0000000000000000000000000000000000000000,0000000000000000000000000000000000000000,         0,         0,         0,         0,1, 0, 0, 0,1442                          ,    0,         6,0,20190108 19:59:03,1736                          ,  101, 9999,  101,  101,    0,     0,     0
 ED5.2,1664                          ,1357                          ,                    ,1632      ,                ,  101,                    ,                              ,14,0,20190108 19:59:17,    0,         0,       137,65535,65535, 9999,2,                ,0000000,0, 0,         0,    0,0000000000000000000000000000000000000000,0000000000000000000000000000000000000000,         0,         0,         0,         0,1, 0, 0, 0,1664                          ,    0,       137,0,20190108 19:57:00,1357                          ,  101, 9999,  101,  101,    0,     0,     0
 ED5.2,3293                          ,1736                          ,                    ,1635      ,                ,  101,                    ,                              ,14,0,20190108 19:59:46,    0,         0,        11,65535,65535, 9999,2,                ,0000000,0, 0,         0,    0,0000000000000000000000000000000000000000,0000000000000000000000000000000000000000,         0,         0,         0,         0,1, 0, 0, 0,3293                          ,    0,        11,0,20190108 19:59:35,1736                          ,  101, 9999,  101,  101,    0,     0,     0
 ED5.2,1036                          ,1736                          ,                    ,1635      ,                ,  101,                    ,                              ,14,0,20190108 20:00:19,    0,         0,         7,65535,65535, 9999,2,                ,0000000,0, 0,         0,    0,0000000000000000000000000000000000000000,0000000000000000000000000000000000000000,         0,         0,         0,         0,1, 0, 0, 0,1036                          ,    0,         7,0,20190108 20:00:12,1736                          ,  101, 9999,  101,  101,    0,     0,     0
