 ED5.2,8823221                       ,2031                          ,MELISSA YOHA VAL    ,4952      ,                ,  101,                    ,                              , 0,2,20190105 08:08:55,    0,         0,       160,  305,   65,  101,2,                ,0010000,2, 1,         0,    0,1000000000000000000000000000000000000000,0000000000000000000000010000000000001000,         0,         0,         0,         0,1, 0, 0, 0,8823221                       ,    0,         0,0,20190105 08:06:15,2031                          , 9999, 9999, 9999,  101,32767,     0,     0
 ED5.2,53798898                      ,5110                          ,RECEPCION 2 BQUI    ,3843      ,                ,  101,                    ,                              , 4,2,20190105 08:21:54,    0,         0,       118,10865,   82,  101,2,                ,0000000,2, 0,         0,    0,0000000000000000000000000000000000000000,0000000000000000000000010000000000000000,         0,         0,         0,         0,1, 0, 0, 0,A900                          ,  119,         0,1,20190105 08:19:56,                              , 9999, 9999, 9999, 9999,32767,     0,     0
 ED5.2,6059900                       ,FS020                         ,ETB                 ,          ,                ,  101,                    ,                              , 4,2,20190105 08:22:28,    0,         0,         4,  120,   20,  101,2,                ,0000000,2, 0,         0,    0,0000000000000000000000000000000000000000,0000000000000000000000010000000000000000,         0,         0,         0,         0,1, 0, 0, 0,A800                          ,    4,         0,0,20190105 08:22:24,                              , 9999, 9999, 9999, 9999,32767,     0,     0
 ED5.2,2031                          ,2061                          ,                    ,4632      ,                ,  101,                    ,                              ,14,0,20190105 08:23:37,    0,         0,         2,65535,65535, 9999,2,                ,0000000,0, 0,         0,    0,0000000000000000000000000000000000000000,0000000000000000000000000000000000000000,         0,         0,         0,         0,1, 0, 0, 0,2031                          ,    0,         2,0,20190105 08:23:35,2061                          ,  101, 9999,  101,  101,    0,     0,     0
 ED5.2,6059898                       ,FS020                         ,ETB                 ,          ,                ,  101,                    ,                              , 4,2,20190105 08:23:56,    0,         0,         4,  120,   20,  101,2,                ,0000000,2, 0,         0,    0,0000000000000000000000000000000000000000,0000000000000000000000010000000000000000,         0,         0,         0,         0,1, 0, 0, 0,A800                          ,    4,         0,0,20190105 08:23:52,                              , 9999, 9999, 9999, 9999,32767,     0,     0
 ED5.2,2031                          ,2068                          ,                    ,4952      ,                ,  101,                    ,                              ,14,0,20190105 08:24:41,    0,         0,         8,65535,65535, 9999,2,                ,0000000,0, 0,         0,    0,0000000000000000000000000000000000000000,0000000000000000000000000000000000000000,         0,         0,         0,         0,1, 0, 0, 0,2031                          ,    0,         8,0,20190105 08:24:33,2068                          ,  101, 9999,  101,  101,    0,     0,     0
 ED5.2,2068                          ,2031                          ,                    ,4952      ,                ,  101,                    ,                              ,14,0,20190105 08:25:48,    0,         0,         6,65535,65535, 9999,2,                ,0000000,0, 0,         0,    0,0000000000000000000000000000000000000000,0000000000000000000000000000000000000000,         0,         0,         0,         0,1, 0, 0, 0,2068                          ,    0,         6,0,20190105 08:25:42,2031                          ,  101, 9999,  101,  101,    0,     0,     0
 ED5.2,2061                          ,2031                          ,                    ,4952      ,                ,  101,                    ,                              ,14,0,20190105 08:26:05,    0,         0,         0,65535,65535, 9999,2,                ,0000000,0, 0,         0,    0,0000000000000000000000000000000000000000,0000000000000000000000000000000000000000,         0,         0,         0,         0,1, 0, 0, 0,2061                          ,    0,         0,0,20190105 08:26:05,2031                          ,  101, 9999,  101,  101,    0,     0,     0
 ED5.2,88                            ,2031                          ,                    ,4952      ,                ,  101,                    ,                              ,14,0,20190105 08:26:07,    0,         0,         2,65535,65535, 9999,2,                ,0000000,0, 0,         0,    0,0000000000000000000000000000000000000000,0000000000000000000000000000000000000000,         0,         0,         0,         0,1, 0, 0, 0,2061                          ,    0,         2,1,20190105 08:26:05,2031                          ,  101, 9999,  101,  101,    0,     0,     0
 ED5.2,2061                          ,2031                          ,                    ,4952      ,                ,  101,                    ,                              ,14,0,20190105 08:26:23,    0,         0,         0,65535,65535, 9999,2,                ,0000000,0, 0,         0,    0,0000000000000000000000000000000000000000,0000000000000000000000000000000000000000,         0,         0,         0,         0,1, 0, 0, 0,2061                          ,    0,         0,0,20190105 08:26:23,2031                          ,  101, 9999,  101,  101,    0,     0,     0
 ED5.2,88                            ,2031                          ,                    ,4952      ,                ,  101,                    ,                              ,14,0,20190105 08:26:27,    0,         0,         4,65535,65535, 9999,2,                ,0000000,0, 0,         0,    0,0000000000000000000000000000000000000000,0000000000000000000000000000000000000000,         0,         0,         0,         0,1, 0, 0, 0,2061                          ,    0,         4,1,20190105 08:26:23,2031                          ,  101, 9999,  101,  101,    0,     0,     0
 ED5.2,663213978867                  ,FS020                         ,ETB                 ,          ,                ,  101,                    ,                              , 4,2,20190105 08:30:33,    0,         0,        56,  120,   20,  101,2,                ,0000000,2, 1,         0,    0,0000000000000000000000000000000000000000,0000000000000000000000010000000000000000,         0,         0,         0,         0,1, 0, 0, 0,A800                          ,   57,         0,1,20190105 08:29:37,                              , 9999, 9999, 9999, 9999,32767,     0,     0
 ED5.2,3814500                       ,FS020                         ,ETB                 ,          ,                ,  101,                    ,                              , 4,2,20190105 08:31:38,    0,         0,         2,  120,   20,  101,2,                ,0000000,2, 0,         0,    0,0000000000000000000000000000000000000000,0000000000000000000000010000000000000000,         0,         0,         0,         0,1, 0, 0, 0,A800                          ,    3,         0,0,20190105 08:31:36,                              , 9999, 9999, 9999, 9999,32767,     0,     0
 ED5.2,7438777                       ,FS020                         ,ETB                 ,          ,                ,  101,                    ,                              , 4,2,20190105 08:34:13,    0,         0,        15,  120,   20,  101,2,                ,0000000,3, 0,         0,    0,0000000000000000000000000000000000000000,0000000000000000000000010000000000000000,         0,         0,         0,         0,1, 0, 0, 0,A800                          ,   16,         0,0,20190105 08:33:58,                              , 9999, 9999, 9999, 9999,32767,     0,     0
 ED5.2,7428383                       ,3157                          ,YESID ALDEMA GON    ,1527      ,                ,  101,                    ,                              , 0,2,20190105 08:35:04,    0,         0,       143,10001,   11,  101,2,                ,0010000,2, 1,         0,    0,1000000000000000000000000000000000000000,0000000000000000000000010000000000001000,         0,         0,         0,         0,1, 0, 0, 0,7428383                       ,    0,         0,0,20190105 08:32:41,3157                          , 9999, 9999, 9999,  101,32767,     0,     0
 ED5.2,571471                        ,1517                          ,VIVIANA MARC HOR    ,1952      ,                ,  101,                    ,                              , 4,2,20190105 08:38:23,    0,         0,       186,  120,   20,  101,2,                ,0000000,3, 0,         0,    0,0000000000000000000000000000000000000000,0000000000000000000000010000000000000000,         0,         0,         0,         0,1, 0, 0, 0,A800                          ,  186,         0,1,20190105 08:35:17,                              , 9999, 9999, 9999, 9999,32767,     0,     0
 ED5.2,033012228533                  ,2020                          ,ESTEFANI XIO MON    ,4635      ,                ,  101,                    ,                              , 4,2,20190105 08:38:43,    0,         0,       627,  300,   65,  101,2,                ,0000000,3, 0,         0,    0,0000000000000000000000000000000000000000,0000000000000000000000010000000000000000,         0,         0,         0,         0,1, 0, 0, 0,A600                          ,  627,         0,0,20190105 08:28:16,                              , 9999, 9999, 9999, 9999,32767,     0,     0
 ED5.2,7436769                       ,FS020                         ,ETB                 ,          ,                ,  101,                    ,                              , 4,2,20190105 08:40:15,    0,         0,         3,  121,   20,  101,2,                ,0000000,3, 0,         0,    0,0000000000000000000000000000000000000000,0000000000000000000000010000000000000000,         0,         0,         0,         0,1, 0, 0, 0,A800                          ,    4,         0,0,20190105 08:40:12,                              , 9999, 9999, 9999, 9999,32767,     0,     0
 ED5.2,663155577612                  ,1736                          ,RECEPCION 2 MORA    ,1635      ,                ,  101,                    ,                              , 4,2,20190105 08:42:23,    0,         0,       197,  120,   20,  101,2,                ,0000000,2, 0,         0,    0,0000000000000000000000000000000000000000,0000000000000000000000010000000000000000,         0,         0,         0,         0,1, 0, 0, 0,A800                          ,  197,         0,1,20190105 08:39:06,                              , 9999, 9999, 9999, 9999,32767,     0,     0
 ED5.2,033128351159                  ,2020                          ,ESTEFANI XIO MON    ,4635      ,                ,  101,                    ,                              , 4,2,20190105 08:42:24,    0,         0,       112,  301,   65,  101,2,                ,0000000,3, 0,         0,    0,0000000000000000000000000000000000000000,0000000000000000000000010000000000000000,         0,         0,         0,         0,1, 0, 0, 0,A600                          ,  112,         0,0,20190105 08:40:32,                              , 9999, 9999, 9999, 9999,32767,     0,     0
 ED5.2,663155577612                  ,FS020                         ,ETB                 ,          ,                ,  101,                    ,                              , 4,2,20190105 08:43:14,    0,         0,        46,  120,   20,  101,2,                ,0000000,2, 1,         0,    0,0000000000000000000000000000000000000000,0000000000000000000000010000000000000000,         0,         0,         0,         0,1, 0, 0, 0,A800                          ,   46,         0,1,20190105 08:42:28,                              , 9999, 9999, 9999, 9999,32767,     0,     0
 ED5.2,0745407810                    ,4087                          ,JHONATAN CAM MON    ,2952      ,                ,  101,                    ,                              , 4,2,20190105 08:50:34,    0,         0,        51,10445,   15,  101,2,                ,0000000,2, 0,         0,    0,0000000000000000000000000000000000000000,0000000000000000000000010000000000000000,         0,         0,         0,         0,1, 0, 0, 0,A800                          ,   51,         0,0,20190105 08:49:43,                              , 9999, 9999, 9999, 9999,32767,     0,     0
 ED5.2,663006280021                  ,1340                          ,RECEPCION MORATO    ,1635      ,                ,  101,                    ,                              , 4,2,20190105 08:50:43,    0,         0,       134,  120,   20,  101,2,                ,0000000,2, 1,         0,    0,0000000000000000000000000000000000000000,0000000000000000000000010000000000000000,         0,         0,         0,         0,1, 0, 0, 0,A800                          ,  135,         0,1,20190105 08:48:29,                              , 9999, 9999, 9999, 9999,32767,     0,     0
 ED5.2,663114539046                  ,FS020                         ,ETB                 ,          ,                ,  101,                    ,                              , 4,2,20190105 08:52:45,    0,         0,        43,  120,   20,  101,2,                ,0000000,2, 1,         0,    0,0000000000000000000000000000000000000000,0000000000000000000000010000000000000000,         0,         0,         0,         0,1, 0, 0, 0,A800                          ,   43,         0,1,20190105 08:52:02,                              , 9999, 9999, 9999, 9999,32767,     0,     0
 ED5.2,663006280021                  ,1736                          ,RECEPCION 2 MORA    ,1635      ,                ,  101,                    ,                              , 4,2,20190105 08:55:56,    0,         0,       164,  120,   20,  101,2,                ,0000000,2, 1,         0,    0,0000000000000000000000000000000000000000,0000000000000000000000010000000000000000,         0,         0,         0,         0,1, 0, 0, 0,A800                          ,  165,         0,1,20190105 08:53:12,                              , 9999, 9999, 9999, 9999,32767,     0,     0
 ED5.2,663006280021                  ,1600                          ,RECEPCION COUNTR    ,1635      ,                ,  101,                    ,                              , 4,2,20190105 08:58:17,    0,         0,       125,  120,   20,  101,2,                ,0000000,2, 0,         0,    0,0000000000000000000000000000000000000000,0000000000000000000000010000000000000000,         0,         0,         0,         0,1, 0, 0, 0,A800                          ,  125,         0,1,20190105 08:56:12,                              , 9999, 9999, 9999, 9999,32767,     0,     0
 ED5.2,53720047                      ,5100                          ,RECEPCION BQUILL    ,3635      ,                ,  101,                    ,                              , 4,2,20190105 08:58:50,    0,         0,       133,10865,   82,  101,2,                ,0000000,2, 0,         0,    0,0000000000000000000000000000000000000000,0000000000000000000000010000000000000000,         0,         0,         0,         0,1, 0, 0, 0,A900                          ,  133,         0,1,20190105 08:56:37,                              , 9999, 9999, 9999, 9999,32767,     0,     0
 ED5.2,53720047                      ,5100                          ,RECEPCION BQUILL    ,3635      ,                ,  101,                    ,                              , 4,2,20190105 08:59:58,    0,         0,        57,10865,   82,  101,2,                ,0000000,2, 0,         0,    0,0000000000000000000000000000000000000000,0000000000000000000000010000000000000000,         0,         0,         0,         0,1, 0, 0, 0,A900                          ,   57,         0,1,20190105 08:59:01,                              , 9999, 9999, 9999, 9999,32767,     0,     0
 ED5.2,6604869                       ,1439                          ,SANDRA LOREN ROZ    ,1632      ,                ,  101,                    ,                              , 0,2,20190105 09:01:17,    0,         0,       438,10001,   11,  101,2,                ,0010000,2, 1,         0,    0,1000000000000000000000000000000000000000,0000000000000000000000010000000000001000,         0,         0,         0,         0,1, 0, 0, 0,6604869                       ,    0,         0,0,20190105 08:53:59,1439                          , 9999, 9999, 9999,  101,32767,     0,     0
