 ED5.2,7468120                       ,1520                          ,JULIANA IZQUIERD    ,1949      ,                ,  101,                    ,                              , 0,2,20190124 06:20:45,    0,         0,        30,10001,   11,  101,2,                ,0010000,2, 1,         0,    0,1000000000000000000000000000000000000000,0000000000000000000000010000000000001000,         0,         0,         0,         0,1, 0, 0, 0,7468120                       ,    0,         0,0,20190124 06:20:15,1520                          , 9999, 9999, 9999,  101,32767,     0,     0
 ED5.2,1699                          ,17436769                      ,                    ,          ,                ,  101,                    ,                              , 7,2,20190124 06:29:34,    0,         0,         0,10001,   11,  101,2,                ,0010000,2, 1,         0,    0,1000000000000000000000000000000000000000,0000000000000000000000010000000000000000,         0,         0,         0,         0,1, 0, 0, 0,                              ,    0,         0,0,20190124 06:29:34,                              , 9999, 9999, 9999, 9999,32767,     0,     0
 ED5.2,1699                          ,17436769                      ,                    ,          ,                ,  101,                    ,                              , 7,2,20190124 06:29:39,    0,         0,         0,10001,   11,  101,2,                ,0010000,2, 1,         0,    0,1000000000000000000000000000000000000000,0000000000000000000000010000000000000000,         0,         0,         0,         0,1, 0, 0, 0,                              ,    0,         0,0,20190124 06:29:39,                              , 9999, 9999, 9999, 9999,32767,     0,     0
 ED5.2,7500500                       ,5004                          ,5004                ,          ,                ,  101,                    ,                              , 7,2,20190124 06:35:13,    0,         0,       101,10865,   82,  101,2,                ,0010000,2, 1,         0,    0,1000000000000000000000000000000000000000,0000000000000000000000010000000000001000,         0,         0,         0,         0,1, 0, 0, 0,7500500                       ,    0,         0,0,20190124 06:33:32,                              , 9999, 9999, 9999, 9999,32767,     0,     0
 ED5.2,7500500                       ,5001                          ,5001                ,          ,                ,  101,                    ,                              , 7,2,20190124 06:35:33,    0,         0,       102,10868,   82,  101,2,                ,0010000,2, 1,         0,    0,1000000000000000000000000000000000000000,0000000000000000000000010000000000001000,         0,         0,         0,         0,1, 0, 0, 0,7500500                       ,    0,         0,0,20190124 06:33:51,                              , 9999, 9999, 9999, 9999,32767,     0,     0
 ED5.2,7500500                       ,5005                          ,5005                ,          ,                ,  101,                    ,                              , 7,2,20190124 06:35:57,    0,         0,       102,10869,   82,  101,2,                ,0010000,2, 1,         0,    0,1000000000000000000000000000000000000000,0000000000000000000000010000000000001000,         0,         0,         0,         0,1, 0, 0, 0,7500500                       ,    0,         0,0,20190124 06:34:15,                              , 9999, 9999, 9999, 9999,32767,     0,     0
 ED5.2,7500500                       ,5002                          ,5002                ,          ,                ,  101,                    ,                              , 7,2,20190124 06:36:05,    0,         0,       102,10870,   82,  101,2,                ,0010000,2, 1,         0,    0,1000000000000000000000000000000000000000,0000000000000000000000010000000000001000,         0,         0,         0,         0,1, 0, 0, 0,7500500                       ,    0,         0,0,20190124 06:34:23,                              , 9999, 9999, 9999, 9999,32767,     0,     0
 ED5.2,7500500                       ,5003                          ,5003                ,          ,                ,  101,                    ,                              , 7,2,20190124 06:36:12,    0,         0,       102,10871,   82,  101,2,                ,0010000,2, 1,         0,    0,1000000000000000000000000000000000000000,0000000000000000000000010000000000001000,         0,         0,         0,         0,1, 0, 0, 0,7500500                       ,    0,         0,0,20190124 06:34:30,                              , 9999, 9999, 9999, 9999,32767,     0,     0
 ED5.2,1226                          ,1085                          ,                    ,1949      ,                ,  101,                    ,                              ,14,0,20190124 06:41:22,    0,         0,         0,65535,65535, 9999,2,                ,0000000,0, 0,         0,    0,0000000000000000000000000000000000000000,0000000000000000000000000000000000000000,         0,         0,         0,         0,1, 0, 0, 0,1226                          ,    0,         0,0,20190124 06:41:22,1085                          ,  101, 9999,  101,  101,    0,     0,     0
 ED5.2,7777                          ,1537                          ,                    ,1843      ,                ,  101,                    ,                              , 3,0,20190124 06:56:51,    0,         0,         0,65535,65535, 9999,2,                ,0000000,0, 0,         0,    0,0000000000000000000000000000000000000000,0000000000000000000000000000000000000000,         0,         0,         0,         0,1, 0, 0, 0,7777                          ,    0,         0,0,20190124 06:56:51,1537                          ,  101, 9999,  101,  101,    0,     0,     0
 ED5.2,0744037520                    ,FS015                         ,SIPMED F            ,          ,                ,  101,                    ,                              , 4,2,20190124 06:56:52,    0,         0,         0,10445,   15,  101,2,                ,0000000,2, 0,         0,    0,0000000000000000000000000000000000000000,0000000000000000000000010000000000000000,         0,         0,         0,         0,1, 0, 0, 0,A800                          ,    0,         0,0,20190124 06:56:52,                              , 9999, 9999, 9999, 9999,32767,     0,     0
 ED5.2,3182423415                    ,3505                          ,HENRY MAURIC MAR    ,4466      ,                ,  101,                    ,                              , 0,2,20190124 06:58:09,    0,         0,       103,10349,   66,  101,2,                ,0010000,2, 1,         0,    0,1000000000000000000000000000000000000000,0000000000000000000000010000000000001000,         0,         0,         0,         0,1, 0, 0, 0,033182423415                  ,    0,         0,0,20190124 06:56:26,3505                          , 9999, 9999, 9999,  101,32767,     0,     0
 ED5.2,7777                          ,1537                          ,                    ,1843      ,                ,  101,                    ,                              , 3,0,20190124 06:58:40,    0,         0,         0,65535,65535, 9999,2,                ,0000000,0, 0,         0,    0,0000000000000000000000000000000000000000,0000000000000000000000000000000000000000,         0,         0,         0,         0,1, 0, 0, 0,7777                          ,    0,         0,0,20190124 06:58:40,1537                          ,  101, 9999,  101,  101,    0,     0,     0
 ED5.2,7777                          ,1537                          ,                    ,1843      ,                ,  101,                    ,                              , 3,0,20190124 06:59:29,    0,         0,         0,65535,65535, 9999,2,                ,0000000,0, 0,         0,    0,0000000000000000000000000000000000000000,0000000000000000000000000000000000000000,         0,         0,         0,         0,1, 0, 0, 0,7777                          ,    0,         0,0,20190124 06:59:29,1537                          ,  101, 9999,  101,  101,    0,     0,     0
 ED5.2,1374                          ,1427                          ,                    ,1638      ,                ,  101,                    ,                              ,14,0,20190124 07:00:19,    0,         0,        25,65535,65535, 9999,2,                ,0000000,0, 0,         0,    0,0000000000000000000000000000000000000000,0000000000000000000000000000000000000000,         0,         0,         0,         0,1, 0, 0, 0,1374                          ,    0,        25,0,20190124 06:59:54,1427                          ,  101, 9999,  101,  101,    0,     0,     0
