 ED5.2,1218                          ,1468                          ,                    ,1638      ,                ,  101,                    ,                              ,14,0,20181218 20:13:13,    0,         0,        99,65535,65535, 9999,2,                ,0000000,0, 0,         0,    0,0000000000000000000000000000000000000000,0000000000000000000000000000000000000000,         0,         0,         0,         0,1, 0, 0, 0,1218                          ,    0,        99,0,20181218 20:11:34,1468                          ,  101, 9999,  101,  101,    0,     0,     0
 ED5.2,4444444                       ,2032                          ,FLORISBEL CIFUEN    ,4952      ,                ,  101,                    ,                              , 0,2,20181218 20:15:16,    0,         0,        51,  307,   65,  101,2,                ,0010000,2, 1,         0,    0,1000000000000000000000000000000000000000,0000000000000000000000010000000000001000,         0,         0,         0,         0,1, 0, 0, 0,4444444                       ,    0,         0,0,20181218 20:14:25,2032                          , 9999, 9999, 9999,  101,32767,     0,     0
 ED5.2,3243                          ,1736                          ,                    ,1635      ,                ,  101,                    ,                              ,14,0,20181218 20:17:46,    0,         0,         7,65535,65535, 9999,2,                ,0000000,0, 0,         0,    0,0000000000000000000000000000000000000000,0000000000000000000000000000000000000000,         0,         0,         0,         0,1, 0, 0, 0,3243                          ,    0,         7,0,20181218 20:17:39,1736                          ,  101, 9999,  101,  101,    0,     0,     0
 ED5.2,6604876                       ,1381                          ,NICOLAS DAVI MOR    ,1952      ,                ,  101,                    ,                              , 0,2,20181218 20:19:07,    0,         0,        10,10001,   11,  101,2,                ,0010000,2, 1,         0,    0,1000000000000000000000000000000000000000,0000000000000000000000010000000000001000,         0,         0,         0,         0,1, 0, 0, 0,6604876                       ,    0,         0,0,20181218 20:18:57,1381                          , 9999, 9999, 9999,  101,32767,     0,     0
 ED5.2,1381                          ,1736                          ,                    ,1635      ,                ,  101,                    ,                              ,14,0,20181218 20:19:14,    0,         0,         5,65535,65535, 9999,2,                ,0000000,0, 0,         0,    0,0000000000000000000000000000000000000000,0000000000000000000000000000000000000000,         0,         0,         0,         0,1, 0, 0, 0,1381                          ,    0,         5,0,20181218 20:19:09,1736                          ,  101, 9999,  101,  101,    0,     0,     0
 ED5.2,1213                          ,1218                          ,                    ,1638      ,                ,  101,                    ,                              ,14,0,20181218 20:21:22,    0,         0,        27,65535,65535, 9999,2,                ,0000000,0, 0,         0,    0,0000000000000000000000000000000000000000,0000000000000000000000000000000000000000,         0,         0,         0,         0,1, 0, 0, 0,1213                          ,    0,        27,0,20181218 20:20:55,1218                          ,  101, 9999,  101,  101,    0,     0,     0
 ED5.2,072972231                     ,4003                          ,JUDY FRANCEL JAR    ,2952      ,                ,  101,                    ,                              , 4,2,20181218 20:21:27,    0,         0,       270,10445,   15,  101,2,                ,0000000,2, 0,         0,    0,0000000000000000000000000000000000000000,0000000000000000000000010000000000000000,         0,         0,         0,         0,1, 0, 0, 0,A800                          ,   17,       254,0,20181218 20:16:57,                              , 9999, 9999, 9999, 9999,32767,     0,     0
 ED5.2,4719724                       ,1228                          ,COORD PROCES ADI    ,1949      ,                ,  101,                    ,                              , 0,2,20181218 20:22:24,    0,         0,        88,10865,   82,  101,2,                ,0010000,2, 1,         0,    0,1000000000000000000000000000000000000000,0000000000000000000000010000000000001000,         0,         0,         0,         0,1, 0, 0, 0,4719724                       ,    0,         0,0,20181218 20:20:56,1228                          , 9999, 9999, 9999,  101,32767,     0,     0
 ED5.2,0724851121                    ,FS065                         ,Fidu-Cali           ,          ,                ,  101,                    ,                              , 4,2,20181218 20:23:07,    0,         0,         3,  308,   65,  101,2,                ,0000000,3, 0,         0,    0,0000000000000000000000000000000000000000,0000000000000000000000010000000000000000,         0,         0,         0,         0,1, 0, 0, 0,A600                          ,    4,         0,0,20181218 20:23:04,                              , 9999, 9999, 9999, 9999,32767,     0,     0
 ED5.2,1213                          ,1218                          ,                    ,1638      ,                ,  101,                    ,                              ,14,0,20181218 20:23:21,    0,         0,        20,65535,65535, 9999,2,                ,0000000,0, 0,         0,    0,0000000000000000000000000000000000000000,0000000000000000000000000000000000000000,         0,         0,         0,         0,1, 0, 0, 0,1213                          ,    0,        20,0,20181218 20:23:01,1218                          ,  101, 9999,  101,  101,    0,     0,     0
 ED5.2,4615720                       ,1495                          ,YESSICA PATR URR    ,1952      ,                ,  101,                    ,                              , 0,2,20181218 20:25:23,    0,         0,       132,10001,   11,  101,2,                ,0010000,2, 1,         0,    0,1000000000000000000000000000000000000000,0000000000000000000000010000000000001000,         0,         0,         0,         0,1, 0, 0, 0,4615720                       ,    0,         0,0,20181218 20:23:11,1495                          , 9999, 9999, 9999,  101,32767,     0,     0
 ED5.2,1467                          ,1468                          ,                    ,1638      ,                ,  101,                    ,                              ,14,0,20181218 20:26:44,    0,         0,         0,65535,65535, 9999,2,                ,0000000,0, 0,         0,    0,0000000000000000000000000000000000000000,0000000000000000000000000000000000000000,         0,         0,         0,         0,1, 0, 0, 0,1467                          ,    0,         0,0,20181218 20:26:44,1468                          ,  101, 9999,  101,  101,    0,     0,     0
 ED5.2,1084                          ,1468                          ,                    ,1638      ,                ,  101,                    ,                              ,14,0,20181218 20:26:59,    0,         0,         0,65535,65535, 9999,2,                ,0000000,0, 0,         0,    0,0000000000000000000000000000000000000000,0000000000000000000000000000000000000000,         0,         0,         0,         0,1, 0, 0, 0,1467                          ,    0,         0,1,20181218 20:26:59,1468                          ,  101, 9999,  101,  101,    0,     0,     0
 ED5.2,1026                          ,1468                          ,                    ,1638      ,                ,  101,                    ,                              ,14,0,20181218 20:27:13,    0,         0,         0,65535,65535, 9999,2,                ,0000000,0, 0,         0,    0,0000000000000000000000000000000000000000,0000000000000000000000000000000000000000,         0,         0,         0,         0,1, 0, 0, 0,1467                          ,    0,         0,1,20181218 20:27:13,1468                          ,  101, 9999,  101,  101,    0,     0,     0
 ED5.2,1022                          ,1468                          ,                    ,1638      ,                ,  101,                    ,                              ,14,0,20181218 20:27:32,    0,         0,         0,65535,65535, 9999,2,                ,0000000,0, 0,         0,    0,0000000000000000000000000000000000000000,0000000000000000000000000000000000000000,         0,         0,         0,         0,1, 0, 0, 0,1022                          ,    0,         0,0,20181218 20:27:32,1468                          ,  101, 9999,  101,  101,    0,     0,     0
 ED5.2,1444                          ,1235                          ,                    ,1632      ,                ,  101,                    ,                              ,14,0,20181218 20:27:37,    0,         0,        22,65535,65535, 9999,2,                ,0000000,0, 0,         0,    0,0000000000000000000000000000000000000000,0000000000000000000000000000000000000000,         0,         0,         0,         0,1, 0, 0, 0,1444                          ,    0,        22,0,20181218 20:27:15,1235                          ,  101, 9999,  101,  101,    0,     0,     0
 ED5.2,1022                          ,1468                          ,                    ,1638      ,                ,  101,                    ,                              ,14,0,20181218 20:28:25,    0,         0,        45,65535,65535, 9999,2,                ,0000000,0, 0,         0,    0,0000000000000000000000000000000000000000,0000000000000000000000000000000000000000,         0,         0,         0,         0,1, 0, 0, 0,1022                          ,    0,        45,0,20181218 20:27:40,1468                          ,  101, 9999,  101,  101,    0,     0,     0
 ED5.2,01800930930                   ,1334                          ,CAJERO RECAUDO      ,1949      ,                ,  101,                    ,                              , 0,2,20181218 20:31:55,    0,         0,         0,10001,   11,  101,2,                ,0010000,2, 1,         0,    0,1000000000000000000000000000000000000000,0000000000000000000000010000000000001000,         0,         0,         0,         0,1, 0, 0, 0,01800930930                   ,    0,         0,0,20181218 20:31:55,1334                          , 9999, 9999, 9999,  101,32767,     0,     0
 ED5.2,663125277154                  ,1685                          ,VISACION 5          ,1949      ,                ,  101,                    ,                              , 4,2,20181218 20:32:59,    0,         0,        82,10865,   82,  101,2,                ,0000000,2, 0,         0,    0,0000000000000000000000000000000000000000,0000000000000000000000010000000000000000,         0,         0,         0,         0,1, 0, 0, 0,A500                          ,   83,         0,1,20181218 20:31:37,                              , 9999, 9999, 9999, 9999,32767,     0,     0
 ED5.2,1213                          ,1218                          ,                    ,1638      ,                ,  101,                    ,                              ,14,0,20181218 20:38:38,    0,         0,        25,65535,65535, 9999,2,                ,0000000,0, 0,         0,    0,0000000000000000000000000000000000000000,0000000000000000000000000000000000000000,         0,         0,         0,         0,1, 0, 0, 0,1213                          ,    0,        25,0,20181218 20:38:13,1218                          ,  101, 9999,  101,  101,    0,     0,     0
 ED5.2,3352311                       ,2091                          ,PILAR GRUESO        ,4949      ,                ,  101,                    ,                              , 0,2,20181218 20:39:07,    0,         0,         0,  309,   65,  101,2,                ,0010000,2, 1,         0,    0,1000000000000000000000000000000000000000,0000000000000000000000010000000000001000,         0,         0,         0,         0,1, 0, 0, 0,3352311                       ,    0,         0,0,20181218 20:39:07,2091                          , 9999, 9999, 9999,  101,32767,     0,     0
 ED5.2,1213                          ,1218                          ,                    ,1638      ,                ,  101,                    ,                              ,14,0,20181218 20:41:40,    0,         0,        71,65535,65535, 9999,2,                ,0000000,0, 0,         0,    0,0000000000000000000000000000000000000000,0000000000000000000000000000000000000000,         0,         0,         0,         0,1, 0, 0, 0,1213                          ,    0,        71,0,20181218 20:40:29,1218                          ,  101, 9999,  101,  101,    0,     0,     0
 ED5.2,3164761309                    ,2020                          ,ESTEFANI XIO MON    ,4635      ,                ,  101,                    ,                              , 0,2,20181218 20:42:46,    0,         0,        64,10349,   66,  101,2,                ,0010000,2, 1,         0,    0,1000000000000000000000000000000000000000,0000000000000000000000010000000000001000,         0,         0,         0,         0,1, 0, 0, 0,033164761309                  ,    0,         0,0,20181218 20:41:42,2020                          , 9999, 9999, 9999,  101,32767,     0,     0
 ED5.2,6604869                       ,1495                          ,YESSICA PATR URR    ,1952      ,                ,  101,                    ,                              , 0,2,20181218 20:44:44,    0,         0,        24,10002,   11,  101,2,                ,0010000,2, 1,         0,    0,1000000000000000000000000000000000000000,0000000000000000000000010000000000001000,         0,         0,         0,         0,1, 0, 0, 0,6604869                       ,    0,         0,0,20181218 20:44:20,1495                          , 9999, 9999, 9999,  101,32767,     0,     0
 ED5.2,663017238316                  ,5108                          ,DIANA CAROLI HER    ,3952      ,                ,  101,                    ,                              , 4,2,20181218 20:45:15,    0,         0,        26,10865,   82,  101,2,                ,0000000,2, 0,         0,    0,0000000000000000000000000000000000000000,0000000000000000000000010000000000000000,         0,         0,         0,         0,1, 0, 0, 0,A900                          ,   27,         0,1,20181218 20:44:49,                              , 9999, 9999, 9999, 9999,32767,     0,     0
 ED5.2,2742118                       ,4078                          ,LAURA EUGENI DIE    ,2741      ,                ,  101,                    ,                              , 0,2,20181218 20:46:04,    0,         0,        72,10445,   15,  101,2,                ,0010000,2, 1,         0,    0,1000000000000000000000000000000000000000,0000000000000000000000010000000000001000,         0,         0,         0,         0,1, 0, 0, 0,2742118                       ,    0,         0,0,20181218 20:44:52,4078                          , 9999, 9999, 9999,  101,32767,     0,     0
 ED5.2,1496                          ,1736                          ,                    ,1635      ,                ,  101,                    ,                              ,14,0,20181218 20:46:09,    0,         0,         0,65535,65535, 9999,2,                ,0000000,0, 0,         0,    0,0000000000000000000000000000000000000000,0000000000000000000000000000000000000000,         0,         0,         0,         0,1, 0, 0, 0,1496                          ,    0,         0,0,20181218 20:46:09,1736                          ,  101, 9999,  101,  101,    0,     0,     0
 ED5.2,1495                          ,1736                          ,                    ,1635      ,                ,  101,                    ,                              ,14,0,20181218 20:46:20,    0,         0,         6,65535,65535, 9999,2,                ,0000000,0, 0,         0,    0,0000000000000000000000000000000000000000,0000000000000000000000000000000000000000,         0,         0,         0,         0,1, 0, 0, 0,1495                          ,    0,         6,0,20181218 20:46:14,1736                          ,  101, 9999,  101,  101,    0,     0,     0
 ED5.2,1213                          ,1736                          ,                    ,1635      ,                ,  101,                    ,                              ,14,0,20181218 20:46:34,    0,         0,         6,65535,65535, 9999,2,                ,0000000,0, 0,         0,    0,0000000000000000000000000000000000000000,0000000000000000000000000000000000000000,         0,         0,         0,         0,1, 0, 0, 0,1213                          ,    0,         6,0,20181218 20:46:28,1736                          ,  101, 9999,  101,  101,    0,     0,     0
 ED5.2,1522                          ,1495                          ,                    ,1952      ,                ,  101,                    ,                              ,14,0,20181218 20:46:41,    0,         0,        10,65535,65535, 9999,2,                ,0000000,0, 0,         0,    0,0000000000000000000000000000000000000000,0000000000000000000000000000000000000000,         0,         0,         0,         0,1, 0, 0, 0,1522                          ,    0,        10,0,20181218 20:46:31,1495                          ,  101, 9999,  101,  101,    0,     0,     0
 ED5.2,1024                          ,1213                          ,                    ,1911      ,                ,  101,                    ,                              ,14,0,20181218 20:46:52,    0,         0,        11,65535,65535, 9999,2,                ,0000000,0, 0,         0,    0,0000000000000000000000000000000000000000,0000000000000000000000000000000000000000,         0,         0,         0,         0,1, 0, 0, 0,1024                          ,    0,        11,0,20181218 20:46:41,1213                          ,  101, 9999,  101,  101,    0,     0,     0
 ED5.2,1577                          ,1736                          ,                    ,1635      ,                ,  101,                    ,                              ,14,0,20181218 20:46:53,    0,         0,         5,65535,65535, 9999,2,                ,0000000,0, 0,         0,    0,0000000000000000000000000000000000000000,0000000000000000000000000000000000000000,         0,         0,         0,         0,1, 0, 0, 0,1577                          ,    0,         5,0,20181218 20:46:48,1736                          ,  101, 9999,  101,  101,    0,     0,     0
 ED5.2,1024                          ,1340                          ,                    ,1635      ,                ,  101,                    ,                              ,14,0,20181218 20:48:49,    0,         0,        22,65535,65535, 9999,2,                ,0000000,0, 0,         0,    0,0000000000000000000000000000000000000000,0000000000000000000000000000000000000000,         0,         0,         0,         0,1, 0, 0, 0,1024                          ,    0,        22,0,20181218 20:48:27,1340                          ,  101, 9999,  101,  101,    0,     0,     0
 ED5.2,5415571                       ,4010                          ,ELIZABETH PA GAR    ,2843      ,                ,  101,                    ,                              , 0,2,20181218 20:49:15,    0,         0,         0,10445,   15,  101,2,                ,0010000,2, 1,         0,    0,1000000000000000000000000000000000000000,0000000000000000000000010000000000001000,         0,         0,         0,         0,1, 0, 0, 0,5415571                       ,    0,         0,0,20181218 20:49:15,4010                          , 9999, 9999, 9999,  101,32767,     0,     0
 ED5.2,1381                          ,1856                          ,                    ,1952      ,                ,  101,                    ,                              ,14,0,20181218 20:49:59,    0,         0,        48,65535,65535, 9999,2,                ,0000000,0, 0,         0,    0,0000000000000000000000000000000000000000,0000000000000000000000000000000000000000,         0,         0,         0,         0,1, 0, 0, 0,1381                          ,    0,        48,0,20181218 20:49:11,1856                          ,  101, 9999,  101,  101,    0,     0,     0
 ED5.2,3275480                       ,1896                          ,EDGAR YECID BERM    ,1632      ,                ,  101,                    ,                              , 4,2,20181218 20:51:02,    0,         0,        15,  120,   20,  101,2,                ,0000000,2, 1,         0,    0,0000000000000000000000000000000000000000,0000000000000000000000010000000000000000,         0,         0,         0,         0,1, 0, 0, 0,A800                          ,   16,         0,0,20181218 20:50:47,                              , 9999, 9999, 9999, 9999,32767,     0,     0
 ED5.2,663017238316                  ,5119                          ,GINA PAOLA CUBIL    ,3952      ,                ,  101,                    ,                              , 4,2,20181218 20:51:44,    0,         0,       294,10865,   82,  101,2,                ,0000000,2, 0,         0,    0,0000000000000000000000000000000000000000,0000000000000000000000010000000000000000,         0,         0,         0,         0,1, 0, 0, 0,A900                          ,   27,       268,0,20181218 20:46:50,                              , 9999, 9999, 9999, 9999,32767,     0,     0
 ED5.2,018000930930                  ,1334                          ,CAJERO RECAUDO      ,1949      ,                ,  101,                    ,                              , 0,2,20181218 20:53:47,    0,         0,      1302,10001,   11,  101,2,                ,0010000,2, 1,         0,    0,1000000000000000000000000000000000000000,0000000000000000000000010000000000001000,         0,         0,         0,         0,1, 0, 0, 0,018000930930                  ,    0,         0,0,20181218 20:32:05,1334                          , 9999, 9999, 9999,  101,32767,     0,     0
 ED5.2,1467                          ,1466                          ,                    ,1638      ,                ,  101,                    ,                              ,14,0,20181218 20:54:58,    0,         0,         0,65535,65535, 9999,2,                ,0000000,0, 0,         0,    0,0000000000000000000000000000000000000000,0000000000000000000000000000000000000000,         0,         0,         0,         0,1, 0, 0, 0,1467                          ,    0,         0,0,20181218 20:54:58,1466                          ,  101, 9999,  101,  101,    0,     0,     0
 ED5.2,1084                          ,1466                          ,                    ,1638      ,                ,  101,                    ,                              ,14,0,20181218 20:55:13,    0,         0,         0,65535,65535, 9999,2,                ,0000000,0, 0,         0,    0,0000000000000000000000000000000000000000,0000000000000000000000000000000000000000,         0,         0,         0,         0,1, 0, 0, 0,1467                          ,    0,         0,1,20181218 20:55:13,1466                          ,  101, 9999,  101,  101,    0,     0,     0
 ED5.2,1026                          ,1466                          ,                    ,1638      ,                ,  101,                    ,                              ,14,0,20181218 20:55:13,    0,         0,         0,65535,65535, 9999,2,                ,0000000,0, 0,         0,    0,0000000000000000000000000000000000000000,0000000000000000000000000000000000000000,         0,         0,         0,         0,1, 0, 0, 0,1467                          ,    0,         0,1,20181218 20:55:13,1466                          ,  101, 9999,  101,  101,    0,     0,     0
 ED5.2,1029                          ,1466                          ,                    ,1638      ,                ,  101,                    ,                              ,14,0,20181218 20:55:16,    0,         0,         0,65535,65535, 9999,2,                ,0000000,0, 0,         0,    0,0000000000000000000000000000000000000000,0000000000000000000000000000000000000000,         0,         0,         0,         0,1, 0, 0, 0,1029                          ,    0,         0,0,20181218 20:55:16,1466                          ,  101, 9999,  101,  101,    0,     0,     0
 ED5.2,1022                          ,1466                          ,                    ,1638      ,                ,  101,                    ,                              ,14,0,20181218 20:55:34,    0,         0,         0,65535,65535, 9999,2,                ,0000000,0, 0,         0,    0,0000000000000000000000000000000000000000,0000000000000000000000000000000000000000,         0,         0,         0,         0,1, 0, 0, 0,1022                          ,    0,         0,0,20181218 20:55:34,1466                          ,  101, 9999,  101,  101,    0,     0,     0
 ED5.2,1467                          ,1466                          ,                    ,1638      ,                ,  101,                    ,                              ,14,0,20181218 20:55:39,    0,         0,         0,65535,65535, 9999,2,                ,0000000,0, 0,         0,    0,0000000000000000000000000000000000000000,0000000000000000000000000000000000000000,         0,         0,         0,         0,1, 0, 0, 0,1467                          ,    0,         0,0,20181218 20:55:39,1466                          ,  101, 9999,  101,  101,    0,     0,     0
 ED5.2,1084                          ,1466                          ,                    ,1638      ,                ,  101,                    ,                              ,14,0,20181218 20:55:40,    0,         0,         0,65535,65535, 9999,2,                ,0000000,0, 0,         0,    0,0000000000000000000000000000000000000000,0000000000000000000000000000000000000000,         0,         0,         0,         0,1, 0, 0, 0,1467                          ,    0,         0,1,20181218 20:55:40,1466                          ,  101, 9999,  101,  101,    0,     0,     0
 ED5.2,1467                          ,1466                          ,                    ,1638      ,                ,  101,                    ,                              ,14,0,20181218 20:55:52,    0,         0,        10,65535,65535, 9999,2,                ,0000000,0, 0,         0,    0,0000000000000000000000000000000000000000,0000000000000000000000000000000000000000,         0,         0,         0,         0,1, 0, 0, 0,1467                          ,    0,        10,0,20181218 20:55:42,1466                          ,  101, 9999,  101,  101,    0,     0,     0
 ED5.2,3275480                       ,1497                          ,JOSE ALEXAND RAY    ,1949      ,                ,  101,                    ,                              , 0,2,20181218 21:00:49,    0,         0,        52,10001,   11,  101,2,                ,0010000,2, 1,         0,    0,1000000000000000000000000000000000000000,0000000000000000000000010000000000001000,         0,         0,         0,         0,1, 0, 0, 0,3275480                       ,    0,         0,0,20181218 20:59:57,1497                          , 9999, 9999, 9999,  101,32767,     0,     0
