 ED5.2,2170127                       ,1014                          ,RECEPCION LO COU    ,1635      ,                ,  101,                    ,                              , 0,2,20181215 11:01:59,    0,         0,        38,10865,   82,  101,2,                ,0010000,2, 1,         0,    0,1000000000000000000000000000000000000000,0000000000000000000000010000000000001000,         0,         0,         0,         0,1, 0, 0, 0,2170127                       ,    0,         0,0,20181215 11:01:21,1014                          , 9999, 9999, 9999,  101,32767,     0,     0
 ED5.2,6170127                       ,1014                          ,RECEPCION LO COU    ,1635      ,                ,  101,                    ,                              , 0,2,20181215 11:02:43,    0,         0,        14,10865,   82,  101,2,                ,0010000,2, 1,         0,    0,1000000000000000000000000000000000000000,0000000000000000000000010000000000001000,         0,         0,         0,         0,1, 0, 0, 0,6170127                       ,    0,         0,0,20181215 11:02:29,1014                          , 9999, 9999, 9999,  101,32767,     0,     0
 ED5.2,072282685                     ,FS015                         ,SIPMED F            ,          ,                ,  101,                    ,                              , 4,2,20181215 11:02:57,    0,         0,        50,10445,   15,  101,2,                ,0000000,2, 0,         0,    0,0000000000000000000000000000000000000000,0000000000000000000000010000000000000000,         0,         0,         0,         0,1, 0, 0, 0,A800                          ,   50,         0,1,20181215 11:02:07,                              , 9999, 9999, 9999, 9999,32767,     0,     0
 ED5.2,1213                          ,1218                          ,                    ,1638      ,                ,  101,                    ,                              ,14,0,20181215 11:05:35,    0,         0,       640,65535,65535, 9999,2,                ,0000000,0, 0,         0,    0,0000000000000000000000000000000000000000,0000000000000000000000000000000000000000,         0,         0,         0,         0,1, 0, 0, 0,1213                          ,    0,       640,0,20181215 10:54:55,1218                          ,  101, 9999,  101,  101,    0,     0,     0
 ED5.2,7458030                       ,FS082                         ,SIPsalida           ,          ,                ,  101,                    ,                              , 4,2,20181215 11:08:26,    0,         0,        35,10865,   82,  101,2,                ,0000000,2, 0,         0,    0,0000000000000000000000000000000000000000,0000000000000000000000010000000000000000,         0,         0,         0,         0,1, 0, 0, 0,A500                          ,   35,         0,1,20181215 11:07:51,                              , 9999, 9999, 9999, 9999,32767,     0,     0
 ED5.2,7771699                       ,3242                          ,KELLY JOHANA BAR    ,1675      ,                ,  101,                    ,                              , 0,2,20181215 11:08:35,    0,         0,       384,10001,   11,  101,2,                ,0010000,2, 1,         0,    0,1000000000000000000000000000000000000000,0000000000000000000000010000000000001000,         0,         0,         0,         0,1, 0, 0, 0,7771699                       ,    0,         0,0,20181215 11:02:11,3242                          , 9999, 9999, 9999,  101,32767,     0,     0
 ED5.2,663134325234                  ,FS020                         ,ETB                 ,          ,                ,  101,                    ,                              , 4,2,20181215 11:09:52,    0,         0,        48,  121,   20,  101,2,                ,0000000,2, 1,         0,    0,0000000000000000000000000000000000000000,0000000000000000000000010000000000000000,         0,         0,         0,         0,1, 0, 0, 0,A800                          ,   49,         0,1,20181215 11:09:04,                              , 9999, 9999, 9999, 9999,32767,     0,     0
 ED5.2,663115980500                  ,1340                          ,RECEPCION MORATO    ,1635      ,                ,  101,                    ,                              , 4,2,20181215 11:10:27,    0,         0,       101,  120,   20,  101,2,                ,0000000,2, 1,         0,    0,0000000000000000000000000000000000000000,0000000000000000000000010000000000000000,         0,         0,         0,         0,1, 0, 0, 0,A800                          ,  101,         0,1,20181215 11:08:46,                              , 9999, 9999, 9999, 9999,32767,     0,     0
 ED5.2,53561870                      ,FS082                         ,SIPsalida           ,          ,                ,  101,                    ,                              , 4,2,20181215 11:11:11,    0,         0,        21,10865,   82,  101,2,                ,0000000,2, 0,         0,    0,0000000000000000000000000000000000000000,0000000000000000000000010000000000000000,         0,         0,         0,         0,1, 0, 0, 0,A900                          ,   22,         0,0,20181215 11:10:50,                              , 9999, 9999, 9999, 9999,32767,     0,     0
 ED5.2,6398080                       ,FS082                         ,SIPsalida           ,          ,                ,  101,                    ,                              , 4,2,20181215 11:15:18,    0,         0,        34,10865,   82,  101,2,                ,0000000,2, 0,         0,    0,0000000000000000000000000000000000000000,0000000000000000000000010000000000000000,         0,         0,         0,         0,1, 0, 0, 0,A500                          ,   35,         0,1,20181215 11:14:44,                              , 9999, 9999, 9999, 9999,32767,     0,     0
 ED5.2,5801311                       ,FS082                         ,SIPsalida           ,          ,                ,  101,                    ,                              , 4,2,20181215 11:15:51,    0,         0,         3,10865,   82,  101,2,                ,0000000,2, 0,         0,    0,0000000000000000000000000000000000000000,0000000000000000000000010000000000000000,         0,         0,         0,         0,1, 0, 0, 0,A500                          ,    3,         0,0,20181215 11:15:48,                              , 9999, 9999, 9999, 9999,32767,     0,     0
 ED5.2,7450960                       ,1036                          ,JUANITA PAEZ COR    ,1632      ,                ,  101,                    ,                              , 4,2,20181215 11:16:52,    0,         0,        83,  120,   20,  101,2,                ,0000000,3, 0,         0,    0,0000000000000000000000000000000000000000,0000000000000000000000010000000000000000,         0,         0,         0,         0,1, 0, 0, 0,A800                          ,   84,         0,1,20181215 11:15:29,                              , 9999, 9999, 9999, 9999,32767,     0,     0
 ED5.2,3019597                       ,5161                          ,LORENA PATRI ACU    ,3952      ,                ,  101,                    ,                              , 0,2,20181215 11:18:17,    0,         0,        63,10865,   82,  101,2,                ,0010000,2, 1,         0,    0,1000000000000000000000000000000000000000,0000000000000000000000010000000000001000,         0,         0,         0,         0,1, 0, 0, 0,3019597                       ,    0,         0,0,20181215 11:17:14,5161                          , 9999, 9999, 9999,  101,32767,     0,     0
 ED5.2,1223                          ,88                            ,                    ,          ,                ,  101,                    ,                              ,14,0,20181215 11:19:11,    0,         0,         0,65535,65535, 9999,2,                ,0000000,0, 0,         0,    0,0000000000000000000000000000000000000000,0000000000000000000000000000000000000000,         0,         0,         0,         0,1, 0, 0, 0,1223                          ,    0,         0,0,20181215 11:19:11,88                            ,  101, 9999,  101,  101,    0,     0,     0
 ED5.2,1032                          ,88                            ,                    ,          ,                ,  101,                    ,                              ,14,0,20181215 11:19:26,    0,         0,         0,65535,65535, 9999,2,                ,0000000,0, 0,         0,    0,0000000000000000000000000000000000000000,0000000000000000000000000000000000000000,         0,         0,         0,         0,1, 0, 0, 0,1223                          ,    0,         0,1,20181215 11:19:26,88                            ,  101, 9999,  101,  101,    0,     0,     0
 ED5.2,------------------------------,******************************,                    ,**********,                ,  101,                    ,******************************, 4,2,20181215 11:20:46,    0,         0,       205,10866,   82,  101,2,                ,0000000,2, 0,         0,    0,0000000000000000000000000000000000000000,0000000000000000000000010000000000000000,         0,         0,         0,         0,1, 0, 0, 0,------------------------------,   17,       189,1,20181215 11:17:21,******************************, 9999, 9999, 9999, 9999,32767,     0,     0
 ED5.2,1449                          ,88                            ,                    ,          ,                ,  101,                    ,                              ,14,0,20181215 11:20:46,    0,         0,         0,65535,65535, 9999,2,                ,0000000,0, 0,         0,    0,0000000000000000000000000000000000000000,0000000000000000000000000000000000000000,         0,         0,         0,         0,1, 0, 0, 0,1223                          ,    0,         0,1,20181215 11:20:46,88                            ,  101, 9999,  101,  101,    0,     0,     0
 ED5.2,4458994                       ,1600                          ,RECEPCION COUNTR    ,1635      ,                ,  101,                    ,                              , 4,2,20181215 11:22:52,    0,         0,       109,  120,   20,  101,2,                ,0000000,3, 0,         0,    0,0000000000000000000000000000000000000000,0000000000000000000000010000000000000000,         0,         0,         0,         0,1, 0, 0, 0,A800                          ,  110,         0,1,20181215 11:21:03,                              , 9999, 9999, 9999, 9999,32767,     0,     0
 ED5.2,4856969                       ,1230                          ,ASTRID NATHA BER    ,1843      ,                ,  101,                    ,                              , 4,2,20181215 11:25:33,    0,         0,        36,  120,   20,  101,2,                ,0000000,2, 0,         0,    0,0000000000000000000000000000000000000000,0000000000000000000000010000000000000000,         0,         0,         0,         0,1, 0, 0, 0,A800                          ,   36,         0,1,20181215 11:24:57,                              , 9999, 9999, 9999, 9999,32767,     0,     0
 ED5.2,4844910                       ,2039                          ,PAOLA ANDREA RAM    ,4952      ,                ,  101,                    ,                              , 0,2,20181215 11:25:49,    0,         0,       107,  306,   65,  101,2,                ,0010000,2, 1,         0,    0,1000000000000000000000000000000000000000,0000000000000000000000010000000000001000,         0,         0,         0,         0,1, 0, 0, 0,4844910                       ,    0,         0,0,20181215 11:24:02,2039                          , 9999, 9999, 9999,  101,32767,     0,     0
 ED5.2,7420719                       ,FS020                         ,ETB                 ,          ,                ,  101,                    ,                              , 4,2,20181215 11:28:41,    0,         0,         1,  120,   20,  101,2,                ,0000000,3, 0,         0,    0,0000000000000000000000000000000000000000,0000000000000000000000010000000000000000,         0,         0,         0,         0,1, 0, 0, 0,A800                          ,    2,         0,0,20181215 11:28:40,                              , 9999, 9999, 9999, 9999,32767,     0,     0
 ED5.2,663176481583                  ,1856                          ,DANIELA MONSALVE    ,1952      ,                ,  101,                    ,                              , 4,2,20181215 11:31:46,    0,         0,       129,  120,   20,  101,2,                ,0000000,2, 1,         0,    0,0000000000000000000000000000000000000000,0000000000000000000000010000000000000000,         0,         0,         0,         0,1, 0, 0, 0,A800                          ,  129,         0,0,20181215 11:29:37,                              , 9999, 9999, 9999, 9999,32767,     0,     0
 ED5.2,7555152                       ,1454                          ,VIVIANA PARRA PI    ,1952      ,                ,  101,                    ,                              , 0,2,20181215 11:35:41,    0,         0,        54,10001,   11,  101,2,                ,0010000,2, 1,         0,    0,1000000000000000000000000000000000000000,0000000000000000000000010000000000001000,         0,         0,         0,         0,1, 0, 0, 0,7555152                       ,    0,         0,0,20181215 11:34:47,1454                          , 9999, 9999, 9999,  101,32767,     0,     0
 ED5.2,3340721                       ,1736                          ,RECEPCION 2 MORA    ,1635      ,                ,  101,                    ,                              , 4,2,20181215 11:35:49,    0,         0,        76,  120,   20,  101,2,                ,0000000,3, 0,         0,    0,0000000000000000000000000000000000000000,0000000000000000000000010000000000000000,         0,         0,         0,         0,1, 0, 0, 0,A800                          ,   77,         0,1,20181215 11:34:33,                              , 9999, 9999, 9999, 9999,32767,     0,     0
 ED5.2,6059922                       ,FS020                         ,ETB                 ,          ,                ,  101,                    ,                              , 4,2,20181215 11:43:55,    0,         0,        28,  120,   20,  101,2,                ,0000000,3, 0,         0,    0,0000000000000000000000000000000000000000,0000000000000000000000010000000000000000,         0,         0,         0,         0,1, 0, 0, 0,A800                          ,   28,         0,0,20181215 11:43:27,                              , 9999, 9999, 9999, 9999,32767,     0,     0
 ED5.2,6059922                       ,1106                          ,COORD COUNTRY       ,1949      ,                ,  101,                    ,                              , 4,2,20181215 11:45:23,    0,         0,        85,  120,   20,  101,2,                ,0000000,3, 0,         0,    0,0000000000000000000000000000000000000000,0000000000000000000000010000000000000000,         0,         0,         0,         0,1, 0, 0, 0,A800                          ,   86,         0,1,20181215 11:43:58,                              , 9999, 9999, 9999, 9999,32767,     0,     0
 ED5.2,7777                          ,1076                          ,                    ,1741      ,                ,  101,                    ,                              , 3,0,20181215 11:46:32,    0,         0,         0,65535,65535, 9999,2,                ,0000000,0, 0,         0,    0,0000000000000000000000000000000000000000,0000000000000000000000000000000000000000,         0,         0,         0,         0,1, 0, 0, 0,7777                          ,    0,         0,0,20181215 11:46:32,1076                          ,  101, 9999,  101,  101,    0,     0,     0
 ED5.2,7777                          ,1076                          ,                    ,1741      ,                ,  101,                    ,                              , 3,0,20181215 11:46:44,    0,         0,         0,65535,65535, 9999,2,                ,0000000,0, 0,         0,    0,0000000000000000000000000000000000000000,0000000000000000000000000000000000000000,         0,         0,         0,         0,1, 0, 0, 0,7777                          ,    0,         0,0,20181215 11:46:44,1076                          ,  101, 9999,  101,  101,    0,     0,     0
 ED5.2,663006681900                  ,1529                          ,STIVEN  MARROQUI    ,1952      ,                ,  101,                    ,                              , 4,2,20181215 11:47:44,    0,         0,        96,  120,   20,  101,2,                ,0000000,2, 0,         0,    0,0000000000000000000000000000000000000000,0000000000000000000000010000000000000000,         0,         0,         0,         0,1, 0, 0, 0,A800                          ,   96,         0,1,20181215 11:46:08,                              , 9999, 9999, 9999, 9999,32767,     0,     0
 ED5.2,663193986509                  ,FS020                         ,ETB                 ,          ,                ,  101,                    ,                              , 4,2,20181215 11:49:37,    0,         0,        45,  120,   20,  101,2,                ,0000000,2, 1,         0,    0,0000000000000000000000000000000000000000,0000000000000000000000010000000000000000,         0,         0,         0,         0,1, 0, 0, 0,A800                          ,   46,         0,1,20181215 11:48:52,                              , 9999, 9999, 9999, 9999,32767,     0,     0
 ED5.2,3838213                       ,FS020                         ,ETB                 ,          ,                ,  101,                    ,                              , 4,2,20181215 11:51:28,    0,         0,        44,  120,   20,  101,2,                ,0000000,3, 0,         0,    0,0000000000000000000000000000000000000000,0000000000000000000000010000000000000000,         0,         0,         0,         0,1, 0, 0, 0,A800                          ,   45,         0,1,20181215 11:50:44,                              , 9999, 9999, 9999, 9999,32767,     0,     0
 ED5.2,8070417                       ,FS020                         ,ETB                 ,          ,                ,  101,                    ,                              , 4,2,20181215 11:51:34,    0,         0,         9,  121,   20,  101,2,                ,0000000,3, 0,         0,    0,0000000000000000000000000000000000000000,0000000000000000000000010000000000000000,         0,         0,         0,         0,1, 0, 0, 0,A800                          ,   10,         0,0,20181215 11:51:25,                              , 9999, 9999, 9999, 9999,32767,     0,     0
 ED5.2,6121696                       ,1867                          ,SANDRA MILEN MUR    ,1952      ,                ,  101,                    ,                              , 4,2,20181215 11:52:52,    0,         0,        64,  120,   20,  101,2,                ,0000000,3, 0,         0,    0,0000000000000000000000000000000000000000,0000000000000000000000010000000000000000,         0,         0,         0,         0,1, 0, 0, 0,A800                          ,   64,         0,1,20181215 11:51:48,                              , 9999, 9999, 9999, 9999,32767,     0,     0
 ED5.2,2203340                       ,1340                          ,RECEPCION MORATO    ,1635      ,                ,  101,                    ,                              , 4,2,20181215 11:58:58,    0,         0,        34,  120,   20,  101,2,                ,0000000,2, 1,         0,    0,0000000000000000000000000000000000000000,0000000000000000000000010000000000000000,         0,         0,         0,         0,1, 0, 0, 0,A800                          ,   34,         0,1,20181215 11:58:24,                              , 9999, 9999, 9999, 9999,32767,     0,     0
 ED5.2,3277790                       ,FS020                         ,ETB                 ,          ,                ,  101,                    ,                              , 4,2,20181215 12:00:21,    0,         0,         8,  120,   20,  101,2,                ,0000000,2, 1,         0,    0,0000000000000000000000000000000000000000,0000000000000000000000010000000000000000,         0,         0,         0,         0,1, 0, 0, 0,A800                          ,    8,         0,0,20181215 12:00:13,                              , 9999, 9999, 9999, 9999,32767,     0,     0
