 ED5.2,1534                          ,1369                          ,                    ,1632      ,                ,  101,                    ,                              ,14,0,20181211 20:09:23,    0,         0,        13,65535,65535, 9999,2,                ,0000000,0, 0,         0,    0,0000000000000000000000000000000000000000,0000000000000000000000000000000000000000,         0,         0,         0,         0,1, 0, 0, 0,1534                          ,    0,        13,0,20181211 20:09:10,1369                          ,  101, 9999,  101,  101,    0,     0,     0
 ED5.2,1856                          ,1381                          ,                    ,1952      ,                ,  101,                    ,                              ,14,0,20181211 20:09:26,    0,         0,        36,65535,65535, 9999,2,                ,0000000,0, 0,         0,    0,0000000000000000000000000000000000000000,0000000000000000000000000000000000000000,         0,         0,         0,         0,1, 0, 0, 0,1856                          ,    0,        36,0,20181211 20:08:50,1381                          ,  101, 9999,  101,  101,    0,     0,     0
 ED5.2,663015380237                  ,FS082                         ,SIPsalida           ,          ,                ,  101,                    ,                              , 4,2,20181211 20:09:59,    0,         0,         3,10865,   82,  101,2,                ,0000000,2, 0,         0,    0,0000000000000000000000000000000000000000,0000000000000000000000010000000000000000,         0,         0,         0,         0,1, 0, 0, 0,A500                          ,    3,         0,0,20181211 20:09:56,                              , 9999, 9999, 9999, 9999,32767,     0,     0
 ED5.2,4087                          ,4012                          ,                    ,2952      ,                ,  101,                    ,                              ,14,0,20181211 20:10:43,    0,         0,         0,65535,65535, 9999,2,                ,0000000,0, 0,         0,    0,0000000000000000000000000000000000000000,0000000000000000000000000000000000000000,         0,         0,         0,         0,1, 0, 0, 0,4087                          ,    0,         0,0,20181211 20:10:43,4012                          ,  101, 9999,  101,  101,    0,     0,     0
 ED5.2,1819                          ,1567                          ,                    ,1952      ,                ,  101,                    ,                              ,14,0,20181211 20:10:45,    0,         0,       116,65535,65535, 9999,2,                ,0000000,0, 0,         0,    0,0000000000000000000000000000000000000000,0000000000000000000000000000000000000000,         0,         0,         0,         0,1, 0, 0, 0,1819                          ,    0,       116,0,20181211 20:08:49,1567                          ,  101, 9999,  101,  101,    0,     0,     0
 ED5.2,4087                          ,4012                          ,                    ,2952      ,                ,  101,                    ,                              ,14,0,20181211 20:10:49,    0,         0,         0,65535,65535, 9999,2,                ,0000000,0, 0,         0,    0,0000000000000000000000000000000000000000,0000000000000000000000000000000000000000,         0,         0,         0,         0,1, 0, 0, 0,4087                          ,    0,         0,0,20181211 20:10:49,4012                          ,  101, 9999,  101,  101,    0,     0,     0
 ED5.2,4087                          ,4012                          ,                    ,2952      ,                ,  101,                    ,                              ,14,0,20181211 20:11:02,    0,         0,         0,65535,65535, 9999,2,                ,0000000,0, 0,         0,    0,0000000000000000000000000000000000000000,0000000000000000000000000000000000000000,         0,         0,         0,         0,1, 0, 0, 0,4087                          ,    0,         0,0,20181211 20:11:02,4012                          ,  101, 9999,  101,  101,    0,     0,     0
 ED5.2,4033                          ,4034                          ,                    ,2952      ,                ,  101,                    ,                              ,14,0,20181211 20:11:15,    0,         0,         0,65535,65535, 9999,2,                ,0000000,0, 0,         0,    0,0000000000000000000000000000000000000000,0000000000000000000000000000000000000000,         0,         0,         0,         0,1, 0, 0, 0,4033                          ,    0,         0,0,20181211 20:11:15,4034                          ,  101, 9999,  101,  101,    0,     0,     0
 ED5.2,5185542                       ,4019                          ,NORELY DEL S RIO    ,2952      ,                ,  101,                    ,                              , 4,2,20181211 20:11:28,    0,         0,        42,10445,   15,  101,2,                ,0000000,2, 0,         0,    0,0000000000000000000000000000000000000000,0000000000000000000000010000000000000000,         0,         0,         0,         0,1, 0, 0, 0,A800                          ,    7,        36,0,20181211 20:10:46,                              , 9999, 9999, 9999, 9999,32767,     0,     0
 ED5.2,4065                          ,4012                          ,                    ,2952      ,                ,  101,                    ,                              ,14,0,20181211 20:11:29,    0,         0,        19,65535,65535, 9999,2,                ,0000000,0, 0,         0,    0,0000000000000000000000000000000000000000,0000000000000000000000000000000000000000,         0,         0,         0,         0,1, 0, 0, 0,4065                          ,    0,        19,0,20181211 20:11:10,4012                          ,  101, 9999,  101,  101,    0,     0,     0
 ED5.2,2061                          ,2092                          ,                    ,4632      ,                ,  101,                    ,                              ,14,0,20181211 20:12:38,    0,         0,        83,65535,65535, 9999,2,                ,0000000,0, 0,         0,    0,0000000000000000000000000000000000000000,0000000000000000000000000000000000000000,         0,         0,         0,         0,1, 0, 0, 0,2061                          ,    0,        83,0,20181211 20:11:15,2092                          ,  101, 9999,  101,  101,    0,     0,     0
 ED5.2,4087                          ,4054                          ,                    ,2952      ,                ,  101,                    ,                              ,14,0,20181211 20:12:42,    0,         0,       215,65535,65535, 9999,2,                ,0000000,0, 0,         0,    0,0000000000000000000000000000000000000000,0000000000000000000000000000000000000000,         0,         0,         0,         0,1, 0, 0, 0,4087                          ,    0,       215,0,20181211 20:09:07,4054                          ,  101, 9999,  101,  101,    0,     0,     0
 ED5.2,4031                          ,4054                          ,                    ,2952      ,                ,  101,                    ,                              ,14,0,20181211 20:13:42,    0,         0,        15,65535,65535, 9999,2,                ,0000000,0, 0,         0,    0,0000000000000000000000000000000000000000,0000000000000000000000000000000000000000,         0,         0,         0,         0,1, 0, 0, 0,4031                          ,    0,        15,0,20181211 20:13:27,4054                          ,  101, 9999,  101,  101,    0,     0,     0
 ED5.2,4077                          ,4036                          ,                    ,2952      ,                ,  101,                    ,                              ,14,0,20181211 20:14:10,    0,         0,         0,65535,65535, 9999,2,                ,0000000,0, 0,         0,    0,0000000000000000000000000000000000000000,0000000000000000000000000000000000000000,         0,         0,         0,         0,1, 0, 0, 0,4077                          ,    0,         0,0,20181211 20:14:10,4036                          ,  101, 9999,  101,  101,    0,     0,     0
 ED5.2,4077                          ,4036                          ,                    ,2952      ,                ,  101,                    ,                              ,14,0,20181211 20:14:29,    0,         0,         0,65535,65535, 9999,2,                ,0000000,0, 0,         0,    0,0000000000000000000000000000000000000000,0000000000000000000000000000000000000000,         0,         0,         0,         0,1, 0, 0, 0,4077                          ,    0,         0,0,20181211 20:14:29,4036                          ,  101, 9999,  101,  101,    0,     0,     0
 ED5.2,663144627527                  ,3228                          ,ALBA ROSA BOTERO    ,1979      ,                ,  101,                    ,                              , 4,2,20181211 20:14:30,    0,         0,        79,10865,   82,  101,2,                ,0000000,2, 0,         0,    0,0000000000000000000000000000000000000000,0000000000000000000000010000000000000000,         0,         0,         0,         0,1, 0, 0, 0,A500                          ,   15,        65,0,20181211 20:13:11,                              , 9999, 9999, 9999, 9999,32767,     0,     0
 ED5.2,4036                          ,4077                          ,                    ,2952      ,                ,  101,                    ,                              ,14,0,20181211 20:14:59,    0,         0,        19,65535,65535, 9999,2,                ,0000000,0, 0,         0,    0,0000000000000000000000000000000000000000,0000000000000000000000000000000000000000,         0,         0,         0,         0,1, 0, 0, 0,4036                          ,    0,        19,0,20181211 20:14:40,4077                          ,  101, 9999,  101,  101,    0,     0,     0
 ED5.2,213896                        ,1489                          ,MARY ALEXAND MEL    ,1214      ,                ,  101,                    ,                              , 4,2,20181211 20:15:28,    0,         0,        55,  120,   20,  101,2,                ,0000000,3, 0,         0,    0,0000000000000000000000000000000000000000,0000000000000000000000010000000000000000,         0,         0,         0,         0,1, 0, 0, 0,A800                          ,    7,        48,0,20181211 20:14:33,                              , 9999, 9999, 9999, 9999,32767,     0,     0
 ED5.2,1022                          ,1736                          ,                    ,1635      ,                ,  101,                    ,                              ,14,0,20181211 20:15:39,    0,         0,         0,65535,65535, 9999,2,                ,0000000,0, 0,         0,    0,0000000000000000000000000000000000000000,0000000000000000000000000000000000000000,         0,         0,         0,         0,1, 0, 0, 0,1531                          ,    0,         0,1,20181211 20:15:39,1736                          ,  101, 9999,  101,  101,    0,     0,     0
 ED5.2,1747                          ,1499                          ,                    ,1952      ,                ,  101,                    ,                              ,14,0,20181211 20:15:51,    0,         0,        49,65535,65535, 9999,2,                ,0000000,0, 0,         0,    0,0000000000000000000000000000000000000000,0000000000000000000000000000000000000000,         0,         0,         0,         0,1, 0, 0, 0,1747                          ,    0,        49,0,20181211 20:15:02,1499                          ,  101, 9999,  101,  101,    0,     0,     0
 ED5.2,1053                          ,1736                          ,                    ,1635      ,                ,  101,                    ,                              ,14,0,20181211 20:15:55,    0,         0,        10,65535,65535, 9999,2,                ,0000000,0, 0,         0,    0,0000000000000000000000000000000000000000,0000000000000000000000000000000000000000,         0,         0,         0,         0,1, 0, 0, 0,1053                          ,    0,        10,0,20181211 20:15:45,1736                          ,  101, 9999,  101,  101,    0,     0,     0
 ED5.2,663755200                     ,4009                          ,ANDRES FELIP GUT    ,2632      ,                ,  101,                    ,                              , 4,2,20181211 20:16:05,    0,         0,        44,10445,   15,  101,2,                ,0000000,2, 0,         0,    0,0000000000000000000000000000000000000000,0000000000000000000000010000000000000000,         0,         0,         0,         0,1, 0, 0, 0,A800                          ,   44,         0,0,20181211 20:15:21,                              , 9999, 9999, 9999, 9999,32767,     0,     0
 ED5.2,1032                          ,1736                          ,                    ,1635      ,                ,  101,                    ,                              ,14,0,20181211 20:16:13,    0,         0,         0,65535,65535, 9999,2,                ,0000000,0, 0,         0,    0,0000000000000000000000000000000000000000,0000000000000000000000000000000000000000,         0,         0,         0,         0,1, 0, 0, 0,1032                          ,    0,         0,0,20181211 20:16:13,1736                          ,  101, 9999,  101,  101,    0,     0,     0
 ED5.2,1567                          ,1563                          ,                    ,1952      ,                ,  101,                    ,                              ,14,0,20181211 20:16:15,    0,         0,        63,65535,65535, 9999,2,                ,0000000,0, 0,         0,    0,0000000000000000000000000000000000000000,0000000000000000000000000000000000000000,         0,         0,         0,         0,1, 0, 0, 0,1567                          ,    0,        63,0,20181211 20:15:12,1563                          ,  101, 9999,  101,  101,    0,     0,     0
 ED5.2,6604869                       ,1818                          ,DANIELA ALEJ GON    ,1632      ,                ,  101,                    ,                              , 0,2,20181211 20:16:28,    0,         0,        92,10002,   11,  101,2,                ,0010000,2, 1,         0,    0,1000000000000000000000000000000000000000,0000000000000000000000010000000000001000,         0,         0,         0,         0,1, 0, 0, 0,6604869                       ,    0,         0,0,20181211 20:14:56,1818                          , 9999, 9999, 9999,  101,32767,     0,     0
 ED5.2,1449                          ,1736                          ,                    ,1635      ,                ,  101,                    ,                              ,14,0,20181211 20:16:29,    0,         0,         0,65535,65535, 9999,2,                ,0000000,0, 0,         0,    0,0000000000000000000000000000000000000000,0000000000000000000000000000000000000000,         0,         0,         0,         0,1, 0, 0, 0,1032                          ,    0,         0,1,20181211 20:16:29,1736                          ,  101, 9999,  101,  101,    0,     0,     0
 ED5.2,1365                          ,1736                          ,                    ,1635      ,                ,  101,                    ,                              ,14,0,20181211 20:16:35,    0,         0,         0,65535,65535, 9999,2,                ,0000000,0, 0,         0,    0,0000000000000000000000000000000000000000,0000000000000000000000000000000000000000,         0,         0,         0,         0,1, 0, 0, 0,1032                          ,    0,         0,1,20181211 20:16:35,1736                          ,  101, 9999,  101,  101,    0,     0,     0
 ED5.2,1677                          ,1531                          ,                    ,1638      ,                ,  101,                    ,                              ,14,0,20181211 20:16:51,    0,         0,         0,65535,65535, 9999,2,                ,0000000,0, 0,         0,    0,0000000000000000000000000000000000000000,0000000000000000000000000000000000000000,         0,         0,         0,         0,1, 0, 0, 0,1677                          ,    0,         0,0,20181211 20:16:51,1531                          ,  101, 9999,  101,  101,    0,     0,     0
 ED5.2,1893                          ,1736                          ,                    ,1635      ,                ,  101,                    ,                              ,14,0,20181211 20:16:51,    0,         0,        10,65535,65535, 9999,2,                ,0000000,0, 0,         0,    0,0000000000000000000000000000000000000000,0000000000000000000000000000000000000000,         0,         0,         0,         0,1, 0, 0, 0,1893                          ,    0,        10,0,20181211 20:16:41,1736                          ,  101, 9999,  101,  101,    0,     0,     0
 ED5.2,1032                          ,1736                          ,                    ,1635      ,                ,  101,                    ,                              ,14,0,20181211 20:17:10,    0,         0,         0,65535,65535, 9999,2,                ,0000000,0, 0,         0,    0,0000000000000000000000000000000000000000,0000000000000000000000000000000000000000,         0,         0,         0,         0,1, 0, 0, 0,1032                          ,    0,         0,0,20181211 20:17:10,1736                          ,  101, 9999,  101,  101,    0,     0,     0
 ED5.2,1449                          ,1736                          ,                    ,1635      ,                ,  101,                    ,                              ,14,0,20181211 20:17:25,    0,         0,         0,65535,65535, 9999,2,                ,0000000,0, 0,         0,    0,0000000000000000000000000000000000000000,0000000000000000000000000000000000000000,         0,         0,         0,         0,1, 0, 0, 0,1032                          ,    0,         0,1,20181211 20:17:25,1736                          ,  101, 9999,  101,  101,    0,     0,     0
 ED5.2,1340                          ,1120                          ,                    ,1154      ,                ,  101,                    ,                              ,14,0,20181211 20:17:32,    0,         0,         0,65535,65535, 9999,2,                ,0000000,0, 0,         0,    0,0000000000000000000000000000000000000000,0000000000000000000000000000000000000000,         0,         0,         0,         0,1, 0, 0, 0,1340                          ,    0,         0,0,20181211 20:17:32,1120                          ,  101, 9999,  101,  101,    0,     0,     0
 ED5.2,1736                          ,1531                          ,                    ,1638      ,                ,  101,                    ,                              ,14,0,20181211 20:17:34,    0,         0,         0,65535,65535, 9999,2,                ,0000000,0, 0,         0,    0,0000000000000000000000000000000000000000,0000000000000000000000000000000000000000,         0,         0,         0,         0,1, 0, 0, 0,1736                          ,    0,         0,0,20181211 20:17:34,1531                          ,  101, 9999,  101,  101,    0,     0,     0
 ED5.2,88                            ,1120                          ,                    ,1154      ,                ,  101,                    ,                              ,14,0,20181211 20:17:35,    0,         0,         3,65535,65535, 9999,2,                ,0000000,0, 0,         0,    0,0000000000000000000000000000000000000000,0000000000000000000000000000000000000000,         0,         0,         0,         0,1, 0, 0, 0,1340                          ,    0,         3,1,20181211 20:17:32,1120                          ,  101, 9999,  101,  101,    0,     0,     0
 ED5.2,1365                          ,1736                          ,                    ,1635      ,                ,  101,                    ,                              ,14,0,20181211 20:17:41,    0,         0,         0,65535,65535, 9999,2,                ,0000000,0, 0,         0,    0,0000000000000000000000000000000000000000,0000000000000000000000000000000000000000,         0,         0,         0,         0,1, 0, 0, 0,1032                          ,    0,         0,1,20181211 20:17:41,1736                          ,  101, 9999,  101,  101,    0,     0,     0
 ED5.2,663138614991                  ,3252                          ,STEVEN RICAR LAN    ,1318      ,                ,  101,                    ,                              , 4,2,20181211 20:17:42,    0,         0,        35,  120,   20,  101,2,                ,0000000,2, 1,         0,    0,0000000000000000000000000000000000000000,0000000000000000000000010000000000000000,         0,         0,         0,         0,1, 0, 0, 0,A800                          ,   36,         0,1,20181211 20:17:07,                              , 9999, 9999, 9999, 9999,32767,     0,     0
 ED5.2,1350                          ,1736                          ,                    ,1635      ,                ,  101,                    ,                              ,14,0,20181211 20:17:48,    0,         0,         0,65535,65535, 9999,2,                ,0000000,0, 0,         0,    0,0000000000000000000000000000000000000000,0000000000000000000000000000000000000000,         0,         0,         0,         0,1, 0, 0, 0,1032                          ,    0,         0,1,20181211 20:17:48,1736                          ,  101, 9999,  101,  101,    0,     0,     0
 ED5.2,1893                          ,1736                          ,                    ,1635      ,                ,  101,                    ,                              ,14,0,20181211 20:17:57,    0,         0,         0,65535,65535, 9999,2,                ,0000000,0, 0,         0,    0,0000000000000000000000000000000000000000,0000000000000000000000000000000000000000,         0,         0,         0,         0,1, 0, 0, 0,1893                          ,    0,         0,0,20181211 20:17:57,1736                          ,  101, 9999,  101,  101,    0,     0,     0
 ED5.2,1340                          ,1120                          ,                    ,1154      ,                ,  101,                    ,                              ,14,0,20181211 20:18:01,    0,         0,         0,65535,65535, 9999,2,                ,0000000,0, 0,         0,    0,0000000000000000000000000000000000000000,0000000000000000000000000000000000000000,         0,         0,         0,         0,1, 0, 0, 0,1340                          ,    0,         0,0,20181211 20:18:01,1120                          ,  101, 9999,  101,  101,    0,     0,     0
 ED5.2,88                            ,1120                          ,                    ,1154      ,                ,  101,                    ,                              ,14,0,20181211 20:18:06,    0,         0,         5,65535,65535, 9999,2,                ,0000000,0, 0,         0,    0,0000000000000000000000000000000000000000,0000000000000000000000000000000000000000,         0,         0,         0,         0,1, 0, 0, 0,1340                          ,    0,         5,1,20181211 20:18:01,1120                          ,  101, 9999,  101,  101,    0,     0,     0
 ED5.2,663138614991                  ,1022                          ,HELEN SMITT VELO    ,1638      ,                ,  101,                    ,                              , 4,2,20181211 20:18:54,    0,         0,        41,  121,   20,  101,2,                ,0000000,2, 1,         0,    0,0000000000000000000000000000000000000000,0000000000000000000000010000000000000000,         0,         0,         0,         0,1, 0, 0, 0,A800                          ,   41,         0,1,20181211 20:18:13,                              , 9999, 9999, 9999, 9999,32767,     0,     0
 ED5.2,663132204503                  ,1818                          ,DANIELA ALEJ GON    ,1632      ,                ,  101,                    ,                              , 4,2,20181211 20:19:18,    0,         0,        92,  120,   20,  101,2,                ,0000000,2, 1,         0,    0,0000000000000000000000000000000000000000,0000000000000000000000010000000000000000,         0,         0,         0,         0,1, 0, 0, 0,A800                          ,   12,        81,0,20181211 20:17:46,                              , 9999, 9999, 9999, 9999,32767,     0,     0
 ED5.2,1273                          ,1736                          ,                    ,1635      ,                ,  101,                    ,                              ,14,0,20181211 20:19:23,    0,         0,         9,65535,65535, 9999,2,                ,0000000,0, 0,         0,    0,0000000000000000000000000000000000000000,0000000000000000000000000000000000000000,         0,         0,         0,         0,1, 0, 0, 0,1273                          ,    0,         9,0,20181211 20:19:14,1736                          ,  101, 9999,  101,  101,    0,     0,     0
 ED5.2,1534                          ,1369                          ,                    ,1632      ,                ,  101,                    ,                              ,14,0,20181211 20:20:01,    0,         0,        21,65535,65535, 9999,2,                ,0000000,0, 0,         0,    0,0000000000000000000000000000000000000000,0000000000000000000000000000000000000000,         0,         0,         0,         0,1, 0, 0, 0,1534                          ,    0,        21,0,20181211 20:19:40,1369                          ,  101, 9999,  101,  101,    0,     0,     0
 ED5.2,1567                          ,1590                          ,                    ,1952      ,                ,  101,                    ,                              ,14,0,20181211 20:20:08,    0,         0,        13,65535,65535, 9999,2,                ,0000000,0, 0,         0,    0,0000000000000000000000000000000000000000,0000000000000000000000000000000000000000,         0,         0,         0,         0,1, 0, 0, 0,1567                          ,    0,        13,0,20181211 20:19:55,1590                          ,  101, 9999,  101,  101,    0,     0,     0
 ED5.2,1120                          ,1736                          ,                    ,1635      ,                ,  101,                    ,                              ,14,0,20181211 20:20:49,    0,         0,        48,65535,65535, 9999,2,                ,0000000,0, 0,         0,    0,0000000000000000000000000000000000000000,0000000000000000000000000000000000000000,         0,         0,         0,         0,1, 0, 0, 0,1120                          ,    0,        48,0,20181211 20:20:01,1736                          ,  101, 9999,  101,  101,    0,     0,     0
 ED5.2,1213                          ,1466                          ,                    ,1638      ,                ,  101,                    ,                              ,14,0,20181211 20:20:49,    0,         0,        12,65535,65535, 9999,2,                ,0000000,0, 0,         0,    0,0000000000000000000000000000000000000000,0000000000000000000000000000000000000000,         0,         0,         0,         0,1, 0, 0, 0,1213                          ,    0,        12,0,20181211 20:20:37,1466                          ,  101, 9999,  101,  101,    0,     0,     0
 ED5.2,4019                          ,4036                          ,                    ,2952      ,                ,  101,                    ,                              ,14,0,20181211 20:21:15,    0,         0,       141,65535,65535, 9999,2,                ,0000000,0, 0,         0,    0,0000000000000000000000000000000000000000,0000000000000000000000000000000000000000,         0,         0,         0,         0,1, 0, 0, 0,4019                          ,    0,       141,0,20181211 20:18:54,4036                          ,  101, 9999,  101,  101,    0,     0,     0
 ED5.2,1225                          ,1736                          ,                    ,1635      ,                ,  101,                    ,                              ,14,0,20181211 20:21:23,    0,         0,         0,65535,65535, 9999,2,                ,0000000,0, 0,         0,    0,0000000000000000000000000000000000000000,0000000000000000000000000000000000000000,         0,         0,         0,         0,1, 0, 0, 0,1225                          ,    0,         0,0,20181211 20:21:23,1736                          ,  101, 9999,  101,  101,    0,     0,     0
 ED5.2,4019                          ,4036                          ,                    ,2952      ,                ,  101,                    ,                              ,14,0,20181211 20:21:32,    0,         0,         9,65535,65535, 9999,2,                ,0000000,0, 0,         0,    0,0000000000000000000000000000000000000000,0000000000000000000000000000000000000000,         0,         0,         0,         0,1, 0, 0, 0,4019                          ,    0,         9,0,20181211 20:21:23,4036                          ,  101, 9999,  101,  101,    0,     0,     0
 ED5.2,3135                          ,1736                          ,                    ,1635      ,                ,  101,                    ,                              ,14,0,20181211 20:21:38,    0,         0,         0,65535,65535, 9999,2,                ,0000000,0, 0,         0,    0,0000000000000000000000000000000000000000,0000000000000000000000000000000000000000,         0,         0,         0,         0,1, 0, 0, 0,1225                          ,    0,         0,1,20181211 20:21:38,1736                          ,  101, 9999,  101,  101,    0,     0,     0
 ED5.2,3136                          ,1736                          ,                    ,1635      ,                ,  101,                    ,                              ,14,0,20181211 20:22:04,    0,         0,        20,65535,65535, 9999,2,                ,0000000,0, 0,         0,    0,0000000000000000000000000000000000000000,0000000000000000000000000000000000000000,         0,         0,         0,         0,1, 0, 0, 0,1225                          ,    0,        20,1,20181211 20:21:44,1736                          ,  101, 9999,  101,  101,    0,     0,     0
 ED5.2,1225                          ,1736                          ,                    ,1635      ,                ,  101,                    ,                              ,14,0,20181211 20:23:08,    0,         0,         0,65535,65535, 9999,2,                ,0000000,0, 0,         0,    0,0000000000000000000000000000000000000000,0000000000000000000000000000000000000000,         0,         0,         0,         0,1, 0, 0, 0,1225                          ,    0,         0,0,20181211 20:23:08,1736                          ,  101, 9999,  101,  101,    0,     0,     0
 ED5.2,3135                          ,1736                          ,                    ,1635      ,                ,  101,                    ,                              ,14,0,20181211 20:23:08,    0,         0,         0,65535,65535, 9999,2,                ,0000000,0, 0,         0,    0,0000000000000000000000000000000000000000,0000000000000000000000000000000000000000,         0,         0,         0,         0,1, 0, 0, 0,1225                          ,    0,         0,1,20181211 20:23:08,1736                          ,  101, 9999,  101,  101,    0,     0,     0
 ED5.2,1525                          ,1736                          ,                    ,1635      ,                ,  101,                    ,                              ,14,0,20181211 20:23:34,    0,         0,         9,65535,65535, 9999,2,                ,0000000,0, 0,         0,    0,0000000000000000000000000000000000000000,0000000000000000000000000000000000000000,         0,         0,         0,         0,1, 0, 0, 0,1525                          ,    0,         9,0,20181211 20:23:25,1736                          ,  101, 9999,  101,  101,    0,     0,     0
 ED5.2,663755200                     ,4055                          ,MARTHA LILLY HER    ,2635      ,                ,  101,                    ,                              , 4,2,20181211 20:24:03,    0,         0,        50,10445,   15,  101,2,                ,0000000,2, 0,         0,    0,0000000000000000000000000000000000000000,0000000000000000000000010000000000000000,         0,         0,         0,         0,1, 0, 0, 0,A800                          ,   50,         0,0,20181211 20:23:13,                              , 9999, 9999, 9999, 9999,32767,     0,     0
 ED5.2,1499                          ,1747                          ,                    ,1952      ,                ,  101,                    ,                              ,14,0,20181211 20:24:21,    0,         0,         9,65535,65535, 9999,2,                ,0000000,0, 0,         0,    0,0000000000000000000000000000000000000000,0000000000000000000000000000000000000000,         0,         0,         0,         0,1, 0, 0, 0,1499                          ,    0,         9,0,20181211 20:24:12,1747                          ,  101, 9999,  101,  101,    0,     0,     0
 ED5.2,2067                          ,2061                          ,                    ,4632      ,                ,  101,                    ,                              ,14,0,20181211 20:24:51,    0,         0,       441,65535,65535, 9999,2,                ,0000000,0, 0,         0,    0,0000000000000000000000000000000000000000,0000000000000000000000000000000000000000,         0,         0,         0,         0,1, 0, 0, 0,2067                          ,    0,       441,0,20181211 20:17:30,2061                          ,  101, 9999,  101,  101,    0,     0,     0
 ED5.2,5149                          ,5157                          ,                    ,3952      ,                ,  101,                    ,                              ,14,0,20181211 20:25:13,    0,         0,        55,65535,65535, 9999,2,                ,0000000,0, 0,         0,    0,0000000000000000000000000000000000000000,0000000000000000000000000000000000000000,         0,         0,         0,         0,1, 0, 0, 0,5149                          ,    0,        55,0,20181211 20:24:18,5157                          ,  101, 9999,  101,  101,    0,     0,     0
 ED5.2,5155                          ,5120                          ,                    ,3952      ,                ,  101,                    ,                              ,14,0,20181211 20:25:16,    0,         0,       759,65535,65535, 9999,2,                ,0000000,0, 0,         0,    0,0000000000000000000000000000000000000000,0000000000000000000000000000000000000000,         0,         0,         0,         0,1, 0, 0, 0,5155                          ,    0,       759,0,20181211 20:12:37,5120                          ,  101, 9999,  101,  101,    0,     0,     0
 ED5.2,1225                          ,1736                          ,                    ,1635      ,                ,  101,                    ,                              ,14,0,20181211 20:25:37,    0,         0,         0,65535,65535, 9999,2,                ,0000000,0, 0,         0,    0,0000000000000000000000000000000000000000,0000000000000000000000000000000000000000,         0,         0,         0,         0,1, 0, 0, 0,1225                          ,    0,         0,0,20181211 20:25:37,1736                          ,  101, 9999,  101,  101,    0,     0,     0
 ED5.2,3212487065                    ,3228                          ,ALBA ROSA BOTERO    ,1979      ,                ,  101,                    ,                              , 0,1,20181211 20:25:59,    0,         0,        71,  378,   21,  101,2,                ,0010000,0, 0,         0,    0,0000000000000000000000000000000000000000,0000000000000000000000010000000000001000,         0,         0,         0,         0,1, 0, 0, 0,033212487065                  ,    0,         0,0,20181211 20:24:48,3228                          , 9999, 9999, 9999,  101,32767,     0,     0
 ED5.2,6604869                       ,1568                          ,SEBASTIAN CA URI    ,1365      ,                ,  101,                    ,                              , 0,2,20181211 20:26:12,    0,         0,       161,10002,   11,  101,2,                ,0010000,2, 1,         0,    0,1000000000000000000000000000000000000000,0000000000000000000000010000000000001000,         0,         0,         0,         0,1, 0, 0, 0,6604869                       ,    0,         0,0,20181211 20:23:31,1568                          , 9999, 9999, 9999,  101,32767,     0,     0
 ED5.2,1381                          ,1856                          ,                    ,1952      ,                ,  101,                    ,                              ,14,0,20181211 20:27:47,    0,         0,         2,65535,65535, 9999,2,                ,0000000,0, 0,         0,    0,0000000000000000000000000000000000000000,0000000000000000000000000000000000000000,         0,         0,         0,         0,1, 0, 0, 0,1381                          ,    0,         2,0,20181211 20:27:45,1856                          ,  101, 9999,  101,  101,    0,     0,     0
 ED5.2,1381                          ,1856                          ,                    ,1952      ,                ,  101,                    ,                              ,14,0,20181211 20:27:53,    0,         0,         0,65535,65535, 9999,2,                ,0000000,0, 0,         0,    0,0000000000000000000000000000000000000000,0000000000000000000000000000000000000000,         0,         0,         0,         0,1, 0, 0, 0,1381                          ,    0,         0,0,20181211 20:27:53,1856                          ,  101, 9999,  101,  101,    0,     0,     0
 ED5.2,4077                          ,4017                          ,                    ,2843      ,                ,  101,                    ,                              ,14,0,20181211 20:27:54,    0,         0,        65,65535,65535, 9999,2,                ,0000000,0, 0,         0,    0,0000000000000000000000000000000000000000,0000000000000000000000000000000000000000,         0,         0,         0,         0,1, 0, 0, 0,4077                          ,    0,        65,0,20181211 20:26:49,4017                          ,  101, 9999,  101,  101,    0,     0,     0
 ED5.2,6604869                       ,1050                          ,PAULA ANDREA RAM    ,1318      ,                ,  101,                    ,                              , 0,2,20181211 20:28:22,    0,         0,        67,10002,   11,  101,2,                ,0010000,2, 1,         0,    0,1000000000000000000000000000000000000000,0000000000000000000000010000000000001000,         0,         0,         0,         0,1, 0, 0, 0,6604869                       ,    0,         0,0,20181211 20:27:15,1050                          , 9999, 9999, 9999,  101,32767,     0,     0
 ED5.2,1381                          ,1856                          ,                    ,1952      ,                ,  101,                    ,                              ,14,0,20181211 20:28:38,    0,         0,        45,65535,65535, 9999,2,                ,0000000,0, 0,         0,    0,0000000000000000000000000000000000000000,0000000000000000000000000000000000000000,         0,         0,         0,         0,1, 0, 0, 0,1381                          ,    0,        45,0,20181211 20:27:53,1856                          ,  101, 9999,  101,  101,    0,     0,     0
 ED5.2,1856                          ,1381                          ,                    ,1952      ,                ,  101,                    ,                              ,14,0,20181211 20:29:28,    0,         0,        12,65535,65535, 9999,2,                ,0000000,0, 0,         0,    0,0000000000000000000000000000000000000000,0000000000000000000000000000000000000000,         0,         0,         0,         0,1, 0, 0, 0,1856                          ,    0,        12,0,20181211 20:29:16,1381                          ,  101, 9999,  101,  101,    0,     0,     0
 ED5.2,1856                          ,1381                          ,                    ,1952      ,                ,  101,                    ,                              ,14,0,20181211 20:30:27,    0,         0,        54,65535,65535, 9999,2,                ,0000000,0, 0,         0,    0,0000000000000000000000000000000000000000,0000000000000000000000000000000000000000,         0,         0,         0,         0,1, 0, 0, 0,1856                          ,    0,        54,0,20181211 20:29:33,1381                          ,  101, 9999,  101,  101,    0,     0,     0
 ED5.2,1381                          ,1856                          ,                    ,1952      ,                ,  101,                    ,                              ,14,0,20181211 20:30:44,    0,         0,         0,65535,65535, 9999,2,                ,0000000,0, 0,         0,    0,0000000000000000000000000000000000000000,0000000000000000000000000000000000000000,         0,         0,         0,         0,1, 0, 0, 0,1381                          ,    0,         0,0,20181211 20:30:44,1856                          ,  101, 9999,  101,  101,    0,     0,     0
 ED5.2,1381                          ,1856                          ,                    ,1952      ,                ,  101,                    ,                              ,14,0,20181211 20:30:48,    0,         0,         0,65535,65535, 9999,2,                ,0000000,0, 0,         0,    0,0000000000000000000000000000000000000000,0000000000000000000000000000000000000000,         0,         0,         0,         0,1, 0, 0, 0,1381                          ,    0,         0,0,20181211 20:30:48,1856                          ,  101, 9999,  101,  101,    0,     0,     0
 ED5.2,1381                          ,1856                          ,                    ,1952      ,                ,  101,                    ,                              ,14,0,20181211 20:30:51,    0,         0,         0,65535,65535, 9999,2,                ,0000000,0, 0,         0,    0,0000000000000000000000000000000000000000,0000000000000000000000000000000000000000,         0,         0,         0,         0,1, 0, 0, 0,1381                          ,    0,         0,0,20181211 20:30:51,1856                          ,  101, 9999,  101,  101,    0,     0,     0
 ED5.2,1381                          ,1856                          ,                    ,1952      ,                ,  101,                    ,                              ,14,0,20181211 20:30:53,    0,         0,         0,65535,65535, 9999,2,                ,0000000,0, 0,         0,    0,0000000000000000000000000000000000000000,0000000000000000000000000000000000000000,         0,         0,         0,         0,1, 0, 0, 0,1381                          ,    0,         0,0,20181211 20:30:53,1856                          ,  101, 9999,  101,  101,    0,     0,     0
 ED5.2,1381                          ,1856                          ,                    ,1952      ,                ,  101,                    ,                              ,14,0,20181211 20:30:54,    0,         0,         0,65535,65535, 9999,2,                ,0000000,0, 0,         0,    0,0000000000000000000000000000000000000000,0000000000000000000000000000000000000000,         0,         0,         0,         0,1, 0, 0, 0,1381                          ,    0,         0,0,20181211 20:30:54,1856                          ,  101, 9999,  101,  101,    0,     0,     0
 ED5.2,1381                          ,1856                          ,                    ,1952      ,                ,  101,                    ,                              ,14,0,20181211 20:30:56,    0,         0,         0,65535,65535, 9999,2,                ,0000000,0, 0,         0,    0,0000000000000000000000000000000000000000,0000000000000000000000000000000000000000,         0,         0,         0,         0,1, 0, 0, 0,1381                          ,    0,         0,0,20181211 20:30:56,1856                          ,  101, 9999,  101,  101,    0,     0,     0
 ED5.2,1381                          ,1856                          ,                    ,1952      ,                ,  101,                    ,                              ,14,0,20181211 20:30:58,    0,         0,         0,65535,65535, 9999,2,                ,0000000,0, 0,         0,    0,0000000000000000000000000000000000000000,0000000000000000000000000000000000000000,         0,         0,         0,         0,1, 0, 0, 0,1381                          ,    0,         0,0,20181211 20:30:58,1856                          ,  101, 9999,  101,  101,    0,     0,     0
 ED5.2,1554                          ,1679                          ,                    ,1154      ,                ,  101,                    ,                              ,14,0,20181211 20:31:16,    0,         0,         0,65535,65535, 9999,2,                ,0000000,0, 0,         0,    0,0000000000000000000000000000000000000000,0000000000000000000000000000000000000000,         0,         0,         0,         0,1, 0, 0, 0,1475                          ,    0,         0,1,20181211 20:31:16,1679                          ,  101, 9999,  101,  101,    0,     0,     0
 ED5.2,1381                          ,1856                          ,                    ,1952      ,                ,  101,                    ,                              ,14,0,20181211 20:31:45,    0,         0,         0,65535,65535, 9999,2,                ,0000000,0, 0,         0,    0,0000000000000000000000000000000000000000,0000000000000000000000000000000000000000,         0,         0,         0,         0,1, 0, 0, 0,1381                          ,    0,         0,0,20181211 20:31:45,1856                          ,  101, 9999,  101,  101,    0,     0,     0
 ED5.2,1381                          ,1856                          ,                    ,1952      ,                ,  101,                    ,                              ,14,0,20181211 20:32:07,    0,         0,         0,65535,65535, 9999,2,                ,0000000,0, 0,         0,    0,0000000000000000000000000000000000000000,0000000000000000000000000000000000000000,         0,         0,         0,         0,1, 0, 0, 0,1381                          ,    0,         0,0,20181211 20:32:07,1856                          ,  101, 9999,  101,  101,    0,     0,     0
 ED5.2,6604869                       ,1534                          ,JULY PAULINE SAN    ,1632      ,                ,  101,                    ,                              , 0,2,20181211 20:32:25,    0,         0,        48,10002,   11,  101,2,                ,0010000,2, 1,         0,    0,1000000000000000000000000000000000000000,0000000000000000000000010000000000001000,         0,         0,         0,         0,1, 0, 0, 0,6604869                       ,    0,         0,0,20181211 20:31:37,1534                          , 9999, 9999, 9999,  101,32767,     0,     0
 ED5.2,1381                          ,1856                          ,                    ,1952      ,                ,  101,                    ,                              ,14,0,20181211 20:32:25,    0,         0,         0,65535,65535, 9999,2,                ,0000000,0, 0,         0,    0,0000000000000000000000000000000000000000,0000000000000000000000000000000000000000,         0,         0,         0,         0,1, 0, 0, 0,1381                          ,    0,         0,0,20181211 20:32:25,1856                          ,  101, 9999,  101,  101,    0,     0,     0
 ED5.2,1381                          ,1856                          ,                    ,1952      ,                ,  101,                    ,                              ,14,0,20181211 20:32:42,    0,         0,         0,65535,65535, 9999,2,                ,0000000,0, 0,         0,    0,0000000000000000000000000000000000000000,0000000000000000000000000000000000000000,         0,         0,         0,         0,1, 0, 0, 0,1381                          ,    0,         0,0,20181211 20:32:42,1856                          ,  101, 9999,  101,  101,    0,     0,     0
 ED5.2,1381                          ,1856                          ,                    ,1952      ,                ,  101,                    ,                              ,14,0,20181211 20:33:08,    0,         0,         0,65535,65535, 9999,2,                ,0000000,0, 0,         0,    0,0000000000000000000000000000000000000000,0000000000000000000000000000000000000000,         0,         0,         0,         0,1, 0, 0, 0,1381                          ,    0,         0,0,20181211 20:33:08,1856                          ,  101, 9999,  101,  101,    0,     0,     0
 ED5.2,1381                          ,1856                          ,                    ,1952      ,                ,  101,                    ,                              ,14,0,20181211 20:33:17,    0,         0,         0,65535,65535, 9999,2,                ,0000000,0, 0,         0,    0,0000000000000000000000000000000000000000,0000000000000000000000000000000000000000,         0,         0,         0,         0,1, 0, 0, 0,1381                          ,    0,         0,0,20181211 20:33:17,1856                          ,  101, 9999,  101,  101,    0,     0,     0
 ED5.2,1381                          ,1856                          ,                    ,1952      ,                ,  101,                    ,                              ,14,0,20181211 20:33:39,    0,         0,         0,65535,65535, 9999,2,                ,0000000,0, 0,         0,    0,0000000000000000000000000000000000000000,0000000000000000000000000000000000000000,         0,         0,         0,         0,1, 0, 0, 0,1381                          ,    0,         0,0,20181211 20:33:39,1856                          ,  101, 9999,  101,  101,    0,     0,     0
 ED5.2,1381                          ,1856                          ,                    ,1952      ,                ,  101,                    ,                              ,14,0,20181211 20:34:05,    0,         0,         0,65535,65535, 9999,2,                ,0000000,0, 0,         0,    0,0000000000000000000000000000000000000000,0000000000000000000000000000000000000000,         0,         0,         0,         0,1, 0, 0, 0,1381                          ,    0,         0,0,20181211 20:34:05,1856                          ,  101, 9999,  101,  101,    0,     0,     0
 ED5.2,1381                          ,1856                          ,                    ,1952      ,                ,  101,                    ,                              ,14,0,20181211 20:34:08,    0,         0,         1,65535,65535, 9999,2,                ,0000000,0, 0,         0,    0,0000000000000000000000000000000000000000,0000000000000000000000000000000000000000,         0,         0,         0,         0,1, 0, 0, 0,1381                          ,    0,         1,0,20181211 20:34:07,1856                          ,  101, 9999,  101,  101,    0,     0,     0
 ED5.2,1381                          ,1856                          ,                    ,1952      ,                ,  101,                    ,                              ,14,0,20181211 20:34:11,    0,         0,         0,65535,65535, 9999,2,                ,0000000,0, 0,         0,    0,0000000000000000000000000000000000000000,0000000000000000000000000000000000000000,         0,         0,         0,         0,1, 0, 0, 0,1381                          ,    0,         0,0,20181211 20:34:11,1856                          ,  101, 9999,  101,  101,    0,     0,     0
 ED5.2,1381                          ,1856                          ,                    ,1952      ,                ,  101,                    ,                              ,14,0,20181211 20:34:26,    0,         0,         5,65535,65535, 9999,2,                ,0000000,0, 0,         0,    0,0000000000000000000000000000000000000000,0000000000000000000000000000000000000000,         0,         0,         0,         0,1, 0, 0, 0,1381                          ,    0,         5,0,20181211 20:34:21,1856                          ,  101, 9999,  101,  101,    0,     0,     0
 ED5.2,1818                          ,1235                          ,                    ,1632      ,                ,  101,                    ,                              ,14,0,20181211 20:36:11,    0,         0,        87,65535,65535, 9999,2,                ,0000000,0, 0,         0,    0,0000000000000000000000000000000000000000,0000000000000000000000000000000000000000,         0,         0,         0,         0,1, 0, 0, 0,1818                          ,    0,        87,0,20181211 20:34:44,1235                          ,  101, 9999,  101,  101,    0,     0,     0
 ED5.2,1347                          ,1377                          ,                    ,1318      ,                ,  101,                    ,                              ,14,0,20181211 20:36:19,    0,         0,        17,65535,65535, 9999,2,                ,0000000,0, 0,         0,    0,0000000000000000000000000000000000000000,0000000000000000000000000000000000000000,         0,         0,         0,         0,1, 0, 0, 0,1347                          ,    0,        17,0,20181211 20:36:02,1377                          ,  101, 9999,  101,  101,    0,     0,     0
 ED5.2,6604869                       ,1568                          ,SEBASTIAN CA URI    ,1365      ,                ,  101,                    ,                              , 0,2,20181211 20:36:47,    0,         0,         0,10002,   11,  101,2,                ,0010000,2, 1,         0,    0,1000000000000000000000000000000000000000,0000000000000000000000010000000000001000,         0,         0,         0,         0,1, 0, 0, 0,6604869                       ,    0,         0,0,20181211 20:36:47,1568                          , 9999, 9999, 9999,  101,32767,     0,     0
 ED5.2,4036                          ,4077                          ,                    ,2952      ,                ,  101,                    ,                              ,14,0,20181211 20:38:18,    0,         0,        19,65535,65535, 9999,2,                ,0000000,0, 0,         0,    0,0000000000000000000000000000000000000000,0000000000000000000000000000000000000000,         0,         0,         0,         0,1, 0, 0, 0,4036                          ,    0,        19,0,20181211 20:37:59,4077                          ,  101, 9999,  101,  101,    0,     0,     0
 ED5.2,1856                          ,1381                          ,                    ,1952      ,                ,  101,                    ,                              ,14,0,20181211 20:39:15,    0,         0,        80,65535,65535, 9999,2,                ,0000000,0, 0,         0,    0,0000000000000000000000000000000000000000,0000000000000000000000000000000000000000,         0,         0,         0,         0,1, 0, 0, 0,1856                          ,    0,        80,0,20181211 20:37:55,1381                          ,  101, 9999,  101,  101,    0,     0,     0
 ED5.2,6604869                       ,1568                          ,SEBASTIAN CA URI    ,1365      ,                ,  101,                    ,                              , 0,2,20181211 20:40:53,    0,         0,        36,10002,   11,  101,2,                ,0010000,2, 1,         0,    0,1000000000000000000000000000000000000000,0000000000000000000000010000000000001000,         0,         0,         0,         0,1, 0, 0, 0,6604869                       ,    0,         0,0,20181211 20:40:17,1568                          , 9999, 9999, 9999,  101,32767,     0,     0
 ED5.2,1677                          ,1531                          ,                    ,1638      ,                ,  101,                    ,                              ,14,0,20181211 20:44:13,    0,         0,       255,65535,65535, 9999,2,                ,0000000,0, 0,         0,    0,0000000000000000000000000000000000000000,0000000000000000000000000000000000000000,         0,         0,         0,         0,1, 0, 0, 0,1677                          ,    0,       255,0,20181211 20:39:58,1531                          ,  101, 9999,  101,  101,    0,     0,     0
 ED5.2,6604869                       ,1818                          ,DANIELA ALEJ GON    ,1632      ,                ,  101,                    ,                              , 0,2,20181211 20:45:16,    0,         0,        53,10002,   11,  101,2,                ,0010000,2, 1,         0,    0,1000000000000000000000000000000000000000,0000000000000000000000010000000000001000,         0,         0,         0,         0,1, 0, 0, 0,6604869                       ,    0,         0,0,20181211 20:44:23,1818                          , 9999, 9999, 9999,  101,32767,     0,     0
 ED5.2,1856                          ,1456                          ,                    ,1952      ,                ,  101,                    ,                              ,14,0,20181211 20:46:09,    0,         0,        41,65535,65535, 9999,2,                ,0000000,0, 0,         0,    0,0000000000000000000000000000000000000000,0000000000000000000000000000000000000000,         0,         0,         0,         0,1, 0, 0, 0,1856                          ,    0,        41,0,20181211 20:45:28,1456                          ,  101, 9999,  101,  101,    0,     0,     0
 ED5.2,2451843                       ,1252                          ,ANA CAROLINA FAJ    ,1215      ,                ,  101,                    ,                              , 4,2,20181211 20:46:45,    0,         0,        45,  120,   20,  101,2,                ,0000000,3, 0,         0,    0,0000000000000000000000000000000000000000,0000000000000000000000010000000000000000,         0,         0,         0,         0,1, 0, 0, 0,A800                          ,   45,         0,0,20181211 20:46:00,                              , 9999, 9999, 9999, 9999,32767,     0,     0
 ED5.2,663144562705                  ,3127                          ,DIANA MARIA RUGE    ,1466      ,                ,  101,                    ,                              , 4,2,20181211 20:47:40,    0,         0,       101,10865,   82,  101,2,                ,0000000,2, 0,         0,    0,0000000000000000000000000000000000000000,0000000000000000000000010000000000000000,         0,         0,         0,         0,1, 0, 0, 0,7630                          ,    2,        99,1,20181211 20:45:59,                              , 9999, 9999, 9999, 9999,32767,     0,     0
 ED5.2,4077                          ,4036                          ,                    ,2952      ,                ,  101,                    ,                              ,14,0,20181211 20:47:46,    0,         0,         0,65535,65535, 9999,2,                ,0000000,0, 0,         0,    0,0000000000000000000000000000000000000000,0000000000000000000000000000000000000000,         0,         0,         0,         0,1, 0, 0, 0,4077                          ,    0,         0,0,20181211 20:47:46,4036                          ,  101, 9999,  101,  101,    0,     0,     0
 ED5.2,1534                          ,1736                          ,                    ,1635      ,                ,  101,                    ,                              ,14,0,20181211 20:48:53,    0,         0,         9,65535,65535, 9999,2,                ,0000000,0, 0,         0,    0,0000000000000000000000000000000000000000,0000000000000000000000000000000000000000,         0,         0,         0,         0,1, 0, 0, 0,1534                          ,    0,         9,0,20181211 20:48:44,1736                          ,  101, 9999,  101,  101,    0,     0,     0
 ED5.2,1590                          ,1489                          ,                    ,1214      ,                ,  101,                    ,                              ,14,0,20181211 20:50:18,    0,         0,        79,65535,65535, 9999,2,                ,0000000,0, 0,         0,    0,0000000000000000000000000000000000000000,0000000000000000000000000000000000000000,         0,         0,         0,         0,1, 0, 0, 0,1590                          ,    0,        79,0,20181211 20:48:59,1489                          ,  101, 9999,  101,  101,    0,     0,     0
 ED5.2,1381                          ,1856                          ,                    ,1952      ,                ,  101,                    ,                              ,14,0,20181211 20:50:20,    0,         0,        10,65535,65535, 9999,2,                ,0000000,0, 0,         0,    0,0000000000000000000000000000000000000000,0000000000000000000000000000000000000000,         0,         0,         0,         0,1, 0, 0, 0,1381                          ,    0,        10,0,20181211 20:50:10,1856                          ,  101, 9999,  101,  101,    0,     0,     0
 ED5.2,2067                          ,2061                          ,                    ,4632      ,                ,  101,                    ,                              ,14,0,20181211 20:50:27,    0,         0,         0,65535,65535, 9999,2,                ,0000000,0, 0,         0,    0,0000000000000000000000000000000000000000,0000000000000000000000000000000000000000,         0,         0,         0,         0,1, 0, 0, 0,2067                          ,    0,         0,0,20181211 20:50:27,2061                          ,  101, 9999,  101,  101,    0,     0,     0
 ED5.2,663144627527                  ,3228                          ,ALBA ROSA BOTERO    ,1979      ,                ,  101,                    ,                              , 4,2,20181211 20:50:41,    0,         0,        52,10865,   82,  101,2,                ,0000000,2, 0,         0,    0,0000000000000000000000000000000000000000,0000000000000000000000010000000000000000,         0,         0,         0,         0,1, 0, 0, 0,A500                          ,    7,        46,0,20181211 20:49:49,                              , 9999, 9999, 9999, 9999,32767,     0,     0
 ED5.2,6604869                       ,1568                          ,SEBASTIAN CA URI    ,1365      ,                ,  101,                    ,                              , 0,2,20181211 20:52:37,    0,         0,         0,10002,   11,  101,2,                ,0010000,2, 1,         0,    0,1000000000000000000000000000000000000000,0000000000000000000000010000000000001000,         0,         0,         0,         0,1, 0, 0, 0,6604869                       ,    0,         0,0,20181211 20:52:37,1568                          , 9999, 9999, 9999,  101,32767,     0,     0
 ED5.2,1536                          ,1736                          ,                    ,1635      ,                ,  101,                    ,                              ,14,0,20181211 20:53:08,    0,         0,         0,65535,65535, 9999,2,                ,0000000,0, 0,         0,    0,0000000000000000000000000000000000000000,0000000000000000000000000000000000000000,         0,         0,         0,         0,1, 0, 0, 0,1536                          ,    0,         0,0,20181211 20:53:08,1736                          ,  101, 9999,  101,  101,    0,     0,     0
 ED5.2,3224                          ,3107                          ,                    ,1672      ,                ,  101,                    ,                              ,14,0,20181211 20:53:12,    0,         0,       160,65535,65535, 9999,2,                ,0000000,0, 0,         0,    0,0000000000000000000000000000000000000000,0000000000000000000000000000000000000000,         0,         0,         0,         0,1, 0, 0, 0,3224                          ,    0,       160,0,20181211 20:50:32,3107                          ,  101, 9999,  101,  101,    0,     0,     0
 ED5.2,1534                          ,1736                          ,                    ,1635      ,                ,  101,                    ,                              ,14,0,20181211 20:53:34,    0,         0,         0,65535,65535, 9999,2,                ,0000000,0, 0,         0,    0,0000000000000000000000000000000000000000,0000000000000000000000000000000000000000,         0,         0,         0,         0,1, 0, 0, 0,1534                          ,    0,         0,0,20181211 20:53:34,1736                          ,  101, 9999,  101,  101,    0,     0,     0
 ED5.2,1236                          ,1736                          ,                    ,1635      ,                ,  101,                    ,                              ,14,0,20181211 20:53:50,    0,         0,         0,65535,65535, 9999,2,                ,0000000,0, 0,         0,    0,0000000000000000000000000000000000000000,0000000000000000000000000000000000000000,         0,         0,         0,         0,1, 0, 0, 0,1534                          ,    0,         0,1,20181211 20:53:50,1736                          ,  101, 9999,  101,  101,    0,     0,     0
 ED5.2,1312                          ,1736                          ,                    ,1635      ,                ,  101,                    ,                              ,14,0,20181211 20:54:05,    0,         0,         0,65535,65535, 9999,2,                ,0000000,0, 0,         0,    0,0000000000000000000000000000000000000000,0000000000000000000000000000000000000000,         0,         0,         0,         0,1, 0, 0, 0,1534                          ,    0,         0,1,20181211 20:54:05,1736                          ,  101, 9999,  101,  101,    0,     0,     0
 ED5.2,1677                          ,1531                          ,                    ,1638      ,                ,  101,                    ,                              ,14,0,20181211 20:54:25,    0,         0,        51,65535,65535, 9999,2,                ,0000000,0, 0,         0,    0,0000000000000000000000000000000000000000,0000000000000000000000000000000000000000,         0,         0,         0,         0,1, 0, 0, 0,1677                          ,    0,        51,0,20181211 20:53:34,1531                          ,  101, 9999,  101,  101,    0,     0,     0
 ED5.2,1369                          ,1736                          ,                    ,1635      ,                ,  101,                    ,                              ,14,0,20181211 20:54:36,    0,         0,        25,65535,65535, 9999,2,                ,0000000,0, 0,         0,    0,0000000000000000000000000000000000000000,0000000000000000000000000000000000000000,         0,         0,         0,         0,1, 0, 0, 0,1534                          ,    0,        25,1,20181211 20:54:11,1736                          ,  101, 9999,  101,  101,    0,     0,     0
 ED5.2,3224                          ,3107                          ,                    ,1672      ,                ,  101,                    ,                              ,14,0,20181211 20:55:46,    0,         0,        63,65535,65535, 9999,2,                ,0000000,0, 0,         0,    0,0000000000000000000000000000000000000000,0000000000000000000000000000000000000000,         0,         0,         0,         0,1, 0, 0, 0,3224                          ,    0,        63,0,20181211 20:54:43,3107                          ,  101, 9999,  101,  101,    0,     0,     0
 ED5.2,6604869                       ,1736                          ,RECEPCION 2 MORA    ,1635      ,                ,  101,                    ,                              , 0,2,20181211 20:55:46,    0,         0,         1,10865,   82,  101,2,                ,0010000,2, 1,         0,    0,1000000000000000000000000000000000000000,0000000000000000000000010000000000001000,         0,         0,         0,         0,1, 0, 0, 0,6604869                       ,    0,         0,0,20181211 20:55:45,1736                          , 9999, 9999, 9999,  101,32767,     0,     0
 ED5.2,2067                          ,2061                          ,                    ,4632      ,                ,  101,                    ,                              ,14,0,20181211 20:56:05,    0,         0,         0,65535,65535, 9999,2,                ,0000000,0, 0,         0,    0,0000000000000000000000000000000000000000,0000000000000000000000000000000000000000,         0,         0,         0,         0,1, 0, 0, 0,2067                          ,    0,         0,0,20181211 20:56:05,2061                          ,  101, 9999,  101,  101,    0,     0,     0
 ED5.2,2061                          ,2067                          ,                    ,4632      ,                ,  101,                    ,                              ,14,0,20181211 20:56:41,    0,         0,        29,65535,65535, 9999,2,                ,0000000,0, 0,         0,    0,0000000000000000000000000000000000000000,0000000000000000000000000000000000000000,         0,         0,         0,         0,1, 0, 0, 0,2061                          ,    0,        29,0,20181211 20:56:12,2067                          ,  101, 9999,  101,  101,    0,     0,     0
 ED5.2,6604869                       ,1736                          ,RECEPCION 2 MORA    ,1635      ,                ,  101,                    ,                              , 0,2,20181211 20:57:53,    0,         0,         0,10865,   82,  101,2,                ,0010000,2, 1,         0,    0,1000000000000000000000000000000000000000,0000000000000000000000010000000000001000,         0,         0,         0,         0,1, 0, 0, 0,6604869                       ,    0,         0,0,20181211 20:57:53,1736                          , 9999, 9999, 9999,  101,32767,     0,     0
 ED5.2,6604869                       ,1736                          ,RECEPCION 2 MORA    ,1635      ,                ,  101,                    ,                              , 0,2,20181211 20:57:55,    0,         0,         0,10002,   11,  101,2,                ,0010000,2, 1,         0,    0,1000000000000000000000000000000000000000,0000000000000000000000010000000000001000,         0,         0,         0,         0,1, 0, 0, 0,6604869                       ,    0,         0,0,20181211 20:57:55,1736                          , 9999, 9999, 9999,  101,32767,     0,     0
 ED5.2,6604839                       ,1736                          ,RECEPCION 2 MORA    ,1635      ,                ,  101,                    ,                              , 0,2,20181211 20:58:00,    0,         0,         0,10865,   82,  101,2,                ,0010000,2, 1,         0,    0,1000000000000000000000000000000000000000,0000000000000000000000010000000000001000,         0,         0,         0,         0,1, 0, 0, 0,6604839                       ,    0,         0,0,20181211 20:58:00,1736                          , 9999, 9999, 9999,  101,32767,     0,     0
 ED5.2,2067                          ,2061                          ,                    ,4632      ,                ,  101,                    ,                              ,14,0,20181211 20:58:07,    0,         0,        52,65535,65535, 9999,2,                ,0000000,0, 0,         0,    0,0000000000000000000000000000000000000000,0000000000000000000000000000000000000000,         0,         0,         0,         0,1, 0, 0, 0,2067                          ,    0,        52,0,20181211 20:57:15,2061                          ,  101, 9999,  101,  101,    0,     0,     0
 ED5.2,1055                          ,3282                          ,                    ,1364      ,                ,  101,                    ,                              ,14,0,20181211 20:58:24,    0,         0,        43,65535,65535, 9999,2,                ,0000000,0, 0,         0,    0,0000000000000000000000000000000000000000,0000000000000000000000000000000000000000,         0,         0,         0,         0,1, 0, 0, 0,1055                          ,    0,        43,0,20181211 20:57:41,3282                          ,  101, 9999,  101,  101,    0,     0,     0
 ED5.2,1381                          ,1856                          ,                    ,1952      ,                ,  101,                    ,                              ,14,0,20181211 20:59:18,    0,         0,         8,65535,65535, 9999,2,                ,0000000,0, 0,         0,    0,0000000000000000000000000000000000000000,0000000000000000000000000000000000000000,         0,         0,         0,         0,1, 0, 0, 0,1381                          ,    0,         8,0,20181211 20:59:10,1856                          ,  101, 9999,  101,  101,    0,     0,     0
 ED5.2,663144562705                  ,3127                          ,DIANA MARIA RUGE    ,1466      ,                ,  101,                    ,                              , 4,2,20181211 20:59:53,    0,         0,        29,10866,   82,  101,2,                ,0000000,2, 0,         0,    0,0000000000000000000000000000000000000000,0000000000000000000000010000000000000000,         0,         0,         0,         0,1, 0, 0, 0,7630                          ,    4,        26,1,20181211 20:59:24,                              , 9999, 9999, 9999, 9999,32767,     0,     0
 ED5.2,6604869                       ,1736                          ,RECEPCION 2 MORA    ,1635      ,                ,  101,                    ,                              , 0,2,20181211 21:00:11,    0,         0,         0,10865,   82,  101,2,                ,0010000,2, 1,         0,    0,1000000000000000000000000000000000000000,0000000000000000000000010000000000001000,         0,         0,         0,         0,1, 0, 0, 0,6604869                       ,    0,         0,0,20181211 21:00:11,1736                          , 9999, 9999, 9999,  101,32767,     0,     0
