 ED5.2,1426                          ,1591                          ,                    ,1952      ,                ,  101,                    ,                              ,14,0,20181227 23:06:18,    0,         0,        38,65535,65535, 9999,2,                ,0000000,0, 0,         0,    0,0000000000000000000000000000000000000000,0000000000000000000000000000000000000000,         0,         0,         0,         0,1, 0, 0, 0,1426                          ,    0,        38,0,20181227 23:05:40,1591                          ,  101, 9999,  101,  101,    0,     0,     0
 ED5.2,1244                          ,1365                          ,                    ,1632      ,                ,  101,                    ,                              ,14,0,20181227 23:07:36,    0,         0,         0,65535,65535, 9999,2,                ,0000000,0, 0,         0,    0,0000000000000000000000000000000000000000,0000000000000000000000000000000000000000,         0,         0,         0,         0,1, 0, 0, 0,1244                          ,    0,         0,0,20181227 23:07:36,1365                          ,  101, 9999,  101,  101,    0,     0,     0
 ED5.2,1747                          ,1819                          ,                    ,1952      ,                ,  101,                    ,                              ,14,0,20181227 23:09:16,    0,         0,         0,65535,65535, 9999,2,                ,0000000,0, 0,         0,    0,0000000000000000000000000000000000000000,0000000000000000000000000000000000000000,         0,         0,         0,         0,1, 0, 0, 0,1747                          ,    0,         0,0,20181227 23:09:16,1819                          ,  101, 9999,  101,  101,    0,     0,     0
 ED5.2,2972231                       ,4003                          ,JUDY FRANCEL JAR    ,2952      ,                ,  101,                    ,                              , 0,2,20181227 23:09:37,    0,         0,        88,10445,   15,  101,2,                ,0010000,2, 1,         0,    0,1000000000000000000000000000000000000000,0000000000000000000000010000000000001000,         0,         0,         0,         0,1, 0, 0, 0,2972231                       ,    0,         0,0,20181227 23:08:09,4003                          , 9999, 9999, 9999,  101,32767,     0,     0
 ED5.2,1747                          ,1856                          ,                    ,1952      ,                ,  101,                    ,                              ,14,0,20181227 23:11:09,    0,         0,         0,65535,65535, 9999,2,                ,0000000,0, 0,         0,    0,0000000000000000000000000000000000000000,0000000000000000000000000000000000000000,         0,         0,         0,         0,1, 0, 0, 0,1747                          ,    0,         0,0,20181227 23:11:09,1856                          ,  101, 9999,  101,  101,    0,     0,     0
 ED5.2,1587                          ,1564                          ,                    ,1952      ,                ,  101,                    ,                              ,14,0,20181227 23:12:09,    0,         0,        34,65535,65535, 9999,2,                ,0000000,0, 0,         0,    0,0000000000000000000000000000000000000000,0000000000000000000000000000000000000000,         0,         0,         0,         0,1, 0, 0, 0,1587                          ,    0,        34,0,20181227 23:11:35,1564                          ,  101, 9999,  101,  101,    0,     0,     0
 ED5.2,1492                          ,1454                          ,                    ,1952      ,                ,  101,                    ,                              ,14,0,20181227 23:13:43,    0,         0,        41,65535,65535, 9999,2,                ,0000000,0, 0,         0,    0,0000000000000000000000000000000000000000,0000000000000000000000000000000000000000,         0,         0,         0,         0,1, 0, 0, 0,1492                          ,    0,        41,0,20181227 23:13:02,1454                          ,  101, 9999,  101,  101,    0,     0,     0
 ED5.2,1522                          ,1454                          ,                    ,1952      ,                ,  101,                    ,                              ,14,0,20181227 23:13:54,    0,         0,         0,65535,65535, 9999,2,                ,0000000,0, 0,         0,    0,0000000000000000000000000000000000000000,0000000000000000000000000000000000000000,         0,         0,         0,         0,1, 0, 0, 0,1522                          ,    0,         0,0,20181227 23:13:54,1454                          ,  101, 9999,  101,  101,    0,     0,     0
 ED5.2,1127                          ,1896                          ,                    ,1632      ,                ,  101,                    ,                              ,14,0,20181227 23:15:09,    0,         0,         0,65535,65535, 9999,2,                ,0000000,0, 0,         0,    0,0000000000000000000000000000000000000000,0000000000000000000000000000000000000000,         0,         0,         0,         0,1, 0, 0, 0,1127                          ,    0,         0,0,20181227 23:15:09,1896                          ,  101, 9999,  101,  101,    0,     0,     0
 ED5.2,1382                          ,1896                          ,                    ,1632      ,                ,  101,                    ,                              ,14,0,20181227 23:15:50,    0,         0,         0,65535,65535, 9999,2,                ,0000000,0, 0,         0,    0,0000000000000000000000000000000000000000,0000000000000000000000000000000000000000,         0,         0,         0,         0,1, 0, 0, 0,1382                          ,    0,         0,0,20181227 23:15:50,1896                          ,  101, 9999,  101,  101,    0,     0,     0
 ED5.2,3107                          ,1736                          ,                    ,1635      ,                ,  101,                    ,                              ,14,0,20181227 23:16:50,    0,         0,         4,65535,65535, 9999,2,                ,0000000,0, 0,         0,    0,0000000000000000000000000000000000000000,0000000000000000000000000000000000000000,         0,         0,         0,         0,1, 0, 0, 0,3107                          ,    0,         4,0,20181227 23:16:46,1736                          ,  101, 9999,  101,  101,    0,     0,     0
 ED5.2,1307                          ,1351                          ,                    ,1949      ,                ,  101,                    ,                              ,14,0,20181227 23:17:09,    0,         0,         0,65535,65535, 9999,2,                ,0000000,0, 0,         0,    0,0000000000000000000000000000000000000000,0000000000000000000000000000000000000000,         0,         0,         0,         0,1, 0, 0, 0,1033                          ,    0,         0,1,20181227 23:17:09,1351                          ,  101, 9999,  101,  101,    0,     0,     0
 ED5.2,1033                          ,1351                          ,                    ,1949      ,                ,  101,                    ,                              ,14,0,20181227 23:17:10,    0,         0,         0,65535,65535, 9999,2,                ,0000000,0, 0,         0,    0,0000000000000000000000000000000000000000,0000000000000000000000000000000000000000,         0,         0,         0,         0,1, 0, 0, 0,1033                          ,    0,         0,1,20181227 23:17:10,1351                          ,  101, 9999,  101,  101,    0,     0,     0
 ED5.2,1307                          ,1351                          ,                    ,1949      ,                ,  101,                    ,                              ,14,0,20181227 23:17:25,    0,         0,         0,65535,65535, 9999,2,                ,0000000,0, 0,         0,    0,0000000000000000000000000000000000000000,0000000000000000000000000000000000000000,         0,         0,         0,         0,1, 0, 0, 0,1033                          ,    0,         0,1,20181227 23:17:25,1351                          ,  101, 9999,  101,  101,    0,     0,     0
 ED5.2,1034                          ,1351                          ,                    ,1949      ,                ,  101,                    ,                              ,14,0,20181227 23:17:30,    0,         0,         0,65535,65535, 9999,2,                ,0000000,0, 0,         0,    0,0000000000000000000000000000000000000000,0000000000000000000000000000000000000000,         0,         0,         0,         0,1, 0, 0, 0,1034                          ,    0,         0,0,20181227 23:17:30,1351                          ,  101, 9999,  101,  101,    0,     0,     0
 ED5.2,2846697                       ,4003                          ,JUDY FRANCEL JAR    ,2952      ,                ,  101,                    ,                              , 0,2,20181227 23:17:48,    0,         0,       155,10445,   15,  101,2,                ,0010000,2, 1,         0,    0,1000000000000000000000000000000000000000,0000000000000000000000010000000000001000,         0,         0,         0,         0,1, 0, 0, 0,2846697                       ,    0,         0,0,20181227 23:15:13,4003                          , 9999, 9999, 9999,  101,32767,     0,     0
 ED5.2,1034                          ,3243                          ,                    ,1949      ,                ,  101,                    ,                              ,14,0,20181227 23:18:14,    0,         0,         0,65535,65535, 9999,2,                ,0000000,0, 0,         0,    0,0000000000000000000000000000000000000000,0000000000000000000000000000000000000000,         0,         0,         0,         0,1, 0, 0, 0,1034                          ,    0,         0,0,20181227 23:18:14,3243                          ,  101, 9999,  101,  101,    0,     0,     0
 ED5.2,1032                          ,1351                          ,                    ,1949      ,                ,  101,                    ,                              ,14,0,20181227 23:18:33,    0,         0,         0,65535,65535, 9999,2,                ,0000000,0, 0,         0,    0,0000000000000000000000000000000000000000,0000000000000000000000000000000000000000,         0,         0,         0,         0,1, 0, 0, 0,1032                          ,    0,         0,0,20181227 23:18:33,1351                          ,  101, 9999,  101,  101,    0,     0,     0
 ED5.2,1466                          ,1024                          ,                    ,1638      ,                ,  101,                    ,                              ,14,0,20181227 23:21:08,    0,         0,        91,65535,65535, 9999,2,                ,0000000,0, 0,         0,    0,0000000000000000000000000000000000000000,0000000000000000000000000000000000000000,         0,         0,         0,         0,1, 0, 0, 0,1466                          ,    0,        91,0,20181227 23:19:37,1024                          ,  101, 9999,  101,  101,    0,     0,     0
 ED5.2,1032                          ,3243                          ,                    ,1949      ,                ,  101,                    ,                              ,14,0,20181227 23:23:56,    0,         0,       322,65535,65535, 9999,2,                ,0000000,0, 0,         0,    0,0000000000000000000000000000000000000000,0000000000000000000000000000000000000000,         0,         0,         0,         0,1, 0, 0, 0,1032                          ,    0,       322,0,20181227 23:18:34,3243                          ,  101, 9999,  101,  101,    0,     0,     0
 ED5.2,2367902                       ,4003                          ,JUDY FRANCEL JAR    ,2952      ,                ,  101,                    ,                              , 0,2,20181227 23:27:45,    0,         0,        55,10445,   15,  101,2,                ,0010000,2, 1,         0,    0,1000000000000000000000000000000000000000,0000000000000000000000010000000000001000,         0,         0,         0,         0,1, 0, 0, 0,2367902                       ,    0,         0,0,20181227 23:26:50,4003                          , 9999, 9999, 9999,  101,32767,     0,     0
 ED5.2,1147                          ,3128                          ,                    ,1160      ,                ,  101,                    ,                              ,14,0,20181227 23:44:34,    0,         0,         0,65535,65535, 9999,2,                ,0000000,0, 0,         0,    0,0000000000000000000000000000000000000000,0000000000000000000000000000000000000000,         0,         0,         0,         0,1, 0, 0, 0,1147                          ,    0,         0,0,20181227 23:44:34,3128                          ,  101, 9999,  101,  101,    0,     0,     0
 ED5.2,7555152                       ,1454                          ,VIVIANA PARRA PI    ,1952      ,                ,  101,                    ,                              , 0,2,20181227 23:45:39,    0,         0,        99,10001,   11,  101,2,                ,0010000,2, 1,         0,    0,1000000000000000000000000000000000000000,0000000000000000000000010000000000001000,         0,         0,         0,         0,1, 0, 0, 0,7555152                       ,    0,         0,0,20181227 23:44:00,1454                          , 9999, 9999, 9999,  101,32767,     0,     0
 ED5.2,1466                          ,1024                          ,                    ,1638      ,                ,  101,                    ,                              ,14,0,20181227 23:53:18,    0,         0,       132,65535,65535, 9999,2,                ,0000000,0, 0,         0,    0,0000000000000000000000000000000000000000,0000000000000000000000000000000000000000,         0,         0,         0,         0,1, 0, 0, 0,1466                          ,    0,       132,0,20181227 23:51:06,1024                          ,  101, 9999,  101,  101,    0,     0,     0
 ED5.2,1444                          ,1235                          ,                    ,1632      ,                ,  101,                    ,                              ,14,0,20181227 23:56:49,    0,         0,         0,65535,65535, 9999,2,                ,0000000,0, 0,         0,    0,0000000000000000000000000000000000000000,0000000000000000000000000000000000000000,         0,         0,         0,         0,1, 0, 0, 0,1444                          ,    0,         0,0,20181227 23:56:49,1235                          ,  101, 9999,  101,  101,    0,     0,     0
 ED5.2,1526                          ,1235                          ,                    ,1632      ,                ,  101,                    ,                              ,14,0,20181227 23:56:50,    0,         0,         0,65535,65535, 9999,2,                ,0000000,0, 0,         0,    0,0000000000000000000000000000000000000000,0000000000000000000000000000000000000000,         0,         0,         0,         0,1, 0, 0, 0,1444                          ,    0,         0,1,20181227 23:56:50,1235                          ,  101, 9999,  101,  101,    0,     0,     0
 ED5.2,1213                          ,1024                          ,                    ,1638      ,                ,  101,                    ,                              ,14,0,20181228 00:10:00,    0,         0,       992,65535,65535, 9999,2,                ,0000000,0, 0,         0,    0,0000000000000000000000000000000000000000,0000000000000000000000000000000000000000,         0,         0,         0,         0,1, 0, 0, 0,1213                          ,    0,       992,0,20181227 23:53:28,1024                          ,  101, 9999,  101,  101,    0,     0,     0
