 ED5.2,3814060                       ,FS020                         ,ETB                 ,          ,                ,  101,                    ,                              , 4,2,20190130 20:09:12,    0,         0,         2,  120,   20,  101,2,                ,0000000,2, 0,         0,    0,0000000000000000000000000000000000000000,0000000000000000000000010000000000000000,         0,         0,         0,         0,1, 0, 0, 0,A800                          ,    3,         0,0,20190130 20:09:10,                              , 9999, 9999, 9999, 9999,32767,     0,     0
 ED5.2,6604869                       ,1512                          ,JENNIFER EST SAN    ,1632      ,                ,  101,                    ,                              , 0,2,20190130 20:09:20,    0,         0,        47,10001,   11,  101,2,                ,0010000,2, 1,         0,    0,1000000000000000000000000000000000000000,0000000000000000000000010000000000001000,         0,         0,         0,         0,1, 0, 0, 0,6604869                       ,    0,         0,0,20190130 20:08:33,1512                          , 9999, 9999, 9999,  101,32767,     0,     0
 ED5.2,7436769                       ,FS020                         ,ETB                 ,          ,                ,  101,                    ,                              , 4,2,20190130 20:10:02,    0,         0,         3,  120,   20,  101,2,                ,0000000,3, 0,         0,    0,0000000000000000000000000000000000000000,0000000000000000000000010000000000000000,         0,         0,         0,         0,1, 0, 0, 0,A800                          ,    4,         0,0,20190130 20:09:59,                              , 9999, 9999, 9999, 9999,32767,     0,     0
 ED5.2,074188626                     ,1102                          ,VIVIANA KATH GON    ,1528      ,                ,  101,                    ,                              , 4,2,20190130 20:10:08,    0,         0,        49,10445,   15,  101,2,                ,0000000,2, 0,         0,    0,0000000000000000000000000000000000000000,0000000000000000000000010000000000000000,         0,         0,         0,         0,1, 0, 0, 0,A800                          ,   49,         0,1,20190130 20:09:19,                              , 9999, 9999, 9999, 9999,32767,     0,     0
 ED5.2,1168                          ,1736                          ,                    ,1635      ,                ,  101,                    ,                              ,14,0,20190130 20:10:13,    0,         0,         6,65535,65535, 9999,2,                ,0000000,0, 0,         0,    0,0000000000000000000000000000000000000000,0000000000000000000000000000000000000000,         0,         0,         0,         0,1, 0, 0, 0,1168                          ,    0,         6,0,20190130 20:10:07,1736                          ,  101, 9999,  101,  101,    0,     0,     0
 ED5.2,4349213                       ,1314                          ,INGENIERO DESARR    ,1945      ,                ,  101,                    ,                              , 0,2,20190130 20:10:35,    0,         0,        59,10001,   11,  101,2,                ,0010000,2, 1,         0,    0,1000000000000000000000000000000000000000,0000000000000000000000010000000000001000,         0,         0,         0,         0,1, 0, 0, 0,4349213                       ,    0,         0,0,20190130 20:09:36,1314                          , 9999, 9999, 9999,  101,32767,     0,     0
 ED5.2,6604869                       ,1678                          ,RICARDO  CANO AT    ,1154      ,                ,  101,                    ,                              , 0,2,20190130 20:11:22,    0,         0,        18,10001,   11,  101,2,                ,0010000,2, 1,         0,    0,1000000000000000000000000000000000000000,0000000000000000000000010000000000001000,         0,         0,         0,         0,1, 0, 0, 0,6604869                       ,    0,         0,0,20190130 20:11:04,1678                          , 9999, 9999, 9999,  101,32767,     0,     0
 ED5.2,074188626                     ,4071                          ,JUDY LILIANA USU    ,2425      ,                ,  101,                    ,                              , 4,2,20190130 20:11:28,    0,         0,        69,10445,   15,  101,2,                ,0000000,2, 0,         0,    0,0000000000000000000000000000000000000000,0000000000000000000000010000000000000000,         0,         0,         0,         0,1, 0, 0, 0,A800                          ,   70,         0,1,20190130 20:10:19,                              , 9999, 9999, 9999, 9999,32767,     0,     0
 ED5.2,1447                          ,1214                          ,                    ,1952      ,                ,  101,                    ,                              ,14,0,20190130 20:12:59,    0,         0,        39,65535,65535, 9999,2,                ,0000000,0, 0,         0,    0,0000000000000000000000000000000000000000,0000000000000000000000000000000000000000,         0,         0,         0,         0,1, 0, 0, 0,1447                          ,    0,        39,0,20190130 20:12:20,1214                          ,  101, 9999,  101,  101,    0,     0,     0
 ED5.2,1857                          ,3158                          ,                    ,1198      ,                ,  101,                    ,                              ,14,0,20190130 20:13:39,    0,         0,       384,65535,65535, 9999,2,                ,0000000,0, 0,         0,    0,0000000000000000000000000000000000000000,0000000000000000000000000000000000000000,         0,         0,         0,         0,1, 0, 0, 0,1857                          ,    0,       384,0,20190130 20:07:15,3158                          ,  101, 9999,  101,  101,    0,     0,     0
 ED5.2,1857                          ,1554                          ,                    ,1154      ,                ,  101,                    ,                              ,14,0,20190130 20:15:22,    0,         0,        20,65535,65535, 9999,2,                ,0000000,0, 0,         0,    0,0000000000000000000000000000000000000000,0000000000000000000000000000000000000000,         0,         0,         0,         0,1, 0, 0, 0,1857                          ,    0,        20,0,20190130 20:15:02,1554                          ,  101, 9999,  101,  101,    0,     0,     0
 ED5.2,1176                          ,1312                          ,                    ,1632      ,                ,  101,                    ,                              ,14,0,20190130 20:15:42,    0,         0,        14,65535,65535, 9999,2,                ,0000000,0, 0,         0,    0,0000000000000000000000000000000000000000,0000000000000000000000000000000000000000,         0,         0,         0,         0,1, 0, 0, 0,1176                          ,    0,        14,0,20190130 20:15:28,1312                          ,  101, 9999,  101,  101,    0,     0,     0
 ED5.2,6604869                       ,1893                          ,LUCERO LISET CRU    ,1741      ,                ,  101,                    ,                              , 0,2,20190130 20:16:12,    0,         0,        40,10001,   11,  101,2,                ,0010000,2, 1,         0,    0,1000000000000000000000000000000000000000,0000000000000000000000010000000000001000,         0,         0,         0,         0,1, 0, 0, 0,6604869                       ,    0,         0,0,20190130 20:15:32,1893                          , 9999, 9999, 9999,  101,32767,     0,     0
 ED5.2,1322                          ,1214                          ,                    ,1952      ,                ,  101,                    ,                              ,14,0,20190130 20:17:30,    0,         0,       104,65535,65535, 9999,2,                ,0000000,0, 0,         0,    0,0000000000000000000000000000000000000000,0000000000000000000000000000000000000000,         0,         0,         0,         0,1, 0, 0, 0,1322                          ,    0,       104,0,20190130 20:15:46,1214                          ,  101, 9999,  101,  101,    0,     0,     0
 ED5.2,663116351382                  ,FS065                         ,Fidu-Cali           ,          ,                ,  101,                    ,                              , 4,2,20190130 20:17:39,    0,         0,         0,  317,   65,  101,2,                ,0000000,3, 0,         0,    0,0000000000000000000000000000000000000000,0000000000000000000000010000000000000000,         0,         0,         0,         0,1, 0, 0, 0,A600                          ,    0,         0,0,20190130 20:17:39,                              , 9999, 9999, 9999, 9999,32767,     0,     0
 ED5.2,1820                          ,3243                          ,                    ,1949      ,                ,  101,                    ,                              ,14,0,20190130 20:18:31,    0,         0,         0,65535,65535, 9999,2,                ,0000000,0, 0,         0,    0,0000000000000000000000000000000000000000,0000000000000000000000000000000000000000,         0,         0,         0,         0,1, 0, 0, 0,1820                          ,    0,         0,0,20190130 20:18:31,3243                          ,  101, 9999,  101,  101,    0,     0,     0
 ED5.2,1821                          ,3243                          ,                    ,1949      ,                ,  101,                    ,                              ,14,0,20190130 20:19:07,    0,         0,        25,65535,65535, 9999,2,                ,0000000,0, 0,         0,    0,0000000000000000000000000000000000000000,0000000000000000000000000000000000000000,         0,         0,         0,         0,1, 0, 0, 0,1820                          ,    0,        25,1,20190130 20:18:42,3243                          ,  101, 9999,  101,  101,    0,     0,     0
 ED5.2,6448908                       ,3161                          ,JUAN CARLOS CHAV    ,1086      ,                ,  101,                    ,                              , 0,2,20190130 20:19:25,    0,         0,     43210,10894,   82,  101,2,                ,0010000,2, 1,         0,    0,1000000000000000000000000000000000000000,0000000000000000000000010000000000001000,         0,         0,         0,         0,1, 0, 0, 0,6448908                       ,    0,         0,0,20190130 08:19:15,3161                          , 9999, 9999, 9999,  101,32767,     0,     0
 ED5.2,1820                          ,1339                          ,                    ,1945      ,                ,  101,                    ,                              ,14,0,20190130 20:21:15,    0,         0,         0,65535,65535, 9999,2,                ,0000000,0, 0,         0,    0,0000000000000000000000000000000000000000,0000000000000000000000000000000000000000,         0,         0,         0,         0,1, 0, 0, 0,1820                          ,    0,         0,0,20190130 20:21:15,1339                          ,  101, 9999,  101,  101,    0,     0,     0
 ED5.2,6607                          ,1409                          ,JESIKA ALEJA ESC    ,1952      ,                ,  101,                    ,                              , 0,2,20190130 20:21:51,    0,         0,         0,10001,   11,  101,2,                ,0010000,2, 1,         0,    0,1000000000000000000000000000000000000000,0000000000000000000000010000000000001000,         0,         0,         0,         0,1, 0, 0, 0,6607                          ,    0,         0,0,20190130 20:21:51,1409                          , 9999, 9999, 9999,  101,32767,     0,     0
 ED5.2,1445                          ,1822                          ,                    ,1632      ,                ,  101,                    ,                              ,14,0,20190130 20:21:55,    0,         0,         0,65535,65535, 9999,2,                ,0000000,0, 0,         0,    0,0000000000000000000000000000000000000000,0000000000000000000000000000000000000000,         0,         0,         0,         0,1, 0, 0, 0,1445                          ,    0,         0,0,20190130 20:21:55,1822                          ,  101, 9999,  101,  101,    0,     0,     0
 ED5.2,6604869                       ,1409                          ,JESIKA ALEJA ESC    ,1952      ,                ,  101,                    ,                              , 0,2,20190130 20:22:27,    0,         0,        24,10001,   11,  101,2,                ,0010000,2, 1,         0,    0,1000000000000000000000000000000000000000,0000000000000000000000010000000000001000,         0,         0,         0,         0,1, 0, 0, 0,6604869                       ,    0,         0,0,20190130 20:22:03,1409                          , 9999, 9999, 9999,  101,32767,     0,     0
 ED5.2,3243                          ,1339                          ,                    ,1945      ,                ,  101,                    ,                              ,14,0,20190130 20:22:28,    0,         0,        57,65535,65535, 9999,2,                ,0000000,0, 0,         0,    0,0000000000000000000000000000000000000000,0000000000000000000000000000000000000000,         0,         0,         0,         0,1, 0, 0, 0,3243                          ,    0,        57,0,20190130 20:21:31,1339                          ,  101, 9999,  101,  101,    0,     0,     0
 ED5.2,3243                          ,1339                          ,                    ,1945      ,                ,  101,                    ,                              ,14,0,20190130 20:23:14,    0,         0,        27,65535,65535, 9999,2,                ,0000000,0, 0,         0,    0,0000000000000000000000000000000000000000,0000000000000000000000000000000000000000,         0,         0,         0,         0,1, 0, 0, 0,3243                          ,    0,        27,0,20190130 20:22:47,1339                          ,  101, 9999,  101,  101,    0,     0,     0
 ED5.2,1339                          ,1820                          ,                    ,1632      ,                ,  101,                    ,                              ,14,0,20190130 20:23:27,    0,         0,         0,65535,65535, 9999,2,                ,0000000,0, 0,         0,    0,0000000000000000000000000000000000000000,0000000000000000000000000000000000000000,         0,         0,         0,         0,1, 0, 0, 0,1339                          ,    0,         0,0,20190130 20:23:27,1820                          ,  101, 9999,  101,  101,    0,     0,     0
 ED5.2,6710533                       ,1822                          ,SIRLEY ANDRE ARI    ,1632      ,                ,  101,                    ,                              , 0,2,20190130 20:24:40,    0,         0,         0,10002,   11,  101,2,                ,0010000,2, 1,         0,    0,1000000000000000000000000000000000000000,0000000000000000000000010000000000001000,         0,         0,         0,         0,1, 0, 0, 0,6710533                       ,    0,         0,0,20190130 20:24:40,1822                          , 9999, 9999, 9999,  101,32767,     0,     0
 ED5.2,6170533                       ,1822                          ,SIRLEY ANDRE ARI    ,1632      ,                ,  101,                    ,                              , 0,2,20190130 20:25:24,    0,         0,        33,10002,   11,  101,2,                ,0010000,2, 1,         0,    0,1000000000000000000000000000000000000000,0000000000000000000000010000000000001000,         0,         0,         0,         0,1, 0, 0, 0,6170533                       ,    0,         0,0,20190130 20:24:51,1822                          , 9999, 9999, 9999,  101,32767,     0,     0
 ED5.2,1745                          ,1736                          ,                    ,1635      ,                ,  101,                    ,                              ,14,0,20190130 20:25:32,    0,         0,         6,65535,65535, 9999,2,                ,0000000,0, 0,         0,    0,0000000000000000000000000000000000000000,0000000000000000000000000000000000000000,         0,         0,         0,         0,1, 0, 0, 0,1745                          ,    0,         6,0,20190130 20:25:26,1736                          ,  101, 9999,  101,  101,    0,     0,     0
 ED5.2,6604869                       ,1447                          ,RUBY ELSA ALFONS    ,1632      ,                ,  101,                    ,                              , 0,2,20190130 20:26:36,    0,         0,       127,10001,   11,  101,2,                ,0010000,2, 1,         0,    0,1000000000000000000000000000000000000000,0000000000000000000000010000000000001000,         0,         0,         0,         0,1, 0, 0, 0,6604869                       ,    0,         0,0,20190130 20:24:29,1447                          , 9999, 9999, 9999,  101,32767,     0,     0
 ED5.2,7436769                       ,FS020                         ,ETB                 ,          ,                ,  101,                    ,                              , 4,2,20190130 20:27:03,    0,         0,         4,  121,   20,  101,2,                ,0000000,3, 0,         0,    0,0000000000000000000000000000000000000000,0000000000000000000000010000000000000000,         0,         0,         0,         0,1, 0, 0, 0,A800                          ,    4,         0,0,20190130 20:26:59,                              , 9999, 9999, 9999, 9999,32767,     0,     0
 ED5.2,663502832884                  ,1334                          ,CAJERO RECAUDO      ,1949      ,                ,  101,                    ,                              , 4,2,20190130 20:27:23,    0,         0,       778,  120,   20,  101,2,                ,0000000,3, 0,         0,    0,0000000000000000000000000000000000000000,0000000000000000000000010000000000000000,         0,         0,         0,         0,1, 0, 0, 0,A800                          ,   18,       761,0,20190130 20:14:25,                              , 9999, 9999, 9999, 9999,32767,     0,     0
 ED5.2,1334                          ,1175                          ,                    ,1638      ,                ,  101,                    ,                              ,14,0,20190130 20:27:23,    0,         0,         0,65535,65535, 9999,2,                ,0000000,0, 0,         0,    0,0000000000000000000000000000000000000000,0000000000000000000000000000000000000000,         0,         0,         0,         0,1, 0, 0, 0,1334                          ,    0,         0,0,20190130 20:27:23,1175                          ,  101, 9999,  101,  101,    0,     0,     0
 ED5.2,1334                          ,1175                          ,                    ,1638      ,                ,  101,                    ,                              ,14,0,20190130 20:27:26,    0,         0,         0,65535,65535, 9999,2,                ,0000000,0, 0,         0,    0,0000000000000000000000000000000000000000,0000000000000000000000000000000000000000,         0,         0,         0,         0,1, 0, 0, 0,1334                          ,    0,         0,0,20190130 20:27:26,1175                          ,  101, 9999,  101,  101,    0,     0,     0
 ED5.2,6604869                       ,1678                          ,RICARDO  CANO AT    ,1154      ,                ,  101,                    ,                              , 0,2,20190130 20:29:13,    0,         0,        30,10001,   11,  101,2,                ,0010000,2, 1,         0,    0,1000000000000000000000000000000000000000,0000000000000000000000010000000000001000,         0,         0,         0,         0,1, 0, 0, 0,6604869                       ,    0,         0,0,20190130 20:28:43,1678                          , 9999, 9999, 9999,  101,32767,     0,     0
 ED5.2,1175                          ,1334                          ,                    ,1949      ,                ,  101,                    ,                              ,14,0,20190130 20:29:21,    0,         0,        90,65535,65535, 9999,2,                ,0000000,0, 0,         0,    0,0000000000000000000000000000000000000000,0000000000000000000000000000000000000000,         0,         0,         0,         0,1, 0, 0, 0,1175                          ,    0,        90,0,20190130 20:27:51,1334                          ,  101, 9999,  101,  101,    0,     0,     0
 ED5.2,3243                          ,1736                          ,                    ,1635      ,                ,  101,                    ,                              ,14,0,20190130 20:29:31,    0,         0,         4,65535,65535, 9999,2,                ,0000000,0, 0,         0,    0,0000000000000000000000000000000000000000,0000000000000000000000000000000000000000,         0,         0,         0,         0,1, 0, 0, 0,3243                          ,    0,         4,0,20190130 20:29:27,1736                          ,  101, 9999,  101,  101,    0,     0,     0
 ED5.2,1290                          ,1736                          ,                    ,1635      ,                ,  101,                    ,                              ,14,0,20190130 20:29:58,    0,         0,         0,65535,65535, 9999,2,                ,0000000,0, 0,         0,    0,0000000000000000000000000000000000000000,0000000000000000000000000000000000000000,         0,         0,         0,         0,1, 0, 0, 0,1290                          ,    0,         0,0,20190130 20:29:58,1736                          ,  101, 9999,  101,  101,    0,     0,     0
 ED5.2,1232                          ,1736                          ,                    ,1635      ,                ,  101,                    ,                              ,14,0,20190130 20:30:14,    0,         0,         0,65535,65535, 9999,2,                ,0000000,0, 0,         0,    0,0000000000000000000000000000000000000000,0000000000000000000000000000000000000000,         0,         0,         0,         0,1, 0, 0, 0,1290                          ,    0,         0,1,20190130 20:30:14,1736                          ,  101, 9999,  101,  101,    0,     0,     0
 ED5.2,1076                          ,1736                          ,                    ,1635      ,                ,  101,                    ,                              ,14,0,20190130 20:30:25,    0,         0,         0,65535,65535, 9999,2,                ,0000000,0, 0,         0,    0,0000000000000000000000000000000000000000,0000000000000000000000000000000000000000,         0,         0,         0,         0,1, 0, 0, 0,1290                          ,    0,         0,1,20190130 20:30:25,1736                          ,  101, 9999,  101,  101,    0,     0,     0
 ED5.2,1071                          ,1736                          ,                    ,1635      ,                ,  101,                    ,                              ,14,0,20190130 20:31:03,    0,         0,         0,65535,65535, 9999,2,                ,0000000,0, 0,         0,    0,0000000000000000000000000000000000000000,0000000000000000000000000000000000000000,         0,         0,         0,         0,1, 0, 0, 0,1071                          ,    0,         0,0,20190130 20:31:03,1736                          ,  101, 9999,  101,  101,    0,     0,     0
 ED5.2,1466                          ,1213                          ,                    ,1911      ,                ,  101,                    ,                              ,14,0,20190130 20:31:35,    0,         0,        26,65535,65535, 9999,2,                ,0000000,0, 0,         0,    0,0000000000000000000000000000000000000000,0000000000000000000000000000000000000000,         0,         0,         0,         0,1, 0, 0, 0,1466                          ,    0,        26,0,20190130 20:31:09,1213                          ,  101, 9999,  101,  101,    0,     0,     0
 ED5.2,3214091181                    ,1409                          ,JESIKA ALEJA ESC    ,1952      ,                ,  101,                    ,                              , 0,2,20190130 20:32:09,    0,         0,         0,10349,   66,  101,2,                ,0010000,2, 1,         0,    0,1000000000000000000000000000000000000000,0000000000000000000000010000000000001000,         0,         0,         0,         0,1, 0, 0, 0,033214091181                  ,    0,         0,0,20190130 20:32:09,1409                          , 9999, 9999, 9999,  101,32767,     0,     0
 ED5.2,1444                          ,1736                          ,                    ,1635      ,                ,  101,                    ,                              ,14,0,20190130 20:32:59,    0,         0,         6,65535,65535, 9999,2,                ,0000000,0, 0,         0,    0,0000000000000000000000000000000000000000,0000000000000000000000000000000000000000,         0,         0,         0,         0,1, 0, 0, 0,1444                          ,    0,         6,0,20190130 20:32:53,1736                          ,  101, 9999,  101,  101,    0,     0,     0
 ED5.2,1168                          ,1736                          ,                    ,1635      ,                ,  101,                    ,                              ,14,0,20190130 20:33:36,    0,         0,         8,65535,65535, 9999,2,                ,0000000,0, 0,         0,    0,0000000000000000000000000000000000000000,0000000000000000000000000000000000000000,         0,         0,         0,         0,1, 0, 0, 0,1168                          ,    0,         8,0,20190130 20:33:28,1736                          ,  101, 9999,  101,  101,    0,     0,     0
 ED5.2,1678                          ,1736                          ,                    ,1635      ,                ,  101,                    ,                              ,14,0,20190130 20:36:09,    0,         0,         6,65535,65535, 9999,2,                ,0000000,0, 0,         0,    0,0000000000000000000000000000000000000000,0000000000000000000000000000000000000000,         0,         0,         0,         0,1, 0, 0, 0,1678                          ,    0,         6,0,20190130 20:36:03,1736                          ,  101, 9999,  101,  101,    0,     0,     0
 ED5.2,1351                          ,1430                          ,                    ,1356      ,                ,  101,                    ,                              ,14,0,20190130 20:37:52,    0,         0,        78,65535,65535, 9999,2,                ,0000000,0, 0,         0,    0,0000000000000000000000000000000000000000,0000000000000000000000000000000000000000,         0,         0,         0,         0,1, 0, 0, 0,1351                          ,    0,        78,0,20190130 20:36:34,1430                          ,  101, 9999,  101,  101,    0,     0,     0
 ED5.2,1340                          ,1409                          ,                    ,1952      ,                ,  101,                    ,                              ,14,0,20190130 20:39:07,    0,         0,         0,65535,65535, 9999,2,                ,0000000,0, 0,         0,    0,0000000000000000000000000000000000000000,0000000000000000000000000000000000000000,         0,         0,         0,         0,1, 0, 0, 0,1340                          ,    0,         0,0,20190130 20:39:07,1409                          ,  101, 9999,  101,  101,    0,     0,     0
 ED5.2,88                            ,1409                          ,                    ,1952      ,                ,  101,                    ,                              ,14,0,20190130 20:39:09,    0,         0,         2,65535,65535, 9999,2,                ,0000000,0, 0,         0,    0,0000000000000000000000000000000000000000,0000000000000000000000000000000000000000,         0,         0,         0,         0,1, 0, 0, 0,1340                          ,    0,         2,1,20190130 20:39:07,1409                          ,  101, 9999,  101,  101,    0,     0,     0
 ED5.2,4349213                       ,1314                          ,INGENIERO DESARR    ,1945      ,                ,  101,                    ,                              , 0,2,20190130 20:39:31,    0,         0,        12,10002,   11,  101,2,                ,0010000,2, 1,         0,    0,1000000000000000000000000000000000000000,0000000000000000000000010000000000001000,         0,         0,         0,         0,1, 0, 0, 0,4349213                       ,    0,         0,0,20190130 20:39:19,1314                          , 9999, 9999, 9999,  101,32767,     0,     0
 ED5.2,6604869                       ,1512                          ,JENNIFER EST SAN    ,1632      ,                ,  101,                    ,                              , 0,2,20190130 20:39:37,    0,         0,        41,10001,   11,  101,2,                ,0010000,2, 1,         0,    0,1000000000000000000000000000000000000000,0000000000000000000000010000000000001000,         0,         0,         0,         0,1, 0, 0, 0,6604869                       ,    0,         0,0,20190130 20:38:56,1512                          , 9999, 9999, 9999,  101,32767,     0,     0
 ED5.2,3243                          ,3108                          ,                    ,1632      ,                ,  101,                    ,                              ,14,0,20190130 20:40:00,    0,         0,        97,65535,65535, 9999,2,                ,0000000,0, 0,         0,    0,0000000000000000000000000000000000000000,0000000000000000000000000000000000000000,         0,         0,         0,         0,1, 0, 0, 0,3243                          ,    0,        97,0,20190130 20:38:23,3108                          ,  101, 9999,  101,  101,    0,     0,     0
 ED5.2,1339                          ,1351                          ,                    ,1949      ,                ,  101,                    ,                              ,14,0,20190130 20:40:23,    0,         0,         0,65535,65535, 9999,2,                ,0000000,0, 0,         0,    0,0000000000000000000000000000000000000000,0000000000000000000000000000000000000000,         0,         0,         0,         0,1, 0, 0, 0,1339                          ,    0,         0,0,20190130 20:40:23,1351                          ,  101, 9999,  101,  101,    0,     0,     0
 ED5.2,88                            ,1351                          ,                    ,1949      ,                ,  101,                    ,                              ,14,0,20190130 20:40:27,    0,         0,         4,65535,65535, 9999,2,                ,0000000,0, 0,         0,    0,0000000000000000000000000000000000000000,0000000000000000000000000000000000000000,         0,         0,         0,         0,1, 0, 0, 0,1339                          ,    0,         4,1,20190130 20:40:23,1351                          ,  101, 9999,  101,  101,    0,     0,     0
 ED5.2,3133910007                    ,1582                          ,REVISORIA CALLE     ,1949      ,                ,  101,                    ,                              , 0,2,20190130 20:41:11,    0,         0,        54,10349,   66,  101,2,                ,0010000,2, 1,         0,    0,1000000000000000000000000000000000000000,0000000000000000000000010000000000001000,         0,         0,         0,         0,1, 0, 0, 0,033133910007                  ,    0,         0,0,20190130 20:40:17,1582                          , 9999, 9999, 9999,  101,32767,     0,     0
 ED5.2,8923038                       ,2051                          ,SANDRA BONILLA      ,4741      ,                ,  101,                    ,                              , 0,2,20190130 20:41:18,    0,         0,       119,  318,   65,  101,2,                ,0010000,2, 1,         0,    0,1000000000000000000000000000000000000000,0000000000000000000000010000000000001000,         0,         0,         0,         0,1, 0, 0, 0,8923038                       ,    0,         0,0,20190130 20:39:19,2051                          , 9999, 9999, 9999,  101,32767,     0,     0
 ED5.2,3117                          ,1478                          ,                    ,1952      ,                ,  101,                    ,                              ,14,0,20190130 20:41:34,    0,         0,         0,65535,65535, 9999,2,                ,0000000,0, 0,         0,    0,0000000000000000000000000000000000000000,0000000000000000000000000000000000000000,         0,         0,         0,         0,1, 0, 0, 0,3117                          ,    0,         0,0,20190130 20:41:34,1478                          ,  101, 9999,  101,  101,    0,     0,     0
 ED5.2,1175                          ,1869                          ,                    ,1949      ,                ,  101,                    ,                              ,14,0,20190130 20:41:35,    0,         0,        67,65535,65535, 9999,2,                ,0000000,0, 0,         0,    0,0000000000000000000000000000000000000000,0000000000000000000000000000000000000000,         0,         0,         0,         0,1, 0, 0, 0,1175                          ,    0,        67,0,20190130 20:40:28,1869                          ,  101, 9999,  101,  101,    0,     0,     0
 ED5.2,88                            ,1478                          ,                    ,1952      ,                ,  101,                    ,                              ,14,0,20190130 20:41:35,    0,         0,         1,65535,65535, 9999,2,                ,0000000,0, 0,         0,    0,0000000000000000000000000000000000000000,0000000000000000000000000000000000000000,         0,         0,         0,         0,1, 0, 0, 0,3117                          ,    0,         1,1,20190130 20:41:34,1478                          ,  101, 9999,  101,  101,    0,     0,     0
 ED5.2,1512                          ,1736                          ,                    ,1635      ,                ,  101,                    ,                              ,14,0,20190130 20:41:49,    0,         0,         4,65535,65535, 9999,2,                ,0000000,0, 0,         0,    0,0000000000000000000000000000000000000000,0000000000000000000000000000000000000000,         0,         0,         0,         0,1, 0, 0, 0,1512                          ,    0,         4,0,20190130 20:41:45,1736                          ,  101, 9999,  101,  101,    0,     0,     0
 ED5.2,1200                          ,1384                          ,                    ,1632      ,                ,  101,                    ,                              ,14,0,20190130 20:41:50,    0,         0,        93,65535,65535, 9999,2,                ,0000000,0, 0,         0,    0,0000000000000000000000000000000000000000,0000000000000000000000000000000000000000,         0,         0,         0,         0,1, 0, 0, 0,1200                          ,    0,        93,0,20190130 20:40:17,1384                          ,  101, 9999,  101,  101,    0,     0,     0
 ED5.2,1322                          ,1214                          ,                    ,1952      ,                ,  101,                    ,                              ,14,0,20190130 20:43:30,    0,         0,        11,65535,65535, 9999,2,                ,0000000,0, 0,         0,    0,0000000000000000000000000000000000000000,0000000000000000000000000000000000000000,         0,         0,         0,         0,1, 0, 0, 0,1322                          ,    0,        11,0,20190130 20:43:19,1214                          ,  101, 9999,  101,  101,    0,     0,     0
 ED5.2,3330993                       ,1538                          ,CARLOS ARTUR DIA    ,1945      ,                ,  101,                    ,                              , 0,2,20190130 20:43:39,    0,         0,        62,10001,   11,  101,2,                ,0010000,2, 1,         0,    0,1000000000000000000000000000000000000000,0000000000000000000000010000000000001000,         0,         0,         0,         0,1, 0, 0, 0,3330993                       ,    0,         0,0,20190130 20:42:37,1538                          , 9999, 9999, 9999,  101,32767,     0,     0
 ED5.2,1340                          ,1409                          ,                    ,1952      ,                ,  101,                    ,                              ,14,0,20190130 20:43:42,    0,         0,         0,65535,65535, 9999,2,                ,0000000,0, 0,         0,    0,0000000000000000000000000000000000000000,0000000000000000000000000000000000000000,         0,         0,         0,         0,1, 0, 0, 0,1340                          ,    0,         0,0,20190130 20:43:42,1409                          ,  101, 9999,  101,  101,    0,     0,     0
 ED5.2,1466                          ,1736                          ,                    ,1635      ,                ,  101,                    ,                              ,14,0,20190130 20:44:05,    0,         0,         5,65535,65535, 9999,2,                ,0000000,0, 0,         0,    0,0000000000000000000000000000000000000000,0000000000000000000000000000000000000000,         0,         0,         0,         0,1, 0, 0, 0,1466                          ,    0,         5,0,20190130 20:44:00,1736                          ,  101, 9999,  101,  101,    0,     0,     0
 ED5.2,6604869                       ,1409                          ,JESIKA ALEJA ESC    ,1952      ,                ,  101,                    ,                              , 0,2,20190130 20:44:34,    0,         0,        35,10001,   11,  101,2,                ,0010000,2, 1,         0,    0,1000000000000000000000000000000000000000,0000000000000000000000010000000000001000,         0,         0,         0,         0,1, 0, 0, 0,6604869                       ,    0,         0,0,20190130 20:43:59,1409                          , 9999, 9999, 9999,  101,32767,     0,     0
 ED5.2,1213                          ,1024                          ,                    ,1638      ,                ,  101,                    ,                              ,14,0,20190130 20:44:35,    0,         0,        47,65535,65535, 9999,2,                ,0000000,0, 0,         0,    0,0000000000000000000000000000000000000000,0000000000000000000000000000000000000000,         0,         0,         0,         0,1, 0, 0, 0,1213                          ,    0,        47,0,20190130 20:43:48,1024                          ,  101, 9999,  101,  101,    0,     0,     0
 ED5.2,1339                          ,3243                          ,                    ,1949      ,                ,  101,                    ,                              ,14,0,20190130 20:45:29,    0,         0,         0,65535,65535, 9999,2,                ,0000000,0, 0,         0,    0,0000000000000000000000000000000000000000,0000000000000000000000000000000000000000,         0,         0,         0,         0,1, 0, 0, 0,1339                          ,    0,         0,0,20190130 20:45:29,3243                          ,  101, 9999,  101,  101,    0,     0,     0
 ED5.2,88                            ,3243                          ,                    ,1949      ,                ,  101,                    ,                              ,14,0,20190130 20:45:32,    0,         0,         3,65535,65535, 9999,2,                ,0000000,0, 0,         0,    0,0000000000000000000000000000000000000000,0000000000000000000000000000000000000000,         0,         0,         0,         0,1, 0, 0, 0,1339                          ,    0,         3,1,20190130 20:45:29,3243                          ,  101, 9999,  101,  101,    0,     0,     0
 ED5.2,1554                          ,3158                          ,                    ,1198      ,                ,  101,                    ,                              ,14,0,20190130 20:46:20,    0,         0,      1474,65535,65535, 9999,2,                ,0000000,0, 0,         0,    0,0000000000000000000000000000000000000000,0000000000000000000000000000000000000000,         0,         0,         0,         0,1, 0, 0, 0,1554                          ,    0,      1474,0,20190130 20:21:46,3158                          ,  101, 9999,  101,  101,    0,     0,     0
 ED5.2,1120                          ,1838                          ,                    ,1635      ,                ,  101,                    ,                              ,14,0,20190130 20:47:04,    0,         0,         0,65535,65535, 9999,2,                ,0000000,0, 0,         0,    0,0000000000000000000000000000000000000000,0000000000000000000000000000000000000000,         0,         0,         0,         0,1, 0, 0, 0,1120                          ,    0,         0,0,20190130 20:47:04,1838                          ,  101, 9999,  101,  101,    0,     0,     0
 ED5.2,6604869                       ,1340                          ,RECEPCION MORATO    ,1635      ,                ,  101,                    ,                              , 0,2,20190130 20:47:54,    0,         0,        81,10866,   82,  101,2,                ,0010000,2, 1,         0,    0,1000000000000000000000000000000000000000,0000000000000000000000010000000000001000,         0,         0,         0,         0,1, 0, 0, 0,6604869                       ,    0,         0,0,20190130 20:46:33,1340                          , 9999, 9999, 9999,  101,32767,     0,     0
 ED5.2,3138041746                    ,1084                          ,EVELYN LOREN URU    ,1638      ,                ,  101,                    ,                              , 0,2,20190130 20:49:17,    0,         0,         0,10349,   66,  101,2,                ,0010000,2, 1,         0,    0,1000000000000000000000000000000000000000,0000000000000000000000010000000000001000,         0,         0,         0,         0,1, 0, 0, 0,033138041746                  ,    0,         0,0,20190130 20:49:17,1084                          , 9999, 9999, 9999,  101,32767,     0,     0
 ED5.2,033138041746                  ,1084                          ,EVELYN LOREN URU    ,1638      ,                ,  101,                    ,                              , 0,2,20190130 20:49:27,    0,         0,         1,10866,   82,  101,2,                ,0010000,2, 1,         0,    0,1000000000000000000000000000000000000000,0000000000000000000000010000000000001000,         0,         0,         0,         0,1, 0, 0, 0,033138041746                  ,    0,         0,0,20190130 20:49:26,1084                          , 9999, 9999, 9999,  101,32767,     0,     0
 ED5.2,033138041746                  ,1084                          ,EVELYN LOREN URU    ,1638      ,                ,  101,                    ,                              , 0,2,20190130 20:49:38,    0,         0,         3,10866,   82,  101,2,                ,0010000,2, 1,         0,    0,1000000000000000000000000000000000000000,0000000000000000000000010000000000001000,         0,         0,         0,         0,1, 0, 0, 0,033138041746                  ,    0,         0,0,20190130 20:49:35,1084                          , 9999, 9999, 9999,  101,32767,     0,     0
 ED5.2,033138041746                  ,1084                          ,EVELYN LOREN URU    ,1638      ,                ,  101,                    ,                              , 0,2,20190130 20:52:21,    0,         0,         1,10866,   82,  101,2,                ,0010000,2, 1,         0,    0,1000000000000000000000000000000000000000,0000000000000000000000010000000000001000,         0,         0,         0,         0,1, 0, 0, 0,033138041746                  ,    0,         0,0,20190130 20:52:20,1084                          , 9999, 9999, 9999,  101,32767,     0,     0
 ED5.2,1200                          ,1678                          ,                    ,1154      ,                ,  101,                    ,                              ,14,0,20190130 20:54:09,    0,         0,         0,65535,65535, 9999,2,                ,0000000,0, 0,         0,    0,0000000000000000000000000000000000000000,0000000000000000000000000000000000000000,         0,         0,         0,         0,1, 0, 0, 0,1200                          ,    0,         0,0,20190130 20:54:09,1678                          ,  101, 9999,  101,  101,    0,     0,     0
 ED5.2,1200                          ,1678                          ,                    ,1154      ,                ,  101,                    ,                              ,14,0,20190130 20:54:13,    0,         0,         0,65535,65535, 9999,2,                ,0000000,0, 0,         0,    0,0000000000000000000000000000000000000000,0000000000000000000000000000000000000000,         0,         0,         0,         0,1, 0, 0, 0,1200                          ,    0,         0,0,20190130 20:54:13,1678                          ,  101, 9999,  101,  101,    0,     0,     0
 ED5.2,1200                          ,1678                          ,                    ,1154      ,                ,  101,                    ,                              ,14,0,20190130 20:54:19,    0,         0,         0,65535,65535, 9999,2,                ,0000000,0, 0,         0,    0,0000000000000000000000000000000000000000,0000000000000000000000000000000000000000,         0,         0,         0,         0,1, 0, 0, 0,1200                          ,    0,         0,0,20190130 20:54:19,1678                          ,  101, 9999,  101,  101,    0,     0,     0
 ED5.2,1120                          ,1838                          ,                    ,1635      ,                ,  101,                    ,                              ,14,0,20190130 20:55:20,    0,         0,       150,65535,65535, 9999,2,                ,0000000,0, 0,         0,    0,0000000000000000000000000000000000000000,0000000000000000000000000000000000000000,         0,         0,         0,         0,1, 0, 0, 0,1120                          ,    0,       150,0,20190130 20:52:50,1838                          ,  101, 9999,  101,  101,    0,     0,     0
 ED5.2,1213                          ,1466                          ,                    ,1638      ,                ,  101,                    ,                              ,14,0,20190130 20:55:39,    0,         0,         7,65535,65535, 9999,2,                ,0000000,0, 0,         0,    0,0000000000000000000000000000000000000000,0000000000000000000000000000000000000000,         0,         0,         0,         0,1, 0, 0, 0,1213                          ,    0,         7,0,20190130 20:55:32,1466                          ,  101, 9999,  101,  101,    0,     0,     0
 ED5.2,3508590036                    ,1838                          ,ERIKA YANNET HER    ,1635      ,                ,  101,                    ,                              , 0,2,20190130 20:57:57,    0,         0,        21,10349,   66,  101,2,                ,0010000,2, 1,         0,    0,1000000000000000000000000000000000000000,0000000000000000000000010000000000001000,         0,         0,         0,         0,1, 0, 0, 0,033508590036                  ,    0,         0,0,20190130 20:57:36,1838                          , 9999, 9999, 9999,  101,32767,     0,     0
 ED5.2,3158                          ,1554                          ,                    ,1154      ,                ,  101,                    ,                              ,14,0,20190130 20:59:19,    0,         0,        46,65535,65535, 9999,2,                ,0000000,0, 0,         0,    0,0000000000000000000000000000000000000000,0000000000000000000000000000000000000000,         0,         0,         0,         0,1, 0, 0, 0,3158                          ,    0,        46,0,20190130 20:58:33,1554                          ,  101, 9999,  101,  101,    0,     0,     0
 ED5.2,2382289                       ,1820                          ,VICKY ALEJAN BAR    ,1632      ,                ,  101,                    ,                              , 0,2,20190130 21:03:52,    0,         0,         0,10001,   11,  101,2,                ,0010000,2, 1,         0,    0,1000000000000000000000000000000000000000,0000000000000000000000010000000000001000,         0,         0,         0,         0,1, 0, 0, 0,2382289                       ,    0,         0,0,20190130 21:03:52,1820                          , 9999, 9999, 9999,  101,32767,     0,     0
