 ED5.2,1213                          ,1370                          ,                    ,1949      ,                ,  101,                    ,                              ,14,0,20190202 08:10:52,    0,         0,         0,65535,65535, 9999,2,                ,0000000,0, 0,         0,    0,0000000000000000000000000000000000000000,0000000000000000000000000000000000000000,         0,         0,         0,         0,1, 0, 0, 0,1213                          ,    0,         0,0,20190202 08:10:52,1370                          ,  101, 9999,  101,  101,    0,     0,     0
 ED5.2,6074949                       ,FS020                         ,ETB                 ,          ,                ,  101,                    ,                              , 4,2,20190202 08:24:51,    0,         0,         4,  120,   20,  101,2,                ,0000000,2, 0,         0,    0,0000000000000000000000000000000000000000,0000000000000000000000010000000000000000,         0,         0,         0,         0,1, 0, 0, 0,A800                          ,    4,         0,0,20190202 08:24:47,                              , 9999, 9999, 9999, 9999,32767,     0,     0
 ED5.2,6074949                       ,FS020                         ,ETB                 ,          ,                ,  101,                    ,                              , 4,2,20190202 08:25:53,    0,         0,         4,  120,   20,  101,2,                ,0000000,2, 0,         0,    0,0000000000000000000000000000000000000000,0000000000000000000000010000000000000000,         0,         0,         0,         0,1, 0, 0, 0,A800                          ,    4,         0,0,20190202 08:25:49,                              , 9999, 9999, 9999, 9999,32767,     0,     0
 ED5.2,663174030171                  ,FS020                         ,ETB                 ,          ,                ,  101,                    ,                              , 4,2,20190202 08:29:57,    0,         0,         4,  120,   20,  101,2,                ,0000000,3, 0,         0,    0,0000000000000000000000000000000000000000,0000000000000000000000010000000000000000,         0,         0,         0,         0,1, 0, 0, 0,A800                          ,    5,         0,0,20190202 08:29:53,                              , 9999, 9999, 9999, 9999,32767,     0,     0
 ED5.2,663132712217                  ,FS020                         ,ETB                 ,          ,                ,  101,                    ,                              , 4,2,20190202 08:34:31,    0,         0,        70,  120,   20,  101,2,                ,0000000,2, 1,         0,    0,0000000000000000000000000000000000000000,0000000000000000000000010000000000000000,         0,         0,         0,         0,1, 0, 0, 0,A800                          ,   71,         0,1,20190202 08:33:21,                              , 9999, 9999, 9999, 9999,32767,     0,     0
 ED5.2,3814060                       ,FS082                         ,SIPsalida           ,          ,                ,  101,                    ,                              , 4,2,20190202 08:34:47,    0,         0,         3,10865,   82,  101,2,                ,0000000,2, 0,         0,    0,0000000000000000000000000000000000000000,0000000000000000000000010000000000000000,         0,         0,         0,         0,1, 0, 0, 0,A500                          ,    3,         0,0,20190202 08:34:44,                              , 9999, 9999, 9999, 9999,32767,     0,     0
 ED5.2,3299620                       ,FS082                         ,SIPsalida           ,          ,                ,  101,                    ,                              , 4,2,20190202 08:35:42,    0,         0,         3,10865,   82,  101,2,                ,0000000,2, 0,         0,    0,0000000000000000000000000000000000000000,0000000000000000000000010000000000000000,         0,         0,         0,         0,1, 0, 0, 0,A500                          ,    4,         0,0,20190202 08:35:39,                              , 9999, 9999, 9999, 9999,32767,     0,     0
 ED5.2,663043480053                  ,1736                          ,RECEPCION 2 MORA    ,1635      ,                ,  101,                    ,                              , 4,2,20190202 08:40:47,    0,         0,       122,  120,   20,  101,2,                ,0000000,2, 1,         0,    0,0000000000000000000000000000000000000000,0000000000000000000000010000000000000000,         0,         0,         0,         0,1, 0, 0, 0,A800                          ,  122,         0,1,20190202 08:38:45,                              , 9999, 9999, 9999, 9999,32767,     0,     0
 ED5.2,663224247999                  ,1340                          ,RECEPCION MORATO    ,1635      ,                ,  101,                    ,                              , 4,2,20190202 08:44:02,    0,         0,       132,  120,   20,  101,2,                ,0000000,2, 1,         0,    0,0000000000000000000000000000000000000000,0000000000000000000000010000000000000000,         0,         0,         0,         0,1, 0, 0, 0,A800                          ,  132,         0,1,20190202 08:41:50,                              , 9999, 9999, 9999, 9999,32767,     0,     0
 ED5.2,53458489                      ,FS082                         ,SIPsalida           ,          ,                ,  101,                    ,                              , 4,2,20190202 08:45:46,    0,         0,         0,10865,   82,  101,2,                ,0000000,2, 0,         0,    0,0000000000000000000000000000000000000000,0000000000000000000000010000000000000000,         0,         0,         0,         0,1, 0, 0, 0,A900                          ,    1,         0,0,20190202 08:45:46,                              , 9999, 9999, 9999, 9999,32767,     0,     0
 ED5.2,0745988789                    ,4046                          ,SANTIAGO LOPEZ G    ,2952      ,                ,  101,                    ,                              , 4,2,20190202 08:55:07,    0,         0,       156,10445,   15,  101,2,                ,0000000,2, 0,         0,    0,0000000000000000000000000000000000000000,0000000000000000000000010000000000000000,         0,         0,         0,         0,1, 0, 0, 0,A800                          ,  157,         0,1,20190202 08:52:31,                              , 9999, 9999, 9999, 9999,32767,     0,     0
 ED5.2,53850010                      ,FS082                         ,SIPsalida           ,          ,                ,  101,                    ,                              , 4,2,20190202 08:56:25,    0,         0,         0,10865,   82,  101,2,                ,0000000,2, 0,         0,    0,0000000000000000000000000000000000000000,0000000000000000000000010000000000000000,         0,         0,         0,         0,1, 0, 0, 0,A900                          ,    0,         0,0,20190202 08:56:25,                              , 9999, 9999, 9999, 9999,32767,     0,     0
 ED5.2,53458489                      ,FS082                         ,SIPsalida           ,          ,                ,  101,                    ,                              , 4,2,20190202 08:56:41,    0,         0,         1,10865,   82,  101,2,                ,0000000,2, 0,         0,    0,0000000000000000000000000000000000000000,0000000000000000000000010000000000000000,         0,         0,         0,         0,1, 0, 0, 0,A900                          ,    2,         0,0,20190202 08:56:40,                              , 9999, 9999, 9999, 9999,32767,     0,     0
 ED5.2,7458518                       ,FS020                         ,ETB                 ,          ,                ,  101,                    ,                              , 4,2,20190202 08:56:47,    0,         0,         3,  120,   20,  101,2,                ,0000000,3, 0,         0,    0,0000000000000000000000000000000000000000,0000000000000000000000010000000000000000,         0,         0,         0,         0,1, 0, 0, 0,A800                          ,    4,         0,0,20190202 08:56:44,                              , 9999, 9999, 9999, 9999,32767,     0,     0
 ED5.2,7458518                       ,FS020                         ,ETB                 ,          ,                ,  101,                    ,                              , 4,2,20190202 08:56:50,    0,         0,         2,  120,   20,  101,2,                ,0000000,3, 0,         0,    0,0000000000000000000000000000000000000000,0000000000000000000000010000000000000000,         0,         0,         0,         0,1, 0, 0, 0,A800                          ,    3,         0,0,20190202 08:56:48,                              , 9999, 9999, 9999, 9999,32767,     0,     0
 ED5.2,033017384996                  ,2020                          ,ESTEFANI XIO MON    ,4635      ,                ,  101,                    ,                              , 4,2,20190202 08:57:33,    0,         0,       407,  306,   65,  101,2,                ,0000000,3, 0,         0,    0,0000000000000000000000000000000000000000,0000000000000000000000010000000000000000,         0,         0,         0,         0,1, 0, 0, 0,A600                          ,  407,         0,0,20190202 08:50:46,                              , 9999, 9999, 9999, 9999,32767,     0,     0
 ED5.2,4488391                       ,1208                          ,RADICACION 1        ,1636      ,                ,  101,                    ,                              , 0,2,20190202 09:04:50,    0,         0,         0,10001,   11,  101,2,                ,0010000,2, 1,         0,    0,1000000000000000000000000000000000000000,0000000000000000000000010000000000001000,         0,         0,         0,         0,1, 0, 0, 0,4488391                       ,    0,         0,0,20190202 09:04:50,1208                          , 9999, 9999, 9999,  101,32767,     0,     0
