 ED5.2,033014211510                  ,2020                          ,ESTEFANI XIO MON    ,4635      ,                ,  101,                    ,                              , 4,2,20190202 12:04:35,    0,         0,       100,  320,   65,  101,2,                ,0000000,3, 0,         0,    0,0000000000000000000000000000000000000000,0000000000000000000000010000000000000000,         0,         0,         0,         0,1, 0, 0, 0,A600                          ,  101,         0,0,20190202 12:02:55,                              , 9999, 9999, 9999, 9999,32767,     0,     0
 ED5.2,663206647950                  ,1600                          ,RECEPCION COUNTR    ,1635      ,                ,  101,                    ,                              , 4,2,20190202 12:06:22,    0,         0,       145,  120,   20,  101,2,                ,0000000,2, 1,         0,    0,0000000000000000000000000000000000000000,0000000000000000000000010000000000000000,         0,         0,         0,         0,1, 0, 0, 0,A800                          ,  145,         0,1,20190202 12:03:57,                              , 9999, 9999, 9999, 9999,32767,     0,     0
 ED5.2,                              ,8017                          ,CARMEN SOFIA CAD    ,6952      ,                ,  101,                    ,                              , 4,1,20190202 12:06:28,    0,         0,       104,  401,   80,  101,2,                ,0000000,0, 0,         0,    0,0000000000000000000000000000000000000000,0000000000000000000000010000000000000000,         0,         0,         0,         0,1, 0, 0, 0,                              ,  104,         0,1,20190202 12:04:44,                              , 9999, 9999, 9999, 9999,32767,     0,     0
 ED5.2,6398080                       ,1736                          ,RECEPCION 2 MORA    ,1635      ,                ,  101,                    ,                              , 4,2,20190202 12:07:48,    0,         0,        68,  120,   20,  101,2,                ,0000000,2, 0,         0,    0,0000000000000000000000000000000000000000,0000000000000000000000010000000000000000,         0,         0,         0,         0,1, 0, 0, 0,A800                          ,   68,         0,1,20190202 12:06:40,                              , 9999, 9999, 9999, 9999,32767,     0,     0
 ED5.2,7395120                       ,FS020                         ,ETB                 ,          ,                ,  101,                    ,                              , 4,2,20190202 12:08:51,    0,         0,        45,  120,   20,  101,2,                ,0000000,3, 0,         0,    0,0000000000000000000000000000000000000000,0000000000000000000000010000000000000000,         0,         0,         0,         0,1, 0, 0, 0,A800                          ,   46,         0,1,20190202 12:08:06,                              , 9999, 9999, 9999, 9999,32767,     0,     0
 ED5.2,6059898                       ,FS020                         ,ETB                 ,          ,                ,  101,                    ,                              , 4,2,20190202 12:15:12,    0,         0,         4,  120,   20,  101,2,                ,0000000,2, 0,         0,    0,0000000000000000000000000000000000000000,0000000000000000000000010000000000000000,         0,         0,         0,         0,1, 0, 0, 0,A800                          ,    4,         0,0,20190202 12:15:08,                              , 9999, 9999, 9999, 9999,32767,     0,     0
 ED5.2,3687338                       ,FS020                         ,ETB                 ,          ,                ,  101,                    ,                              , 4,2,20190202 12:21:17,    0,         0,        59,  120,   20,  101,2,                ,0000000,3, 0,         0,    0,0000000000000000000000000000000000000000,0000000000000000000000010000000000000000,         0,         0,         0,         0,1, 0, 0, 0,A800                          ,   59,         0,1,20190202 12:20:18,                              , 9999, 9999, 9999, 9999,32767,     0,     0
 ED5.2,033014211510                  ,2020                          ,ESTEFANI XIO MON    ,4635      ,                ,  101,                    ,                              , 4,2,20190202 12:28:02,    0,         0,       502,  321,   65,  101,2,                ,0000000,3, 0,         0,    0,0000000000000000000000000000000000000000,0000000000000000000000010000000000000000,         0,         0,         0,         0,1, 0, 0, 0,A600                          ,  502,         0,0,20190202 12:19:40,                              , 9999, 9999, 9999, 9999,32767,     0,     0
 ED5.2,1346                          ,1171                          ,                    ,1214      ,                ,  101,                    ,                              ,14,0,20190202 12:30:23,    0,         0,         0,65535,65535, 9999,2,                ,0000000,0, 0,         0,    0,0000000000000000000000000000000000000000,0000000000000000000000000000000000000000,         0,         0,         0,         0,1, 0, 0, 0,1346                          ,    0,         0,0,20190202 12:30:23,1171                          ,  101, 9999,  101,  101,    0,     0,     0
 ED5.2,6398080                       ,1600                          ,RECEPCION COUNTR    ,1635      ,                ,  101,                    ,                              , 4,2,20190202 12:34:27,    0,         0,        68,  120,   20,  101,2,                ,0000000,2, 0,         0,    0,0000000000000000000000000000000000000000,0000000000000000000000010000000000000000,         0,         0,         0,         0,1, 0, 0, 0,A800                          ,   68,         0,1,20190202 12:33:19,                              , 9999, 9999, 9999, 9999,32767,     0,     0
 ED5.2,6604869                       ,1448                          ,SANDRA MILEN PER    ,1952      ,                ,  101,                    ,                              , 0,2,20190202 12:37:31,    0,         0,       136,10001,   11,  101,2,                ,0010000,2, 1,         0,    0,1000000000000000000000000000000000000000,0000000000000000000000010000000000001000,         0,         0,         0,         0,1, 0, 0, 0,6604869                       ,    0,         0,0,20190202 12:35:15,1448                          , 9999, 9999, 9999,  101,32767,     0,     0
 ED5.2,53886192                      ,FS082                         ,SIPsalida           ,          ,                ,  101,                    ,                              , 4,2,20190202 12:40:12,    0,         0,        12,10865,   82,  101,2,                ,0000000,2, 0,         0,    0,0000000000000000000000000000000000000000,0000000000000000000000010000000000000000,         0,         0,         0,         0,1, 0, 0, 0,A900                          ,   12,         0,0,20190202 12:40:00,                              , 9999, 9999, 9999, 9999,32767,     0,     0
 ED5.2,663174030171                  ,FS020                         ,ETB                 ,          ,                ,  101,                    ,                              , 4,2,20190202 12:43:51,    0,         0,         4,  120,   20,  101,2,                ,0000000,3, 0,         0,    0,0000000000000000000000000000000000000000,0000000000000000000000010000000000000000,         0,         0,         0,         0,1, 0, 0, 0,A800                          ,    4,         0,0,20190202 12:43:47,                              , 9999, 9999, 9999, 9999,32767,     0,     0
 ED5.2,663208066031                  ,FS020                         ,ETB                 ,          ,                ,  101,                    ,                              , 4,2,20190202 12:44:45,    0,         0,        56,  121,   20,  101,2,                ,0000000,2, 1,         0,    0,0000000000000000000000000000000000000000,0000000000000000000000010000000000000000,         0,         0,         0,         0,1, 0, 0, 0,A800                          ,   56,         0,1,20190202 12:43:49,                              , 9999, 9999, 9999, 9999,32767,     0,     0
 ED5.2,6604876                       ,1043                          ,YEIMY PAOLA ESPI    ,1632      ,                ,  101,                    ,                              , 0,2,20190202 12:48:38,    0,         0,       116,10001,   11,  101,2,                ,0010000,2, 1,         0,    0,1000000000000000000000000000000000000000,0000000000000000000000010000000000001000,         0,         0,         0,         0,1, 0, 0, 0,6604876                       ,    0,         0,0,20190202 12:46:42,1043                          , 9999, 9999, 9999,  101,32767,     0,     0
 ED5.2,663107875602                  ,FS082                         ,SIPsalida           ,          ,                ,  101,                    ,                              , 4,2,20190202 12:48:44,    0,         0,         4,10865,   82,  101,2,                ,0000000,2, 0,         0,    0,0000000000000000000000000000000000000000,0000000000000000000000010000000000000000,         0,         0,         0,         0,1, 0, 0, 0,A500                          ,    5,         0,0,20190202 12:48:40,                              , 9999, 9999, 9999, 9999,32767,     0,     0
 ED5.2,53850010                      ,FS082                         ,SIPsalida           ,          ,                ,  101,                    ,                              , 4,2,20190202 13:00:53,    0,         0,         2,10865,   82,  101,2,                ,0000000,2, 0,         0,    0,0000000000000000000000000000000000000000,0000000000000000000000010000000000000000,         0,         0,         0,         0,1, 0, 0, 0,A900                          ,    2,         0,0,20190202 13:00:51,                              , 9999, 9999, 9999, 9999,32767,     0,     0
