 ED5.2,3184                          ,1134                          ,                    ,1949      ,                ,  101,                    ,                              ,14,0,20181224 13:00:21,    0,         0,         0,65535,65535, 9999,2,                ,0000000,0, 0,         0,    0,0000000000000000000000000000000000000000,0000000000000000000000000000000000000000,         0,         0,         0,         0,1, 0, 0, 0,3184                          ,    0,         0,0,20181224 13:00:21,1134                          ,  101, 9999,  101,  101,    0,     0,     0
 ED5.2,88                            ,1134                          ,                    ,1949      ,                ,  101,                    ,                              ,14,0,20181224 13:00:22,    0,         0,         1,65535,65535, 9999,2,                ,0000000,0, 0,         0,    0,0000000000000000000000000000000000000000,0000000000000000000000000000000000000000,         0,         0,         0,         0,1, 0, 0, 0,3184                          ,    0,         1,1,20181224 13:00:21,1134                          ,  101, 9999,  101,  101,    0,     0,     0
 ED5.2,1085                          ,1134                          ,                    ,1949      ,                ,  101,                    ,                              ,14,0,20181224 13:00:38,    0,         0,         0,65535,65535, 9999,2,                ,0000000,0, 0,         0,    0,0000000000000000000000000000000000000000,0000000000000000000000000000000000000000,         0,         0,         0,         0,1, 0, 0, 0,1085                          ,    0,         0,0,20181224 13:00:38,1134                          ,  101, 9999,  101,  101,    0,     0,     0
 ED5.2,88                            ,1134                          ,                    ,1949      ,                ,  101,                    ,                              ,14,0,20181224 13:00:40,    0,         0,         2,65535,65535, 9999,2,                ,0000000,0, 0,         0,    0,0000000000000000000000000000000000000000,0000000000000000000000000000000000000000,         0,         0,         0,         0,1, 0, 0, 0,1085                          ,    0,         2,1,20181224 13:00:38,1134                          ,  101, 9999,  101,  101,    0,     0,     0
 ED5.2,1032                          ,1851                          ,                    ,1979      ,                ,  101,                    ,                              ,14,0,20181224 13:01:49,    0,         0,        42,65535,65535, 9999,2,                ,0000000,0, 0,         0,    0,0000000000000000000000000000000000000000,0000000000000000000000000000000000000000,         0,         0,         0,         0,1, 0, 0, 0,1032                          ,    0,        42,0,20181224 13:01:07,1851                          ,  101, 9999,  101,  101,    0,     0,     0
 ED5.2,3538780                       ,1112                          ,PAOLA YERALD ROA    ,1949      ,                ,  101,                    ,                              , 4,2,20181224 13:01:53,    0,         0,       162,  120,   20,  101,2,                ,0000000,2, 1,         0,    0,0000000000000000000000000000000000000000,0000000000000000000000010000000000000000,         0,         0,         0,         0,1, 0, 0, 0,A800                          ,   29,       133,0,20181224 12:59:11,                              , 9999, 9999, 9999, 9999,32767,     0,     0
 ED5.2,663173707418                  ,3400                          ,SARA VILLA RA       ,2675      ,                ,  101,                    ,                              , 4,2,20181224 13:04:04,    0,         0,        51,11361,  201,  101,2,                ,0000000,2, 0,         0,    0,0000000000000000000000000000000000000000,0000000000000000000000010000000000000000,         0,         0,         0,         0,1, 0, 0, 0,7764                          ,   52,         0,0,20181224 13:03:13,                              , 9999, 9999, 9999, 9999,32767,     0,     0
 ED5.2,3134                          ,3156                          ,                    ,1979      ,                ,  101,                    ,                              ,14,0,20181224 13:04:11,    0,         0,        41,65535,65535, 9999,2,                ,0000000,0, 0,         0,    0,0000000000000000000000000000000000000000,0000000000000000000000000000000000000000,         0,         0,         0,         0,1, 0, 0, 0,3134                          ,    0,        41,0,20181224 13:03:30,3156                          ,  101, 9999,  101,  101,    0,     0,     0
 ED5.2,3404                          ,3156                          ,                    ,1979      ,                ,  101,                    ,                              ,14,0,20181224 13:05:03,    0,         0,        48,65535,65535, 9999,2,                ,0000000,0, 0,         0,    0,0000000000000000000000000000000000000000,0000000000000000000000000000000000000000,         0,         0,         0,         0,1, 0, 0, 0,3404                          ,    0,        48,0,20181224 13:04:15,3156                          ,  101, 9999,  101,  101,    0,     0,     0
 ED5.2,3134                          ,3156                          ,                    ,1979      ,                ,  101,                    ,                              ,14,0,20181224 13:05:18,    0,         0,        10,65535,65535, 9999,2,                ,0000000,0, 0,         0,    0,0000000000000000000000000000000000000000,0000000000000000000000000000000000000000,         0,         0,         0,         0,1, 0, 0, 0,3134                          ,    0,        10,0,20181224 13:05:08,3156                          ,  101, 9999,  101,  101,    0,     0,     0
 ED5.2,5951450                       ,1581                          ,MYRIAM STELL GAR    ,1949      ,                ,  101,                    ,                              , 4,2,20181224 13:10:50,    0,         0,       119,10865,   82,  101,2,                ,0000000,2, 0,         0,    0,0000000000000000000000000000000000000000,0000000000000000000000010000000000000000,         0,         0,         0,         0,1, 0, 0, 0,A500                          ,  119,         0,0,20181224 13:08:51,                              , 9999, 9999, 9999, 9999,32767,     0,     0
 ED5.2,663185714582                  ,1340                          ,RECEPCION MORATO    ,1635      ,                ,  101,                    ,                              , 4,2,20181224 13:12:24,    0,         0,       180,  120,   20,  101,2,                ,0000000,2, 0,         0,    0,0000000000000000000000000000000000000000,0000000000000000000000010000000000000000,         0,         0,         0,         0,1, 0, 0, 0,A800                          ,  180,         0,1,20181224 13:09:24,                              , 9999, 9999, 9999, 9999,32767,     0,     0
 ED5.2,3134                          ,1736                          ,                    ,1635      ,                ,  101,                    ,                              ,14,0,20181224 13:13:41,    0,         0,         9,65535,65535, 9999,2,                ,0000000,0, 0,         0,    0,0000000000000000000000000000000000000000,0000000000000000000000000000000000000000,         0,         0,         0,         0,1, 0, 0, 0,3134                          ,    0,         9,0,20181224 13:13:32,1736                          ,  101, 9999,  101,  101,    0,     0,     0
 ED5.2,7561666                       ,3130                          ,JOSE TOMAS ABRIL    ,1979      ,                ,  101,                    ,                              , 4,2,20181224 13:17:50,    0,         0,       373,10865,   82,  101,2,                ,0000000,2, 0,         0,    0,0000000000000000000000000000000000000000,0000000000000000000000010000000000000000,         0,         0,         0,         0,1, 0, 0, 0,A500                          ,   30,       344,0,20181224 13:11:37,                              , 9999, 9999, 9999, 9999,32767,     0,     0
 ED5.2,663163277818                  ,1600                          ,RECEPCION COUNTR    ,1635      ,                ,  101,                    ,                              , 4,2,20181224 13:17:55,    0,         0,       133,  120,   20,  101,2,                ,0000000,2, 1,         0,    0,0000000000000000000000000000000000000000,0000000000000000000000010000000000000000,         0,         0,         0,         0,1, 0, 0, 0,A800                          ,  133,         0,1,20181224 13:15:42,                              , 9999, 9999, 9999, 9999,32767,     0,     0
 ED5.2,663163277818                  ,FS065                         ,Fidu-Cali           ,          ,                ,  101,                    ,                              , 4,2,20181224 13:18:49,    0,         0,        28,  302,   65,  101,2,                ,0000000,3, 0,         0,    0,0000000000000000000000000000000000000000,0000000000000000000000010000000000000000,         0,         0,         0,         0,1, 0, 0, 0,A600                          ,   28,         0,1,20181224 13:18:21,                              , 9999, 9999, 9999, 9999,32767,     0,     0
 ED5.2,663178936290                  ,FS020                         ,ETB                 ,          ,                ,  101,                    ,                              , 4,2,20181224 13:19:30,    0,         0,         4,  121,   20,  101,2,                ,0000000,3, 0,         0,    0,0000000000000000000000000000000000000000,0000000000000000000000010000000000000000,         0,         0,         0,         0,1, 0, 0, 0,A800                          ,    4,         0,0,20181224 13:19:26,                              , 9999, 9999, 9999, 9999,32767,     0,     0
 ED5.2,7420719                       ,1014                          ,RECEPCION LO COU    ,1635      ,                ,  101,                    ,                              , 4,2,20181224 13:19:56,    0,         0,        41,  120,   20,  101,2,                ,0000000,3, 0,         0,    0,0000000000000000000000000000000000000000,0000000000000000000000010000000000000000,         0,         0,         0,         0,1, 0, 0, 0,A800                          ,   41,         0,1,20181224 13:19:15,                              , 9999, 9999, 9999, 9999,32767,     0,     0
 ED5.2,3036370                       ,3239                          ,JOSE ANTONIO ECH    ,1979      ,                ,  101,                    ,                              , 4,2,20181224 13:21:45,    0,         0,        68,10865,   82,  101,2,                ,0000000,2, 0,         0,    0,0000000000000000000000000000000000000000,0000000000000000000000010000000000000000,         0,         0,         0,         0,1, 0, 0, 0,A500                          ,   23,        45,0,20181224 13:20:37,                              , 9999, 9999, 9999, 9999,32767,     0,     0
 ED5.2,1085                          ,1201                          ,                    ,1949      ,                ,  101,                    ,                              ,14,0,20181224 13:21:55,    0,         0,         0,65535,65535, 9999,2,                ,0000000,0, 0,         0,    0,0000000000000000000000000000000000000000,0000000000000000000000000000000000000000,         0,         0,         0,         0,1, 0, 0, 0,1085                          ,    0,         0,0,20181224 13:21:55,1201                          ,  101, 9999,  101,  101,    0,     0,     0
 ED5.2,1085                          ,1201                          ,                    ,1949      ,                ,  101,                    ,                              ,14,0,20181224 13:22:19,    0,         0,         0,65535,65535, 9999,2,                ,0000000,0, 0,         0,    0,0000000000000000000000000000000000000000,0000000000000000000000000000000000000000,         0,         0,         0,         0,1, 0, 0, 0,1085                          ,    0,         0,0,20181224 13:22:19,1201                          ,  101, 9999,  101,  101,    0,     0,     0
 ED5.2,88                            ,1201                          ,                    ,1949      ,                ,  101,                    ,                              ,14,0,20181224 13:22:22,    0,         0,         3,65535,65535, 9999,2,                ,0000000,0, 0,         0,    0,0000000000000000000000000000000000000000,0000000000000000000000000000000000000000,         0,         0,         0,         0,1, 0, 0, 0,1085                          ,    0,         3,1,20181224 13:22:19,1201                          ,  101, 9999,  101,  101,    0,     0,     0
 ED5.2,5190196                       ,1012                          ,VIVIANA GARZON R    ,1675      ,                ,  101,                    ,                              , 4,2,20181224 13:22:22,    0,         0,        73,10866,   82,  101,2,                ,0000000,2, 0,         0,    0,0000000000000000000000000000000000000000,0000000000000000000000010000000000000000,         0,         0,         0,         0,1, 0, 0, 0,A500                          ,   73,         0,1,20181224 13:21:09,                              , 9999, 9999, 9999, 9999,32767,     0,     0
 ED5.2,1851                          ,1032                          ,                    ,1632      ,                ,  101,                    ,                              ,14,0,20181224 13:24:29,    0,         0,         0,65535,65535, 9999,2,                ,0000000,0, 0,         0,    0,0000000000000000000000000000000000000000,0000000000000000000000000000000000000000,         0,         0,         0,         0,1, 0, 0, 0,1851                          ,    0,         0,0,20181224 13:24:29,1032                          ,  101, 9999,  101,  101,    0,     0,     0
 ED5.2,                              ,FS083                         ,fidumaniza          ,          ,                ,  101,                    ,                              , 4,1,20181224 13:25:32,    0,         0,        36,   96,   83,  101,2,                ,0000000,0, 0,         0,    0,0000000000000000000000000000000000000000,0000000000000000000000010000000000000000,         0,         0,         0,         0,1, 0, 0, 0,1804                          ,   36,         0,1,20181224 13:24:56,                              , 9999, 9999, 9999, 9999,32767,     0,     0
 ED5.2,2640032                       ,FS082                         ,SIPsalida           ,          ,                ,  101,                    ,                              , 4,2,20181224 13:26:46,    0,         0,        42,10865,   82,  101,2,                ,0000000,2, 0,         0,    0,0000000000000000000000000000000000000000,0000000000000000000000010000000000000000,         0,         0,         0,         0,1, 0, 0, 0,A500                          ,   43,         0,1,20181224 13:26:04,                              , 9999, 9999, 9999, 9999,32767,     0,     0
 ED5.2,6113030                       ,1820                          ,VICKY ALEJAN BAR    ,1632      ,                ,  101,                    ,                              , 0,2,20181224 13:29:29,    0,         0,        58,10001,   11,  101,2,                ,0010000,2, 1,         0,    0,1000000000000000000000000000000000000000,0000000000000000000000010000000000001000,         0,         0,         0,         0,1, 0, 0, 0,6113030                       ,    0,         0,0,20181224 13:28:31,1820                          , 9999, 9999, 9999,  101,32767,     0,     0
 ED5.2,663133338936                  ,FS020                         ,ETB                 ,          ,                ,  101,                    ,                              , 4,2,20181224 13:30:22,    0,         0,         2,  120,   20,  101,2,                ,0000000,3, 0,         0,    0,0000000000000000000000000000000000000000,0000000000000000000000010000000000000000,         0,         0,         0,         0,1, 0, 0, 0,A800                          ,    3,         0,0,20181224 13:30:20,                              , 9999, 9999, 9999, 9999,32767,     0,     0
 ED5.2,254830                        ,1252                          ,ANA CAROLINA FAJ    ,1215      ,                ,  101,                    ,                              , 4,2,20181224 13:34:41,    0,         0,        75,  120,   20,  101,2,                ,0000000,3, 0,         0,    0,0000000000000000000000000000000000000000,0000000000000000000000010000000000000000,         0,         0,         0,         0,1, 0, 0, 0,A800                          ,   76,         0,0,20181224 13:33:26,                              , 9999, 9999, 9999, 9999,32767,     0,     0
 ED5.2,7422962                       ,1557                          ,LINA MARIA BEDOY    ,1635      ,                ,  101,                    ,                              , 4,2,20181224 13:34:52,    0,         0,        24,  121,   20,  101,2,                ,0000000,3, 0,         0,    0,0000000000000000000000000000000000000000,0000000000000000000000010000000000000000,         0,         0,         0,         0,1, 0, 0, 0,A800                          ,   25,         0,1,20181224 13:34:28,                              , 9999, 9999, 9999, 9999,32767,     0,     0
 ED5.2,7462060                       ,3239                          ,JOSE ANTONIO ECH    ,1979      ,                ,  101,                    ,                              , 0,2,20181224 13:37:12,    0,         0,        36,10001,   11,  101,2,                ,0010000,2, 1,         0,    0,1000000000000000000000000000000000000000,0000000000000000000000010000000000001000,         0,         0,         0,         0,1, 0, 0, 0,7462060                       ,    0,         0,0,20181224 13:36:36,3239                          , 9999, 9999, 9999,  101,32767,     0,     0
 ED5.2,663165265711                  ,FS020                         ,ETB                 ,          ,                ,  101,                    ,                              , 4,2,20181224 13:40:16,    0,         0,        37,  120,   20,  101,2,                ,0000000,2, 1,         0,    0,0000000000000000000000000000000000000000,0000000000000000000000010000000000000000,         0,         0,         0,         0,1, 0, 0, 0,A800                          ,   37,         0,0,20181224 13:39:39,                              , 9999, 9999, 9999, 9999,32767,     0,     0
 ED5.2,1032                          ,1851                          ,                    ,1979      ,                ,  101,                    ,                              ,14,0,20181224 13:40:47,    0,         0,        43,65535,65535, 9999,2,                ,0000000,0, 0,         0,    0,0000000000000000000000000000000000000000,0000000000000000000000000000000000000000,         0,         0,         0,         0,1, 0, 0, 0,1032                          ,    0,        43,0,20181224 13:40:04,1851                          ,  101, 9999,  101,  101,    0,     0,     0
 ED5.2,663165265711                  ,1387                          ,WENDY VIVIAN PER    ,1952      ,                ,  101,                    ,                              , 4,2,20181224 13:41:46,    0,         0,        83,  120,   20,  101,2,                ,0000000,2, 1,         0,    0,0000000000000000000000000000000000000000,0000000000000000000000010000000000000000,         0,         0,         0,         0,1, 0, 0, 0,A800                          ,   83,         0,1,20181224 13:40:23,                              , 9999, 9999, 9999, 9999,32767,     0,     0
 ED5.2,6398080                       ,1340                          ,RECEPCION MORATO    ,1635      ,                ,  101,                    ,                              , 4,2,20181224 13:41:47,    0,         0,        54,  121,   20,  101,2,                ,0000000,2, 0,         0,    0,0000000000000000000000000000000000000000,0000000000000000000000010000000000000000,         0,         0,         0,         0,1, 0, 0, 0,A800                          ,   55,         0,1,20181224 13:40:53,                              , 9999, 9999, 9999, 9999,32767,     0,     0
 ED5.2,663165265711                  ,1736                          ,RECEPCION 2 MORA    ,1635      ,                ,  101,                    ,                              , 4,2,20181224 13:43:18,    0,         0,        86,  120,   20,  101,2,                ,0000000,2, 1,         0,    0,0000000000000000000000000000000000000000,0000000000000000000000010000000000000000,         0,         0,         0,         0,1, 0, 0, 0,A800                          ,   86,         0,1,20181224 13:41:52,                              , 9999, 9999, 9999, 9999,32767,     0,     0
 ED5.2,1851                          ,1032                          ,                    ,1632      ,                ,  101,                    ,                              ,14,0,20181224 13:46:49,    0,         0,         7,65535,65535, 9999,2,                ,0000000,0, 0,         0,    0,0000000000000000000000000000000000000000,0000000000000000000000000000000000000000,         0,         0,         0,         0,1, 0, 0, 0,1851                          ,    0,         7,0,20181224 13:46:42,1032                          ,  101, 9999,  101,  101,    0,     0,     0
 ED5.2,6398080                       ,FS020                         ,ETB                 ,          ,                ,  101,                    ,                              , 4,2,20181224 13:49:16,    0,         0,        10,  120,   20,  101,2,                ,0000000,2, 0,         0,    0,0000000000000000000000000000000000000000,0000000000000000000000010000000000000000,         0,         0,         0,         0,1, 0, 0, 0,A800                          ,   11,         0,0,20181224 13:49:06,                              , 9999, 9999, 9999, 9999,32767,     0,     0
 ED5.2,663122561841                  ,FS020                         ,ETB                 ,          ,                ,  101,                    ,                              , 4,2,20181224 13:52:11,    0,         0,        44,  120,   20,  101,2,                ,0000000,2, 1,         0,    0,0000000000000000000000000000000000000000,0000000000000000000000010000000000000000,         0,         0,         0,         0,1, 0, 0, 0,A800                          ,   45,         0,1,20181224 13:51:27,                              , 9999, 9999, 9999, 9999,32767,     0,     0
 ED5.2,663163277818                  ,FS065                         ,Fidu-Cali           ,          ,                ,  101,                    ,                              , 4,2,20181224 13:52:39,    0,         0,        27,  303,   65,  101,2,                ,0000000,3, 0,         0,    0,0000000000000000000000000000000000000000,0000000000000000000000010000000000000000,         0,         0,         0,         0,1, 0, 0, 0,A600                          ,   28,         0,1,20181224 13:52:12,                              , 9999, 9999, 9999, 9999,32767,     0,     0
 ED5.2,1851                          ,1430                          ,                    ,1356      ,                ,  101,                    ,                              ,14,0,20181224 13:53:06,    0,         0,        17,65535,65535, 9999,2,                ,0000000,0, 0,         0,    0,0000000000000000000000000000000000000000,0000000000000000000000000000000000000000,         0,         0,         0,         0,1, 0, 0, 0,1851                          ,    0,        17,0,20181224 13:52:49,1430                          ,  101, 9999,  101,  101,    0,     0,     0
 ED5.2,663122561841                  ,FS020                         ,ETB                 ,          ,                ,  101,                    ,                              , 4,2,20181224 13:53:18,    0,         0,        56,  120,   20,  101,2,                ,0000000,2, 1,         0,    0,0000000000000000000000000000000000000000,0000000000000000000000010000000000000000,         0,         0,         0,         0,1, 0, 0, 0,A800                          ,   56,         0,1,20181224 13:52:22,                              , 9999, 9999, 9999, 9999,32767,     0,     0
 ED5.2,663122561841                  ,1340                          ,RECEPCION MORATO    ,1635      ,                ,  101,                    ,                              , 4,2,20181224 13:56:07,    0,         0,       157,  120,   20,  101,2,                ,0000000,2, 0,         0,    0,0000000000000000000000000000000000000000,0000000000000000000000010000000000000000,         0,         0,         0,         0,1, 0, 0, 0,A800                          ,  158,         0,1,20181224 13:53:30,                              , 9999, 9999, 9999, 9999,32767,     0,     0
 ED5.2,663163277818                  ,FS065                         ,Fidu-Cali           ,          ,                ,  101,                    ,                              , 4,2,20181224 13:56:13,    0,         0,        26,  304,   65,  101,2,                ,0000000,3, 0,         0,    0,0000000000000000000000000000000000000000,0000000000000000000000010000000000000000,         0,         0,         0,         0,1, 0, 0, 0,A600                          ,   27,         0,1,20181224 13:55:47,                              , 9999, 9999, 9999, 9999,32767,     0,     0
 ED5.2,663122561841                  ,FS020                         ,ETB                 ,          ,                ,  101,                    ,                              , 4,2,20181224 13:57:18,    0,         0,        44,  120,   20,  101,2,                ,0000000,2, 1,         0,    0,0000000000000000000000000000000000000000,0000000000000000000000010000000000000000,         0,         0,         0,         0,1, 0, 0, 0,A800                          ,   44,         0,1,20181224 13:56:34,                              , 9999, 9999, 9999, 9999,32767,     0,     0
 ED5.2,663163277818                  ,5100                          ,RECEPCION BQUILL    ,3635      ,                ,  101,                    ,                              , 4,2,20181224 13:58:07,    0,         0,        74,10865,   82,  101,2,                ,0000000,2, 0,         0,    0,0000000000000000000000000000000000000000,0000000000000000000000010000000000000000,         0,         0,         0,         0,1, 0, 0, 0,A900                          ,   75,         0,1,20181224 13:56:53,                              , 9999, 9999, 9999, 9999,32767,     0,     0
 ED5.2,2492453                       ,1859                          ,DIANA MAYRED VAS    ,1154      ,                ,  101,                    ,                              , 4,2,20181224 13:59:19,    0,         0,       112,  120,   20,  101,2,                ,0000000,3, 0,         0,    0,0000000000000000000000000000000000000000,0000000000000000000000010000000000000000,         0,         0,         0,         0,1, 0, 0, 0,A800                          ,  113,         0,1,20181224 13:57:27,                              , 9999, 9999, 9999, 9999,32767,     0,     0
 ED5.2,663163277818                  ,5136                          ,RECEPCION 3 BQUI    ,3635      ,                ,  101,                    ,                              , 4,2,20181224 14:00:07,    0,         0,        65,10865,   82,  101,2,                ,0000000,2, 0,         0,    0,0000000000000000000000000000000000000000,0000000000000000000000010000000000000000,         0,         0,         0,         0,1, 0, 0, 0,A900                          ,   65,         0,1,20181224 13:59:02,                              , 9999, 9999, 9999, 9999,32767,     0,     0
