 ED5.2,------------------------------,******************************,                    ,**********,                ,  101,                    ,******************************, 4,2,20181112 10:18:50,    0,         0,        74, 2815,   82,  101,2,                ,0000000,2, 0,         0,    0,0000000000000000000000000000000000000000,0000000000000000000000010000000000000000,         0,         0,         0,         0,1, 0, 0, 0,------------------------------,   37,        37,1,20181112 10:17:36,******************************, 9999, 9999, 9999, 9999,32767,     0,     0
 ED5.2,------------------------------,******************************,                    ,**********,                ,  101,                    ,******************************, 4,2,20181112 10:20:51,    0,         0,        57, 2815,   82,  101,2,                ,0000000,2, 0,         0,    0,0000000000000000000000000000000000000000,0000000000000000000000010000000000000000,         0,         0,         0,         0,1, 0, 0, 0,------------------------------,   38,        19,1,20181112 10:19:54,******************************, 9999, 9999, 9999, 9999,32767,     0,     0
 ED5.2,1532                          ,1736                          ,                    ,1635      ,                ,  101,                    ,                              ,14,0,20181112 10:30:00,    0,         0,         8,65535,65535, 9999,2,                ,0000000,0, 0,         0,    0,0000000000000000000000000000000000000000,0000000000000000000000000000000000000000,         0,         0,         0,         0,1, 0, 0, 0,1532                          ,    0,         8,0,20181112 10:29:52,1736                          ,  101, 9999,  101,  101,    0,     0,     0
 ED5.2,6604869                       ,1532                          ,ESTEPHANIA CARO     ,1632      ,                ,  101,                    ,                              , 0,2,20181112 10:38:54,    0,         0,         0, 1951,   11,  101,2,                ,0010000,2, 1,         0,    0,1000000000000000000000000000000000000000,0000000000000000000000010000000000001000,         0,         0,         0,         0,1, 0, 0, 0,6604869                       ,    0,         0,0,20181112 10:38:54,1532                          , 9999, 9999, 9999,  101,32767,     0,     0
 ED5.2,6604869                       ,1532                          ,ESTEPHANIA CARO     ,1632      ,                ,  101,                    ,                              , 0,2,20181112 10:40:03,    0,         0,        40,  120,   20,  101,2,                ,0010000,2, 1,         0,    0,1000000000000000000000000000000000000000,0000000000000000000000010000000000001000,         0,         0,         0,         0,1, 0, 0, 0,6604869                       ,    0,         0,0,20181112 10:39:23,1532                          , 9999, 9999, 9999,  101,32767,     0,     0
 ED5.2,0515160500                    ,2009                          ,RECEPCION CA CAL    ,4635      ,                ,  101,                    ,                              , 4,2,20181112 10:47:42,    0,         0,       430,  306,   65,  101,2,                ,0000000,3, 0,         0,    0,0000000000000000000000000000000000000000,0000000000000000000000010000000000000000,         0,         0,         0,         0,1, 0, 0, 0,A600                          ,  431,         0,1,20181112 10:40:32,                              , 9999, 9999, 9999, 9999,32767,     0,     0
 ED5.2,6604869                       ,1304                          ,ANDRES FELIP YAG    ,1632      ,                ,  101,                    ,                              , 0,2,20181112 10:48:40,    0,         0,         0, 1951,   11,  101,2,                ,0010000,2, 1,         0,    0,1000000000000000000000000000000000000000,0000000000000000000000010000000000001000,         0,         0,         0,         0,1, 0, 0, 0,6604869                       ,    0,         0,0,20181112 10:48:40,1304                          , 9999, 9999, 9999,  101,32767,     0,     0
 ED5.2,6604869                       ,1371                          ,FABIAN RICAR QUI    ,1632      ,                ,  101,                    ,                              , 0,2,20181112 10:51:42,    0,         0,       143, 1951,   11,  101,2,                ,0010000,2, 1,         0,    0,1000000000000000000000000000000000000000,0000000000000000000000010000000000001000,         0,         0,         0,         0,1, 0, 0, 0,6604869                       ,    0,         0,0,20181112 10:49:19,1371                          , 9999, 9999, 9999,  101,32767,     0,     0
 ED5.2,7462374                       ,1340                          ,RECEPCION MORATO    ,1635      ,                ,  101,                    ,                              , 4,2,20181112 10:52:14,    0,         0,       203,  120,   20,  101,2,                ,0000000,3, 0,         0,    0,0000000000000000000000000000000000000000,0000000000000000000000010000000000000000,         0,         0,         0,         0,1, 0, 0, 0,A800                          ,  204,         0,1,20181112 10:48:51,                              , 9999, 9999, 9999, 9999,32767,     0,     0
 ED5.2,6604869                       ,1532                          ,ESTEPHANIA CARO     ,1632      ,                ,  101,                    ,                              , 0,2,20181112 10:55:30,    0,         0,         0, 1951,   11,  101,2,                ,0010000,2, 1,         0,    0,1000000000000000000000000000000000000000,0000000000000000000000010000000000001000,         0,         0,         0,         0,1, 0, 0, 0,6604869                       ,    0,         0,0,20181112 10:55:30,1532                          , 9999, 9999, 9999,  101,32767,     0,     0
 ED5.2,6604869                       ,1532                          ,ESTEPHANIA CARO     ,1632      ,                ,  101,                    ,                              , 0,2,20181112 10:58:21,    0,         0,       134,  120,   20,  101,2,                ,0010000,2, 1,         0,    0,1000000000000000000000000000000000000000,0000000000000000000000010000000000001000,         0,         0,         0,         0,1, 0, 0, 0,6604869                       ,    0,         0,0,20181112 10:56:07,1532                          , 9999, 9999, 9999,  101,32767,     0,     0
 ED5.2,0515160500                    ,2009                          ,RECEPCION CA CAL    ,4635      ,                ,  101,                    ,                              , 4,2,20181112 10:58:45,    0,         0,       117,  307,   65,  101,2,                ,0000000,3, 0,         0,    0,0000000000000000000000000000000000000000,0000000000000000000000010000000000000000,         0,         0,         0,         0,1, 0, 0, 0,A600                          ,  118,         0,1,20181112 10:56:48,                              , 9999, 9999, 9999, 9999,32767,     0,     0
 ED5.2,                              ,FS084                         ,valoremani          ,          ,                ,  101,                    ,                              , 4,1,20181112 11:26:15,    0,         0,        11,  410,   84,  101,2,                ,0000000,0, 0,         0,    0,0000000000000000000000000000000000000000,0000000000000000000000010000000000000000,         0,         0,         0,         0,1, 0, 0, 0,                              ,   12,         0,1,20181112 11:26:04,                              , 9999, 9999, 9999, 9999,32767,     0,     0
