 ED5.2,1043                          ,1129                          ,                    ,1632      ,                ,  101,                    ,                              ,14,0,20190115 21:08:59,    0,         0,         0,65535,65535, 9999,2,                ,0000000,0, 0,         0,    0,0000000000000000000000000000000000000000,0000000000000000000000000000000000000000,         0,         0,         0,         0,1, 0, 0, 0,1357                          ,    0,         0,1,20190115 21:08:59,1129                          ,  101, 9999,  101,  101,    0,     0,     0
 ED5.2,1832                          ,1671                          ,                    ,1633      ,                ,  101,                    ,                              ,14,0,20190115 21:10:18,    0,         0,       175,65535,65535, 9999,2,                ,0000000,0, 0,         0,    0,0000000000000000000000000000000000000000,0000000000000000000000000000000000000000,         0,         0,         0,         0,1, 0, 0, 0,1832                          ,    0,       175,0,20190115 21:07:23,1671                          ,  101, 9999,  101,  101,    0,     0,     0
 ED5.2,3157206655                    ,1380                          ,JORGE EDUARD GON    ,1952      ,                ,  101,                    ,                              , 0,1,20190115 21:11:48,    0,         0,        80,  377,   21,  101,2,                ,0010000,0, 0,         0,    0,0000000000000000000000000000000000000000,0000000000000000000000010000000000001000,         0,         0,         0,         0,1, 0, 0, 0,033157206655                  ,    0,         0,0,20190115 21:10:28,1380                          , 9999, 9999, 9999,  101,32767,     0,     0
 ED5.2,663045833243                  ,3191                          ,ANDRES CUARTAS      ,1089      ,                ,  101,                    ,                              , 4,2,20190115 21:12:18,    0,         0,        38,10866,   82,  101,2,                ,0000000,2, 0,         0,    0,1000000000000000000000000000000000000000,0000000000000000000000010000000000000000,         0,         0,         0,         0,1, 0, 0, 0,7641                          ,   38,         0,1,20190115 21:11:40,                              , 9999, 9999, 9999, 9999,32767,     0,     0
 ED5.2,3243                          ,1038                          ,                    ,1632      ,                ,  101,                    ,                              ,14,0,20190115 21:13:57,    0,         0,        13,65535,65535, 9999,2,                ,0000000,0, 0,         0,    0,0000000000000000000000000000000000000000,0000000000000000000000000000000000000000,         0,         0,         0,         0,1, 0, 0, 0,3243                          ,    0,        13,0,20190115 21:13:44,1038                          ,  101, 9999,  101,  101,    0,     0,     0
 ED5.2,1357                          ,1129                          ,                    ,1632      ,                ,  101,                    ,                              ,14,0,20190115 21:14:08,    0,         0,        58,65535,65535, 9999,2,                ,0000000,0, 0,         0,    0,0000000000000000000000000000000000000000,0000000000000000000000000000000000000000,         0,         0,         0,         0,1, 0, 0, 0,1357                          ,    0,        58,0,20190115 21:13:10,1129                          ,  101, 9999,  101,  101,    0,     0,     0
 ED5.2,1832                          ,1736                          ,                    ,1635      ,                ,  101,                    ,                              ,14,0,20190115 21:18:30,    0,         0,        57,65535,65535, 9999,2,                ,0000000,0, 0,         0,    0,0000000000000000000000000000000000000000,0000000000000000000000000000000000000000,         0,         0,         0,         0,1, 0, 0, 0,1832                          ,    0,        57,0,20190115 21:17:33,1736                          ,  101, 9999,  101,  101,    0,     0,     0
 ED5.2,3005973008                    ,4017                          ,JUAN FERNAND SOL    ,2843      ,                ,  101,                    ,                              , 0,2,20190115 21:20:25,    0,         0,        85,10349,   66,  101,2,                ,0010000,2, 1,         0,    0,1000000000000000000000000000000000000000,0000000000000000000000010000000000001000,         0,         0,         0,         0,1, 0, 0, 0,033005973008                  ,    0,         0,0,20190115 21:19:00,4017                          , 9999, 9999, 9999,  101,32767,     0,     0
 ED5.2,3024482969                    ,1380                          ,JORGE EDUARD GON    ,1952      ,                ,  101,                    ,                              , 0,1,20190115 21:22:05,    0,         0,        20,  378,   21,  101,2,                ,0010000,0, 0,         0,    0,0000000000000000000000000000000000000000,0000000000000000000000010000000000001000,         0,         0,         0,         0,1, 0, 0, 0,033024482969                  ,    0,         0,0,20190115 21:21:45,1380                          , 9999, 9999, 9999,  101,32767,     0,     0
 ED5.2,1402                          ,1406                          ,                    ,1952      ,                ,  101,                    ,                              ,14,0,20190115 21:23:39,    0,         0,         0,65535,65535, 9999,2,                ,0000000,0, 0,         0,    0,0000000000000000000000000000000000000000,0000000000000000000000000000000000000000,         0,         0,         0,         0,1, 0, 0, 0,1402                          ,    0,         0,0,20190115 21:23:39,1406                          ,  101, 9999,  101,  101,    0,     0,     0
 ED5.2,6956167                       ,3328                          ,CARLOS ANDRE JIM    ,1466      ,                ,  101,                    ,                              , 4,2,20190115 21:24:24,    0,         0,        33,10866,   82,  101,2,                ,0000000,2, 0,         0,    0,0000000000000000000000000000000000000000,0000000000000000000000010000000000000000,         0,         0,         0,         0,1, 0, 0, 0,A500                          ,   33,         0,0,20190115 21:23:51,                              , 9999, 9999, 9999, 9999,32767,     0,     0
 ED5.2,3157927664                    ,1323                          ,YINETH ARIAN MAN    ,1952      ,                ,  101,                    ,                              , 0,1,20190115 21:28:03,    0,         0,        16,  378,   21,  101,2,                ,0010000,0, 0,         0,    0,0000000000000000000000000000000000000000,0000000000000000000000010000000000001000,         0,         0,         0,         0,1, 0, 0, 0,033157927664                  ,    0,         0,0,20190115 21:27:47,1323                          , 9999, 9999, 9999,  101,32767,     0,     0
 ED5.2,3004332518                    ,1380                          ,JORGE EDUARD GON    ,1952      ,                ,  101,                    ,                              , 0,1,20190115 21:28:31,    0,         0,        36,  377,   21,  101,2,                ,0010000,0, 0,         0,    0,0000000000000000000000000000000000000000,0000000000000000000000010000000000001000,         0,         0,         0,         0,1, 0, 0, 0,033004332518                  ,    0,         0,0,20190115 21:27:55,1380                          , 9999, 9999, 9999,  101,32767,     0,     0
 ED5.2,3157927664                    ,1323                          ,YINETH ARIAN MAN    ,1952      ,                ,  101,                    ,                              , 0,1,20190115 21:28:51,    0,         0,        15,  378,   21,  101,2,                ,0010000,0, 0,         0,    0,0000000000000000000000000000000000000000,0000000000000000000000010000000000001000,         0,         0,         0,         0,1, 0, 0, 0,033157927664                  ,    0,         0,0,20190115 21:28:36,1323                          , 9999, 9999, 9999,  101,32767,     0,     0
 ED5.2,6956167                       ,3228                          ,ALBA ROSA BOTERO    ,1979      ,                ,  101,                    ,                              , 4,2,20190115 21:28:58,    0,         0,        99,10866,   82,  101,2,                ,0000000,2, 0,         0,    0,0000000000000000000000000000000000000000,0000000000000000000000010000000000000000,         0,         0,         0,         0,1, 0, 0, 0,A500                          ,   24,        76,0,20190115 21:27:19,                              , 9999, 9999, 9999, 9999,32767,     0,     0
 ED5.2,5361599                       ,1129                          ,ANGIE MILENA BEG    ,1632      ,                ,  101,                    ,                              , 0,2,20190115 21:31:51,    0,         0,        69,10001,   11,  101,2,                ,0010000,2, 1,         0,    0,1000000000000000000000000000000000000000,0000000000000000000000010000000000001000,         0,         0,         0,         0,1, 0, 0, 0,5361599                       ,    0,         0,0,20190115 21:30:42,1129                          , 9999, 9999, 9999,  101,32767,     0,     0
 ED5.2,1452                          ,1222                          ,                    ,1632      ,                ,  101,                    ,                              ,14,0,20190115 21:35:12,    0,         0,        66,65535,65535, 9999,2,                ,0000000,0, 0,         0,    0,0000000000000000000000000000000000000000,0000000000000000000000000000000000000000,         0,         0,         0,         0,1, 0, 0, 0,1452                          ,    0,        66,0,20190115 21:34:06,1222                          ,  101, 9999,  101,  101,    0,     0,     0
 ED5.2,663045833243                  ,3191                          ,ANDRES CUARTAS      ,1089      ,                ,  101,                    ,                              , 4,2,20190115 21:35:52,    0,         0,        59,10866,   82,  101,2,                ,0000000,2, 0,         0,    0,0000000000000000000000000000000000000000,0000000000000000000000010000000000000000,         0,         0,         0,         0,1, 0, 0, 0,7641                          ,   59,         0,1,20190115 21:34:53,                              , 9999, 9999, 9999, 9999,32767,     0,     0
 ED5.2,7777                          ,1238                          ,                    ,1949      ,                ,  101,                    ,                              , 3,0,20190115 21:37:09,    0,         0,         0,65535,65535, 9999,2,                ,0000000,0, 0,         0,    0,0000000000000000000000000000000000000000,0000000000000000000000000000000000000000,         0,         0,         0,         0,1, 0, 0, 0,7777                          ,    0,         0,0,20190115 21:37:09,1238                          ,  101, 9999,  101,  101,    0,     0,     0
 ED5.2,8107640                       ,1140                          ,OSIRIS  GOYENECH    ,1911      ,                ,  101,                    ,                              , 0,2,20190115 21:39:39,    0,         0,        99,10002,   11,  101,2,                ,0010000,2, 1,         0,    0,1000000000000000000000000000000000000000,0000000000000000000000010000000000001000,         0,         0,         0,         0,1, 0, 0, 0,8107640                       ,    0,         0,0,20190115 21:38:00,1140                          , 9999, 9999, 9999,  101,32767,     0,     0
 ED5.2,663229469091                  ,FS020                         ,ETB                 ,          ,                ,  101,                    ,                              , 4,2,20190115 21:41:25,    0,         0,         5,  120,   20,  101,2,                ,0000000,2, 1,         0,    0,0000000000000000000000000000000000000000,0000000000000000000000010000000000000000,         0,         0,         0,         0,1, 0, 0, 0,A800                          ,    5,         0,0,20190115 21:41:20,                              , 9999, 9999, 9999, 9999,32767,     0,     0
 ED5.2,1024                          ,1213                          ,                    ,1911      ,                ,  101,                    ,                              ,14,0,20190115 21:44:49,    0,         0,       287,65535,65535, 9999,2,                ,0000000,0, 0,         0,    0,0000000000000000000000000000000000000000,0000000000000000000000000000000000000000,         0,         0,         0,         0,1, 0, 0, 0,1024                          ,    0,       287,0,20190115 21:40:02,1213                          ,  101, 9999,  101,  101,    0,     0,     0
 ED5.2,7490999                       ,FS082                         ,SIPsalida           ,          ,                ,  101,                    ,                              , 4,2,20190115 21:47:24,    0,         0,         4,10866,   82,  101,2,                ,0000000,2, 0,         0,    0,0000000000000000000000000000000000000000,0000000000000000000000010000000000000000,         0,         0,         0,         0,1, 0, 0, 0,A500                          ,    4,         0,0,20190115 21:47:20,                              , 9999, 9999, 9999, 9999,32767,     0,     0
 ED5.2,2538534                       ,4017                          ,JUAN FERNAND SOL    ,2843      ,                ,  101,                    ,                              , 0,2,20190115 21:47:35,    0,         0,       110,10445,   15,  101,2,                ,0010000,2, 1,         0,    0,1000000000000000000000000000000000000000,0000000000000000000000010000000000001000,         0,         0,         0,         0,1, 0, 0, 0,2538534                       ,    0,         0,0,20190115 21:45:45,4017                          , 9999, 9999, 9999,  101,32767,     0,     0
 ED5.2,1053                          ,1297                          ,                    ,1318      ,                ,  101,                    ,                              ,14,0,20190115 21:50:01,    0,         0,         0,65535,65535, 9999,2,                ,0000000,0, 0,         0,    0,0000000000000000000000000000000000000000,0000000000000000000000000000000000000000,         0,         0,         0,         0,1, 0, 0, 0,1053                          ,    0,         0,0,20190115 21:50:01,1297                          ,  101, 9999,  101,  101,    0,     0,     0
 ED5.2,3252                          ,1297                          ,                    ,1318      ,                ,  101,                    ,                              ,14,0,20190115 21:50:03,    0,         0,         0,65535,65535, 9999,2,                ,0000000,0, 0,         0,    0,0000000000000000000000000000000000000000,0000000000000000000000000000000000000000,         0,         0,         0,         0,1, 0, 0, 0,1053                          ,    0,         0,1,20190115 21:50:03,1297                          ,  101, 9999,  101,  101,    0,     0,     0
 ED5.2,8143666                       ,1737                          ,RECEPCION TO ALI    ,1635      ,                ,  101,                    ,                              , 0,2,20190115 21:56:57,    0,         0,      4143,10865,   82,  101,2,                ,0010000,2, 1,         0,    0,1000000000000000000000000000000000000000,0000000000000000000000010000000000001000,         0,         0,         0,         0,1, 0, 0, 0,8143666                       ,    0,         0,0,20190115 20:47:54,1737                          , 9999, 9999, 9999,  101,32767,     0,     0
 ED5.2,3133479625                    ,3104                          ,VIVIANA ANDR MAR    ,1979      ,                ,  101,                    ,                              , 0,1,20190115 21:57:44,    0,         0,        27,  377,   21,  101,2,                ,0010000,0, 0,         0,    0,0000000000000000000000000000000000000000,0000000000000000000000010000000000001000,         0,         0,         0,         0,1, 0, 0, 0,033133479625                  ,    0,         0,0,20190115 21:57:17,3104                          , 9999, 9999, 9999,  101,32767,     0,     0
 ED5.2,3505476936                    ,1323                          ,YINETH ARIAN MAN    ,1952      ,                ,  101,                    ,                              , 0,1,20190115 21:59:54,    0,         0,        32,  378,   21,  101,2,                ,0010000,0, 0,         0,    0,0000000000000000000000000000000000000000,0000000000000000000000010000000000001000,         0,         0,         0,         0,1, 0, 0, 0,033505476936                  ,    0,         0,0,20190115 21:59:22,1323                          , 9999, 9999, 9999,  101,32767,     0,     0
 ED5.2,4748621                       ,1737                          ,RECEPCION TO ALI    ,1635      ,                ,  101,                    ,                              , 0,2,20190115 22:00:00,    0,         0,         0,10865,   82,  101,2,                ,0010000,2, 1,         0,    0,1000000000000000000000000000000000000000,0000000000000000000000010000000000001000,         0,         0,         0,         0,1, 0, 0, 0,4748621                       ,    0,         0,0,20190115 22:00:00,1737                          , 9999, 9999, 9999,  101,32767,     0,     0
