 ED5.2,3133                          ,1165                          ,                    ,1952      ,                ,  101,                    ,                              ,14,0,20181126 06:14:19,    0,         0,         0,65535,65535, 9999,2,                ,0000000,0, 0,         0,    0,0000000000000000000000000000000000000000,0000000000000000000000000000000000000000,         0,         0,         0,         0,1, 0, 0, 0,3133                          ,    0,         0,0,20181126 06:14:19,1165                          ,  101, 9999,  101,  101,    0,     0,     0
 ED5.2,7468120                       ,1520                          ,JULIANA IZQUIERD    ,1949      ,                ,  101,                    ,                              , 0,2,20181126 06:14:33,    0,         0,        22, 1951,   11,  101,2,                ,0010000,2, 1,         0,    0,1000000000000000000000000000000000000000,0000000000000000000000010000000000001000,         0,         0,         0,         0,1, 0, 0, 0,7468120                       ,    0,         0,0,20181126 06:14:11,1520                          , 9999, 9999, 9999,  101,32767,     0,     0
 ED5.2,2158374                       ,FS020                         ,ETB                 ,          ,                ,  101,                    ,                              , 4,2,20181126 06:20:00,    0,         0,         4,  120,   20,  101,2,                ,0000000,3, 0,         0,    0,0000000000000000000000000000000000000000,0000000000000000000000010000000000000000,         0,         0,         0,         0,1, 0, 0, 0,A800                          ,    4,         0,0,20181126 06:19:56,                              , 9999, 9999, 9999, 9999,32767,     0,     0
 ED5.2,7777                          ,1733                          ,                    ,1945      ,                ,  101,                    ,                              , 3,0,20181126 06:29:44,    0,         0,         0,65535,65535, 9999,2,                ,0000000,0, 0,         0,    0,0000000000000000000000000000000000000000,0000000000000000000000000000000000000000,         0,         0,         0,         0,1, 0, 0, 0,7777                          ,    0,         0,0,20181126 06:29:44,1733                          ,  101, 9999,  101,  101,    0,     0,     0
 ED5.2,1261                          ,4002                          ,                    ,2843      ,                ,  101,                    ,                              ,14,0,20181126 06:42:56,    0,         0,         0,65535,65535, 9999,2,                ,0000000,0, 0,         0,    0,0000000000000000000000000000000000000000,0000000000000000000000000000000000000000,         0,         0,         0,         0,1, 0, 0, 0,1261                          ,    0,         0,0,20181126 06:42:56,4002                          ,  101, 9999,  101,  101,    0,     0,     0
 ED5.2,1140                          ,4022                          ,                    ,2843      ,                ,  101,                    ,                              ,14,0,20181126 06:44:03,    0,         0,         0,65535,65535, 9999,2,                ,0000000,0, 0,         0,    0,0000000000000000000000000000000000000000,0000000000000000000000000000000000000000,         0,         0,         0,         0,1, 0, 0, 0,1140                          ,    0,         0,0,20181126 06:44:03,4022                          ,  101, 9999,  101,  101,    0,     0,     0
 ED5.2,09330                         ,1340                          ,RECEPCION MORATO    ,1635      ,                ,  101,                    ,                              , 4,2,20181126 06:44:53,    0,         0,       290,  120,   20,  101,2,                ,0000000,3, 0,         0,    0,0000000000000000000000000000000000000000,0000000000000000000000010000000000000000,         0,         0,         0,         0,1, 0, 0, 0,A800                          ,  289,         1,1,20181126 06:40:03,                              , 9999, 9999, 9999, 9999,32767,     0,     0
 ED5.2,1537                          ,1123                          ,                    ,1952      ,                ,  101,                    ,                              ,14,0,20181126 06:45:41,    0,         0,        14,65535,65535, 9999,2,                ,0000000,0, 0,         0,    0,0000000000000000000000000000000000000000,0000000000000000000000000000000000000000,         0,         0,         0,         0,1, 0, 0, 0,1537                          ,    0,        14,0,20181126 06:45:27,1123                          ,  101, 9999,  101,  101,    0,     0,     0
 ED5.2,4435373                       ,2042                          ,ERIKA ANDREA TRU    ,4425      ,                ,  101,                    ,                              , 0,2,20181126 06:46:41,    0,         0,        14,  322,   65,  101,2,                ,0010000,2, 1,         0,    0,1000000000000000000000000000000000000000,0000000000000000000000010000000000001000,         0,         0,         0,         0,1, 0, 0, 0,4435373                       ,    0,         0,0,20181126 06:46:27,2042                          , 9999, 9999, 9999,  101,32767,     0,     0
 ED5.2,3814500                       ,FS020                         ,ETB                 ,          ,                ,  101,                    ,                              , 4,2,20181126 06:49:34,    0,         0,         3,  120,   20,  101,2,                ,0000000,2, 0,         0,    0,0000000000000000000000000000000000000000,0000000000000000000000010000000000000000,         0,         0,         0,         0,1, 0, 0, 0,A800                          ,    3,         0,0,20181126 06:49:31,                              , 9999, 9999, 9999, 9999,32767,     0,     0
 ED5.2,1537                          ,1123                          ,                    ,1952      ,                ,  101,                    ,                              ,14,0,20181126 06:50:14,    0,         0,        11,65535,65535, 9999,2,                ,0000000,0, 0,         0,    0,0000000000000000000000000000000000000000,0000000000000000000000000000000000000000,         0,         0,         0,         0,1, 0, 0, 0,1537                          ,    0,        11,0,20181126 06:50:03,1123                          ,  101, 9999,  101,  101,    0,     0,     0
 ED5.2,7777                          ,1733                          ,                    ,1945      ,                ,  101,                    ,                              , 3,0,20181126 06:50:22,    0,         0,         0,65535,65535, 9999,2,                ,0000000,0, 0,         0,    0,0000000000000000000000000000000000000000,0000000000000000000000000000000000000000,         0,         0,         0,         0,1, 0, 0, 0,7777                          ,    0,         0,0,20181126 06:50:22,1733                          ,  101, 9999,  101,  101,    0,     0,     0
 ED5.2,7500500                       ,4819                          ,                    ,          ,                ,  101,                    ,                              , 7,2,20181126 06:51:44,    0,         0,         5, 2815,   82,  101,2,                ,0010000,2, 1,         0,    0,1000000000000000000000000000000000000000,0000000000000000000000010000000000001000,         0,         0,         0,         0,1, 0, 0, 0,7500500                       ,    0,         0,0,20181126 06:51:39,                              , 9999, 9999, 9999, 9999,32767,     0,     0
 ED5.2,B3214649                      ,FS200                         ,SIP MED VL          ,          ,                ,  101,                    ,                              ,13,0,20181126 06:52:10,    0,         0,       146, 3187,  200,  101,2,                ,0000000,2, 1,         0,    0,0000000000000000000000000000000000000000,0000000000000000000000010000000000000000,         0,         0,         0,         0,1, 0, 0, 0,7764                          ,    7,       140,0,20181126 06:49:44,                              , 9999, 9999, 9999, 9999,32767,     0,     0
 ED5.2,7500500                       ,5001                          ,5001                ,          ,                ,  101,                    ,                              , 7,2,20181126 06:52:30,    0,         0,         4, 2815,   82,  101,2,                ,0010000,2, 1,         0,    0,1000000000000000000000000000000000000000,0000000000000000000000010000000000001000,         0,         0,         0,         0,1, 0, 0, 0,7500500                       ,    0,         0,0,20181126 06:52:26,                              , 9999, 9999, 9999, 9999,32767,     0,     0
 ED5.2,7777                          ,1733                          ,                    ,1945      ,                ,  101,                    ,                              , 3,0,20181126 06:57:48,    0,         0,         0,65535,65535, 9999,2,                ,0000000,0, 0,         0,    0,0000000000000000000000000000000000000000,0000000000000000000000000000000000000000,         0,         0,         0,         0,1, 0, 0, 0,7777                          ,    0,         0,0,20181126 06:57:48,1733                          ,  101, 9999,  101,  101,    0,     0,     0
 ED5.2,3556840                       ,3204                          ,JUAN CAMILO SERN    ,1091      ,                ,  101,                    ,                              , 4,2,20181126 06:57:50,    0,         0,        45, 2815,   82,  101,2,                ,0000000,2, 0,         0,    0,0000000000000000000000000000000000000000,0000000000000000000000010000000000000000,         0,         0,         0,         0,1, 0, 0, 0,7645                          ,   45,         0,1,20181126 06:57:05,                              , 9999, 9999, 9999, 9999,32767,     0,     0
 ED5.2,1408                          ,3408                          ,                    ,1672      ,                ,  101,                    ,                              ,14,0,20181126 07:01:14,    0,         0,         0,65535,65535, 9999,2,                ,0000000,0, 0,         0,    0,0000000000000000000000000000000000000000,0000000000000000000000000000000000000000,         0,         0,         0,         0,1, 0, 0, 0,1408                          ,    0,         0,0,20181126 07:01:14,3408                          ,  101, 9999,  101,  101,    0,     0,     0
