 ED5.2,1228                          ,1585                          ,                    ,1949      ,                ,  101,                    ,                              ,14,0,20181229 01:04:00,    0,         0,         0,65535,65535, 9999,2,                ,0000000,0, 0,         0,    0,0000000000000000000000000000000000000000,0000000000000000000000000000000000000000,         0,         0,         0,         0,1, 0, 0, 0,1228                          ,    0,         0,0,20181229 01:04:00,1585                          ,  101, 9999,  101,  101,    0,     0,     0
 ED5.2,1005                          ,1022                          ,                    ,1638      ,                ,  101,                    ,                              ,14,0,20181229 01:04:07,    0,         0,       353,65535,65535, 9999,2,                ,0000000,0, 0,         0,    0,0000000000000000000000000000000000000000,0000000000000000000000000000000000000000,         0,         0,         0,         0,1, 0, 0, 0,1005                          ,    0,       353,0,20181229 00:58:14,1022                          ,  101, 9999,  101,  101,    0,     0,     0
 ED5.2,1420                          ,1585                          ,                    ,1949      ,                ,  101,                    ,                              ,14,0,20181229 01:04:14,    0,         0,         0,65535,65535, 9999,2,                ,0000000,0, 0,         0,    0,0000000000000000000000000000000000000000,0000000000000000000000000000000000000000,         0,         0,         0,         0,1, 0, 0, 0,1228                          ,    0,         0,1,20181229 01:04:14,1585                          ,  101, 9999,  101,  101,    0,     0,     0
 ED5.2,1228                          ,1585                          ,                    ,1949      ,                ,  101,                    ,                              ,14,0,20181229 01:04:23,    0,         0,         0,65535,65535, 9999,2,                ,0000000,0, 0,         0,    0,0000000000000000000000000000000000000000,0000000000000000000000000000000000000000,         0,         0,         0,         0,1, 0, 0, 0,1228                          ,    0,         0,0,20181229 01:04:23,1585                          ,  101, 9999,  101,  101,    0,     0,     0
 ED5.2,1065                          ,1049                          ,                    ,1638      ,                ,  101,                    ,                              ,14,0,20181229 01:05:18,    0,         0,        95,65535,65535, 9999,2,                ,0000000,0, 0,         0,    0,0000000000000000000000000000000000000000,0000000000000000000000000000000000000000,         0,         0,         0,         0,1, 0, 0, 0,1065                          ,    0,        95,0,20181229 01:03:43,1049                          ,  101, 9999,  101,  101,    0,     0,     0
 ED5.2,1362                          ,1822                          ,                    ,1632      ,                ,  101,                    ,                              ,14,0,20181229 01:09:31,    0,         0,       446,65535,65535, 9999,2,                ,0000000,0, 0,         0,    0,0000000000000000000000000000000000000000,0000000000000000000000000000000000000000,         0,         0,         0,         0,1, 0, 0, 0,1362                          ,    0,       446,0,20181229 01:02:05,1822                          ,  101, 9999,  101,  101,    0,     0,     0
 ED5.2,3243                          ,1339                          ,                    ,1945      ,                ,  101,                    ,                              ,14,0,20181229 01:10:47,    0,         0,         0,65535,65535, 9999,2,                ,0000000,0, 0,         0,    0,0000000000000000000000000000000000000000,0000000000000000000000000000000000000000,         0,         0,         0,         0,1, 0, 0, 0,3243                          ,    0,         0,0,20181229 01:10:47,1339                          ,  101, 9999,  101,  101,    0,     0,     0
 ED5.2,1467                          ,1468                          ,                    ,1638      ,                ,  101,                    ,                              ,14,0,20181229 01:14:18,    0,         0,       154,65535,65535, 9999,2,                ,0000000,0, 0,         0,    0,0000000000000000000000000000000000000000,0000000000000000000000000000000000000000,         0,         0,         0,         0,1, 0, 0, 0,1467                          ,    0,       154,0,20181229 01:11:44,1468                          ,  101, 9999,  101,  101,    0,     0,     0
 ED5.2,1427                          ,1468                          ,                    ,1638      ,                ,  101,                    ,                              ,14,0,20181229 01:15:26,    0,         0,         0,65535,65535, 9999,2,                ,0000000,0, 0,         0,    0,0000000000000000000000000000000000000000,0000000000000000000000000000000000000000,         0,         0,         0,         0,1, 0, 0, 0,1427                          ,    0,         0,0,20181229 01:15:26,1468                          ,  101, 9999,  101,  101,    0,     0,     0
 ED5.2,1027                          ,1468                          ,                    ,1638      ,                ,  101,                    ,                              ,14,0,20181229 01:15:27,    0,         0,         0,65535,65535, 9999,2,                ,0000000,0, 0,         0,    0,0000000000000000000000000000000000000000,0000000000000000000000000000000000000000,         0,         0,         0,         0,1, 0, 0, 0,1427                          ,    0,         0,1,20181229 01:15:27,1468                          ,  101, 9999,  101,  101,    0,     0,     0
 ED5.2,1027                          ,1827                          ,                    ,1638      ,                ,  101,                    ,                              ,14,0,20181229 01:32:29,    0,         0,        36,65535,65535, 9999,2,                ,0000000,0, 0,         0,    0,0000000000000000000000000000000000000000,0000000000000000000000000000000000000000,         0,         0,         0,         0,1, 0, 0, 0,1027                          ,    0,        36,0,20181229 01:31:53,1827                          ,  101, 9999,  101,  101,    0,     0,     0
 ED5.2,1466                          ,1024                          ,                    ,1638      ,                ,  101,                    ,                              ,14,0,20181229 01:35:36,    0,         0,       141,65535,65535, 9999,2,                ,0000000,0, 0,         0,    0,0000000000000000000000000000000000000000,0000000000000000000000000000000000000000,         0,         0,         0,         0,1, 0, 0, 0,1466                          ,    0,       141,0,20181229 01:33:15,1024                          ,  101, 9999,  101,  101,    0,     0,     0
 ED5.2,1228                          ,1585                          ,                    ,1949      ,                ,  101,                    ,                              ,14,0,20181229 01:36:11,    0,         0,        31,65535,65535, 9999,2,                ,0000000,0, 0,         0,    0,0000000000000000000000000000000000000000,0000000000000000000000000000000000000000,         0,         0,         0,         0,1, 0, 0, 0,1228                          ,    0,        31,0,20181229 01:35:40,1585                          ,  101, 9999,  101,  101,    0,     0,     0
 ED5.2,1032                          ,1351                          ,                    ,1949      ,                ,  101,                    ,                              ,14,0,20181229 01:36:57,    0,         0,        35,65535,65535, 9999,2,                ,0000000,0, 0,         0,    0,0000000000000000000000000000000000000000,0000000000000000000000000000000000000000,         0,         0,         0,         0,1, 0, 0, 0,1032                          ,    0,        35,0,20181229 01:36:22,1351                          ,  101, 9999,  101,  101,    0,     0,     0
 ED5.2,1394                          ,1027                          ,                    ,1638      ,                ,  101,                    ,                              ,14,0,20181229 01:38:49,    0,         0,        33,65535,65535, 9999,2,                ,0000000,0, 0,         0,    0,0000000000000000000000000000000000000000,0000000000000000000000000000000000000000,         0,         0,         0,         0,1, 0, 0, 0,1394                          ,    0,        33,0,20181229 01:38:16,1027                          ,  101, 9999,  101,  101,    0,     0,     0
 ED5.2,1005                          ,1022                          ,                    ,1638      ,                ,  101,                    ,                              ,14,0,20181229 01:39:08,    0,         0,       404,65535,65535, 9999,2,                ,0000000,0, 0,         0,    0,0000000000000000000000000000000000000000,0000000000000000000000000000000000000000,         0,         0,         0,         0,1, 0, 0, 0,1005                          ,    0,       404,0,20181229 01:32:24,1022                          ,  101, 9999,  101,  101,    0,     0,     0
 ED5.2,1024                          ,1213                          ,                    ,1911      ,                ,  101,                    ,                              ,14,0,20181229 01:43:39,    0,         0,        82,65535,65535, 9999,2,                ,0000000,0, 0,         0,    0,0000000000000000000000000000000000000000,0000000000000000000000000000000000000000,         0,         0,         0,         0,1, 0, 0, 0,1024                          ,    0,        82,0,20181229 01:42:17,1213                          ,  101, 9999,  101,  101,    0,     0,     0
 ED5.2,1585                          ,3327                          ,                    ,1949      ,                ,  101,                    ,                              ,14,0,20181229 01:44:09,    0,         0,       181,65535,65535, 9999,2,                ,0000000,0, 0,         0,    0,0000000000000000000000000000000000000000,0000000000000000000000000000000000000000,         0,         0,         0,         0,1, 0, 0, 0,1585                          ,    0,       181,0,20181229 01:41:08,3327                          ,  101, 9999,  101,  101,    0,     0,     0
 ED5.2,1022                          ,1468                          ,                    ,1638      ,                ,  101,                    ,                              ,14,0,20181229 01:45:22,    0,         0,         0,65535,65535, 9999,2,                ,0000000,0, 0,         0,    0,0000000000000000000000000000000000000000,0000000000000000000000000000000000000000,         0,         0,         0,         0,1, 0, 0, 0,1022                          ,    0,         0,0,20181229 01:45:22,1468                          ,  101, 9999,  101,  101,    0,     0,     0
