 ED5.2,7484601                       ,1677                          ,JAVIER ANDRE NIE    ,1632      ,                ,  101,                    ,                              , 0,2,20190131 20:01:59,    0,         0,         4,10001,   11,  101,2,                ,0010000,2, 1,         0,    0,1000000000000000000000000000000000000000,0000000000000000000000010000000000001000,         0,         0,         0,         0,1, 0, 0, 0,7484601                       ,    0,         0,0,20190131 20:01:55,1677                          , 9999, 9999, 9999,  101,32767,     0,     0
 ED5.2,2123505                       ,1347                          ,JAIDER DAVID ROD    ,1318      ,                ,  101,                    ,                              , 0,2,20190131 20:02:42,    0,         0,        15,10001,   11,  101,2,                ,0010000,2, 1,         0,    0,1000000000000000000000000000000000000000,0000000000000000000000010000000000001000,         0,         0,         0,         0,1, 0, 0, 0,2123505                       ,    0,         0,0,20190131 20:02:27,1347                          , 9999, 9999, 9999,  101,32767,     0,     0
 ED5.2,3128                          ,1298                          ,                    ,1356      ,                ,  101,                    ,                              ,14,0,20190131 20:02:43,    0,         0,         0,65535,65535, 9999,2,                ,0000000,0, 0,         0,    0,0000000000000000000000000000000000000000,0000000000000000000000000000000000000000,         0,         0,         0,         0,1, 0, 0, 0,3128                          ,    0,         0,0,20190131 20:02:43,1298                          ,  101, 9999,  101,  101,    0,     0,     0
 ED5.2,1553                          ,1252                          ,                    ,1215      ,                ,  101,                    ,                              ,14,0,20190131 20:03:01,    0,         0,        62,65535,65535, 9999,2,                ,0000000,0, 0,         0,    0,0000000000000000000000000000000000000000,0000000000000000000000000000000000000000,         0,         0,         0,         0,1, 0, 0, 0,1553                          ,    0,        62,0,20190131 20:01:59,1252                          ,  101, 9999,  101,  101,    0,     0,     0
 ED5.2,3048808                       ,1394                          ,CLARA YANETH MAN    ,1638      ,                ,  101,                    ,                              , 0,2,20190131 20:03:05,    0,         0,         0,10002,   11,  101,2,                ,0010000,2, 1,         0,    0,1000000000000000000000000000000000000000,0000000000000000000000010000000000001000,         0,         0,         0,         0,1, 0, 0, 0,3048808                       ,    0,         0,0,20190131 20:03:05,1394                          , 9999, 9999, 9999,  101,32767,     0,     0
 ED5.2,305122                        ,1145                          ,BIBIANA RODRIGUE    ,1949      ,                ,  101,                    ,                              , 4,2,20190131 20:05:09,    0,         0,        74,  121,   20,  101,2,                ,0000000,3, 0,         0,    0,0000000000000000000000000000000000000000,0000000000000000000000010000000000000000,         0,         0,         0,         0,1, 0, 0, 0,A800                          ,   75,         0,1,20190131 20:03:55,                              , 9999, 9999, 9999, 9999,32767,     0,     0
 ED5.2,1175                          ,1037                          ,                    ,1632      ,                ,  101,                    ,                              ,14,0,20190131 20:05:44,    0,         0,       139,65535,65535, 9999,2,                ,0000000,0, 0,         0,    0,0000000000000000000000000000000000000000,0000000000000000000000000000000000000000,         0,         0,         0,         0,1, 0, 0, 0,1175                          ,    0,       139,0,20190131 20:03:25,1037                          ,  101, 9999,  101,  101,    0,     0,     0
 ED5.2,------------------------------,******************************,                    ,**********,                ,  101,                    ,******************************, 4,2,20190131 20:06:00,    0,         0,        47,  329,   65,  101,2,                ,0000000,3, 0,         0,    0,0000000000000000000000000000000000000000,0000000000000000000000010000000000000000,         0,         0,         0,         0,1, 0, 0, 0,------------------------------,   43,         4,1,20190131 20:05:13,******************************, 9999, 9999, 9999, 9999,32767,     0,     0
 ED5.2,7436769                       ,FS020                         ,ETB                 ,          ,                ,  101,                    ,                              , 4,2,20190131 20:06:34,    0,         0,        12,  121,   20,  101,2,                ,0000000,3, 0,         0,    0,0000000000000000000000000000000000000000,0000000000000000000000010000000000000000,         0,         0,         0,         0,1, 0, 0, 0,A800                          ,   13,         0,0,20190131 20:06:22,                              , 9999, 9999, 9999, 9999,32767,     0,     0
 ED5.2,6604869                       ,1275                          ,COORDINADOR MESA    ,1949      ,                ,  101,                    ,                              , 0,2,20190131 20:06:34,    0,         0,       229,10866,   82,  101,2,                ,0010000,2, 1,         0,    0,1000000000000000000000000000000000000000,0000000000000000000000010000000000001000,         0,         0,         0,         0,1, 0, 0, 0,6604869                       ,    0,         0,0,20190131 20:02:45,1275                          , 9999, 9999, 9999,  101,32767,     0,     0
 ED5.2,1059                          ,1737                          ,                    ,1635      ,                ,  101,                    ,                              ,14,0,20190131 20:07:01,    0,         0,         6,65535,65535, 9999,2,                ,0000000,0, 0,         0,    0,0000000000000000000000000000000000000000,0000000000000000000000000000000000000000,         0,         0,         0,         0,1, 0, 0, 0,1059                          ,    0,         6,0,20190131 20:06:55,1737                          ,  101, 9999,  101,  101,    0,     0,     0
 ED5.2,1822                          ,1737                          ,                    ,1635      ,                ,  101,                    ,                              ,14,0,20190131 20:07:17,    0,         0,         5,65535,65535, 9999,2,                ,0000000,0, 0,         0,    0,0000000000000000000000000000000000000000,0000000000000000000000000000000000000000,         0,         0,         0,         0,1, 0, 0, 0,1822                          ,    0,         5,0,20190131 20:07:12,1737                          ,  101, 9999,  101,  101,    0,     0,     0
