 ED5.2,3344030                       ,4027                          ,LILIANA MARIN RI    ,1952      ,                ,  101,                    ,                              , 0,2,20190102 19:01:00,    0,         0,        36,10445,   15,  101,2,                ,0010000,2, 1,         0,    0,1000000000000000000000000000000000000000,0000000000000000000000010000000000001000,         0,         0,         0,         0,1, 0, 0, 0,3344030                       ,    0,         0,0,20190102 19:00:24,4027                          , 9999, 9999, 9999,  101,32767,     0,     0
 ED5.2,1583                          ,1303                          ,                    ,1527      ,                ,  101,                    ,                              ,14,0,20190102 19:01:14,    0,         0,       384,65535,65535, 9999,2,                ,0000000,0, 0,         0,    0,0000000000000000000000000000000000000000,0000000000000000000000000000000000000000,         0,         0,         0,         0,1, 0, 0, 0,1583                          ,    0,       384,0,20190102 18:54:50,1303                          ,  101, 9999,  101,  101,    0,     0,     0
 ED5.2,1241                          ,1851                          ,                    ,1979      ,                ,  101,                    ,                              ,14,0,20190102 19:01:19,    0,         0,         0,65535,65535, 9999,2,                ,0000000,0, 0,         0,    0,0000000000000000000000000000000000000000,0000000000000000000000000000000000000000,         0,         0,         0,         0,1, 0, 0, 0,1241                          ,    0,         0,0,20190102 19:01:19,1851                          ,  101, 9999,  101,  101,    0,     0,     0
 ED5.2,1228                          ,1851                          ,                    ,1979      ,                ,  101,                    ,                              ,14,0,20190102 19:01:21,    0,         0,         0,65535,65535, 9999,2,                ,0000000,0, 0,         0,    0,0000000000000000000000000000000000000000,0000000000000000000000000000000000000000,         0,         0,         0,         0,1, 0, 0, 0,1241                          ,    0,         0,1,20190102 19:01:21,1851                          ,  101, 9999,  101,  101,    0,     0,     0
 ED5.2,1298                          ,1122                          ,                    ,1952      ,                ,  101,                    ,                              ,14,0,20190102 19:01:47,    0,         0,       269,65535,65535, 9999,2,                ,0000000,0, 0,         0,    0,0000000000000000000000000000000000000000,0000000000000000000000000000000000000000,         0,         0,         0,         0,1, 0, 0, 0,1298                          ,    0,       269,0,20190102 18:57:18,1122                          ,  101, 9999,  101,  101,    0,     0,     0
 ED5.2,1546                          ,1443                          ,                    ,1632      ,                ,  101,                    ,                              ,14,0,20190102 19:02:02,    0,         0,         0,65535,65535, 9999,2,                ,0000000,0, 0,         0,    0,0000000000000000000000000000000000000000,0000000000000000000000000000000000000000,         0,         0,         0,         0,1, 0, 0, 0,1546                          ,    0,         0,0,20190102 19:02:02,1443                          ,  101, 9999,  101,  101,    0,     0,     0
 ED5.2,1444                          ,1123                          ,                    ,1952      ,                ,  101,                    ,                              ,14,0,20190102 19:02:42,    0,         0,       172,65535,65535, 9999,2,                ,0000000,0, 0,         0,    0,0000000000000000000000000000000000000000,0000000000000000000000000000000000000000,         0,         0,         0,         0,1, 0, 0, 0,1444                          ,    0,       172,0,20190102 18:59:50,1123                          ,  101, 9999,  101,  101,    0,     0,     0
 ED5.2,4003                          ,4042                          ,                    ,2949      ,                ,  101,                    ,                              ,14,0,20190102 19:03:45,    0,         0,        26,65535,65535, 9999,2,                ,0000000,0, 0,         0,    0,0000000000000000000000000000000000000000,0000000000000000000000000000000000000000,         0,         0,         0,         0,1, 0, 0, 0,4003                          ,    0,        26,0,20190102 19:03:19,4042                          ,  101, 9999,  101,  101,    0,     0,     0
 ED5.2,7502000                       ,1303                          ,MONICA YIRLE RUB    ,1527      ,                ,  101,                    ,                              , 0,2,20190102 19:04:28,    0,         0,       184,10001,   11,  101,2,                ,0010000,2, 1,         0,    0,1000000000000000000000000000000000000000,0000000000000000000000010000000000001000,         0,         0,         0,         0,1, 0, 0, 0,7502000                       ,    0,         0,0,20190102 19:01:24,1303                          , 9999, 9999, 9999,  101,32767,     0,     0
 ED5.2,1368                          ,1415                          ,                    ,1945      ,                ,  101,                    ,                              ,14,0,20190102 19:04:47,    0,         0,       106,65535,65535, 9999,2,                ,0000000,0, 0,         0,    0,0000000000000000000000000000000000000000,0000000000000000000000000000000000000000,         0,         0,         0,         0,1, 0, 0, 0,1368                          ,    0,       106,0,20190102 19:03:01,1415                          ,  101, 9999,  101,  101,    0,     0,     0
 ED5.2,1175                          ,1314                          ,                    ,1945      ,                ,  101,                    ,                              ,14,0,20190102 19:05:54,    0,         0,         0,65535,65535, 9999,2,                ,0000000,0, 0,         0,    0,0000000000000000000000000000000000000000,0000000000000000000000000000000000000000,         0,         0,         0,         0,1, 0, 0, 0,1175                          ,    0,         0,0,20190102 19:05:54,1314                          ,  101, 9999,  101,  101,    0,     0,     0
 ED5.2,1026                          ,1314                          ,                    ,1945      ,                ,  101,                    ,                              ,14,0,20190102 19:06:02,    0,         0,         0,65535,65535, 9999,2,                ,0000000,0, 0,         0,    0,0000000000000000000000000000000000000000,0000000000000000000000000000000000000000,         0,         0,         0,         0,1, 0, 0, 0,1175                          ,    0,         0,1,20190102 19:06:02,1314                          ,  101, 9999,  101,  101,    0,     0,     0
 ED5.2,1591                          ,1448                          ,                    ,1952      ,                ,  101,                    ,                              ,14,0,20190102 19:06:16,    0,         0,        74,65535,65535, 9999,2,                ,0000000,0, 0,         0,    0,0000000000000000000000000000000000000000,0000000000000000000000000000000000000000,         0,         0,         0,         0,1, 0, 0, 0,1591                          ,    0,        74,0,20190102 19:05:02,1448                          ,  101, 9999,  101,  101,    0,     0,     0
 ED5.2,00918589468418                ,3428                          ,FELIPE CHAVEZ P     ,2466      ,                ,  101,                    ,                              , 0,2,20190102 19:07:32,    0,         0,       848,11361,  201,  101,2,                ,0000000,2, 1,         0,    0,1000000000000000000000000000000000000000,0000000000000000000000010000000000001000,         0,         0,         0,         0,1, 0, 0, 0,00718589468418                ,    0,         0,0,20190102 18:53:24,3428                          , 9999, 9999, 9999,  101,32767,     0,     0
 ED5.2,1563                          ,1448                          ,                    ,1952      ,                ,  101,                    ,                              ,14,0,20190102 19:08:37,    0,         0,        27,65535,65535, 9999,2,                ,0000000,0, 0,         0,    0,0000000000000000000000000000000000000000,0000000000000000000000000000000000000000,         0,         0,         0,         0,1, 0, 0, 0,1563                          ,    0,        27,0,20190102 19:08:10,1448                          ,  101, 9999,  101,  101,    0,     0,     0
 ED5.2,4349213                       ,1314                          ,INGENIERO DESARR    ,1945      ,                ,  101,                    ,                              , 0,2,20190102 19:08:45,    0,         0,       108,10001,   11,  101,2,                ,0010000,2, 1,         0,    0,1000000000000000000000000000000000000000,0000000000000000000000010000000000001000,         0,         0,         0,         0,1, 0, 0, 0,4349213                       ,    0,         0,0,20190102 19:06:57,1314                          , 9999, 9999, 9999,  101,32767,     0,     0
 ED5.2,7593241                       ,3243                          ,FERMIN ORDONEZ      ,1949      ,                ,  101,                    ,                              , 0,2,20190102 19:09:42,    0,         0,       100,10002,   11,  101,2,                ,0010000,2, 1,         0,    0,1000000000000000000000000000000000000000,0000000000000000000000010000000000001000,         0,         0,         0,         0,1, 0, 0, 0,7593241                       ,    0,         0,0,20190102 19:08:02,3243                          , 9999, 9999, 9999,  101,32767,     0,     0
 ED5.2,1497                          ,1123                          ,                    ,1952      ,                ,  101,                    ,                              ,14,0,20190102 19:10:26,    0,         0,       440,65535,65535, 9999,2,                ,0000000,0, 0,         0,    0,0000000000000000000000000000000000000000,0000000000000000000000000000000000000000,         0,         0,         0,         0,1, 0, 0, 0,1497                          ,    0,       440,0,20190102 19:03:06,1123                          ,  101, 9999,  101,  101,    0,     0,     0
 ED5.2,6604869                       ,1448                          ,SANDRA MILEN PER    ,1952      ,                ,  101,                    ,                              , 0,2,20190102 19:11:05,    0,         0,        97,10001,   11,  101,2,                ,0010000,2, 1,         0,    0,1000000000000000000000000000000000000000,0000000000000000000000010000000000001000,         0,         0,         0,         0,1, 0, 0, 0,6604869                       ,    0,         0,0,20190102 19:09:28,1448                          , 9999, 9999, 9999,  101,32767,     0,     0
 ED5.2,1856                          ,1381                          ,                    ,1952      ,                ,  101,                    ,                              ,14,0,20190102 19:11:20,    0,         0,        21,65535,65535, 9999,2,                ,0000000,0, 0,         0,    0,0000000000000000000000000000000000000000,0000000000000000000000000000000000000000,         0,         0,         0,         0,1, 0, 0, 0,1856                          ,    0,        21,0,20190102 19:10:59,1381                          ,  101, 9999,  101,  101,    0,     0,     0
 ED5.2,3904592                       ,1546                          ,SANDRA MILEN VEL    ,1214      ,                ,  101,                    ,                              , 4,2,20190102 19:11:28,    0,         0,         0,  120,   20,  101,2,                ,0000000,3, 0,         0,    0,0000000000000000000000000000000000000000,0000000000000000000000010000000000000000,         0,         0,         0,         0,1, 0, 0, 0,1061                          ,   29,         0,1,20190102 19:11:28,                              , 9999, 9999, 9999, 9999,32767,     0,     0
 ED5.2,9                             ,3243                          ,FERMIN ORDONEZ      ,1949      ,                ,  101,                    ,                              , 0,2,20190102 19:12:02,    0,         0,         0,10001,   11,  101,2,                ,0010000,2, 1,         0,    0,1000000000000000000000000000000000000000,0000000000000000000000010000000000001000,         0,         0,         0,         0,1, 0, 0, 0,9                             ,    0,         0,0,20190102 19:12:02,3243                          , 9999, 9999, 9999,  101,32767,     0,     0
 ED5.2,1228                          ,1368                          ,                    ,1949      ,                ,  101,                    ,                              ,14,0,20190102 19:12:42,    0,         0,         0,65535,65535, 9999,2,                ,0000000,0, 0,         0,    0,0000000000000000000000000000000000000000,0000000000000000000000000000000000000000,         0,         0,         0,         0,1, 0, 0, 0,1228                          ,    0,         0,0,20190102 19:12:42,1368                          ,  101, 9999,  101,  101,    0,     0,     0
 ED5.2,1222                          ,1368                          ,                    ,1949      ,                ,  101,                    ,                              ,14,0,20190102 19:12:44,    0,         0,         0,65535,65535, 9999,2,                ,0000000,0, 0,         0,    0,0000000000000000000000000000000000000000,0000000000000000000000000000000000000000,         0,         0,         0,         0,1, 0, 0, 0,1222                          ,    0,         0,0,20190102 19:12:44,1368                          ,  101, 9999,  101,  101,    0,     0,     0
 ED5.2,1228                          ,1368                          ,                    ,1949      ,                ,  101,                    ,                              ,14,0,20190102 19:13:21,    0,         0,        28,65535,65535, 9999,2,                ,0000000,0, 0,         0,    0,0000000000000000000000000000000000000000,0000000000000000000000000000000000000000,         0,         0,         0,         0,1, 0, 0, 0,1228                          ,    0,        28,0,20190102 19:12:53,1368                          ,  101, 9999,  101,  101,    0,     0,     0
 ED5.2,1898                          ,1085                          ,                    ,1949      ,                ,  101,                    ,                              ,14,0,20190102 19:13:50,    0,         0,         0,65535,65535, 9999,2,                ,0000000,0, 0,         0,    0,0000000000000000000000000000000000000000,0000000000000000000000000000000000000000,         0,         0,         0,         0,1, 0, 0, 0,1898                          ,    0,         0,0,20190102 19:13:50,1085                          ,  101, 9999,  101,  101,    0,     0,     0
 ED5.2,3258056                       ,3243                          ,FERMIN ORDONEZ      ,1949      ,                ,  101,                    ,                              , 0,2,20190102 19:13:54,    0,         0,        79,10001,   11,  101,2,                ,0010000,2, 1,         0,    0,1000000000000000000000000000000000000000,0000000000000000000000010000000000001000,         0,         0,         0,         0,1, 0, 0, 0,3258056                       ,    0,         0,0,20190102 19:12:35,3243                          , 9999, 9999, 9999,  101,32767,     0,     0
 ED5.2,1005                          ,1420                          ,                    ,1949      ,                ,  101,                    ,                              ,14,0,20190102 19:13:54,    0,         0,        15,65535,65535, 9999,2,                ,0000000,0, 0,         0,    0,0000000000000000000000000000000000000000,0000000000000000000000000000000000000000,         0,         0,         0,         0,1, 0, 0, 0,1005                          ,    0,        15,0,20190102 19:13:39,1420                          ,  101, 9999,  101,  101,    0,     0,     0
 ED5.2,1119                          ,1685                          ,                    ,1949      ,                ,  101,                    ,                              ,14,0,20190102 19:14:25,    0,         0,         0,65535,65535, 9999,2,                ,0000000,0, 0,         0,    0,0000000000000000000000000000000000000000,0000000000000000000000000000000000000000,         0,         0,         0,         0,1, 0, 0, 0,1119                          ,    0,         0,0,20190102 19:14:25,1685                          ,  101, 9999,  101,  101,    0,     0,     0
 ED5.2,1428                          ,1443                          ,                    ,1632      ,                ,  101,                    ,                              ,14,0,20190102 19:14:27,    0,         0,       391,65535,65535, 9999,2,                ,0000000,0, 0,         0,    0,0000000000000000000000000000000000000000,0000000000000000000000000000000000000000,         0,         0,         0,         0,1, 0, 0, 0,1428                          ,    0,       391,0,20190102 19:07:56,1443                          ,  101, 9999,  101,  101,    0,     0,     0
 ED5.2,1993                          ,1736                          ,                    ,1635      ,                ,  101,                    ,                              ,14,0,20190102 19:14:28,    0,         0,         0,65535,65535, 9999,2,                ,0000000,0, 0,         0,    0,0000000000000000000000000000000000000000,0000000000000000000000000000000000000000,         0,         0,         0,         0,1, 0, 0, 0,1993                          ,    0,         0,0,20190102 19:14:28,1736                          ,  101, 9999,  101,  101,    0,     0,     0
 ED5.2,1106                          ,1685                          ,                    ,1949      ,                ,  101,                    ,                              ,14,0,20190102 19:14:31,    0,         0,         0,65535,65535, 9999,2,                ,0000000,0, 0,         0,    0,0000000000000000000000000000000000000000,0000000000000000000000000000000000000000,         0,         0,         0,         0,1, 0, 0, 0,1119                          ,    0,         0,1,20190102 19:14:31,1685                          ,  101, 9999,  101,  101,    0,     0,     0
 ED5.2,7580508                       ,3136                          ,MARIA ALEJAN MON    ,1672      ,                ,  101,                    ,                              , 0,2,20190102 19:14:37,    0,         0,        54,10002,   11,  101,2,                ,0010000,2, 1,         0,    0,1000000000000000000000000000000000000000,0000000000000000000000010000000000001000,         0,         0,         0,         0,1, 0, 0, 0,7580508                       ,    0,         0,0,20190102 19:13:43,3136                          , 9999, 9999, 9999,  101,32767,     0,     0
 ED5.2,1993                          ,1736                          ,                    ,1635      ,                ,  101,                    ,                              ,14,0,20190102 19:15:04,    0,         0,         0,65535,65535, 9999,2,                ,0000000,0, 0,         0,    0,0000000000000000000000000000000000000000,0000000000000000000000000000000000000000,         0,         0,         0,         0,1, 0, 0, 0,1993                          ,    0,         0,0,20190102 19:15:04,1736                          ,  101, 9999,  101,  101,    0,     0,     0
 ED5.2,4404352                       ,FS082                         ,SIPsalida           ,          ,                ,  101,                    ,                              , 4,2,20190102 19:15:20,    0,         0,         9,10865,   82,  101,2,                ,0000000,2, 0,         0,    0,0000000000000000000000000000000000000000,0000000000000000000000010000000000000000,         0,         0,         0,         0,1, 0, 0, 0,A500                          ,   10,         0,0,20190102 19:15:11,                              , 9999, 9999, 9999, 9999,32767,     0,     0
 ED5.2,1198                          ,1736                          ,                    ,1635      ,                ,  101,                    ,                              ,14,0,20190102 19:15:23,    0,         0,         0,65535,65535, 9999,2,                ,0000000,0, 0,         0,    0,0000000000000000000000000000000000000000,0000000000000000000000000000000000000000,         0,         0,         0,         0,1, 0, 0, 0,1198                          ,    0,         0,0,20190102 19:15:23,1736                          ,  101, 9999,  101,  101,    0,     0,     0
 ED5.2,1521                          ,1736                          ,                    ,1635      ,                ,  101,                    ,                              ,14,0,20190102 19:15:28,    0,         0,         0,65535,65535, 9999,2,                ,0000000,0, 0,         0,    0,0000000000000000000000000000000000000000,0000000000000000000000000000000000000000,         0,         0,         0,         0,1, 0, 0, 0,1198                          ,    0,         0,1,20190102 19:15:28,1736                          ,  101, 9999,  101,  101,    0,     0,     0
 ED5.2,1339                          ,1851                          ,                    ,1979      ,                ,  101,                    ,                              ,14,0,20190102 19:15:35,    0,         0,         0,65535,65535, 9999,2,                ,0000000,0, 0,         0,    0,0000000000000000000000000000000000000000,0000000000000000000000000000000000000000,         0,         0,         0,         0,1, 0, 0, 0,1339                          ,    0,         0,0,20190102 19:15:35,1851                          ,  101, 9999,  101,  101,    0,     0,     0
 ED5.2,88                            ,1851                          ,                    ,1979      ,                ,  101,                    ,                              ,14,0,20190102 19:15:38,    0,         0,         3,65535,65535, 9999,2,                ,0000000,0, 0,         0,    0,0000000000000000000000000000000000000000,0000000000000000000000000000000000000000,         0,         0,         0,         0,1, 0, 0, 0,1339                          ,    0,         3,1,20190102 19:15:35,1851                          ,  101, 9999,  101,  101,    0,     0,     0
 ED5.2,1191                          ,1736                          ,                    ,1635      ,                ,  101,                    ,                              ,14,0,20190102 19:15:53,    0,         0,         8,65535,65535, 9999,2,                ,0000000,0, 0,         0,    0,0000000000000000000000000000000000000000,0000000000000000000000000000000000000000,         0,         0,         0,         0,1, 0, 0, 0,1191                          ,    0,         8,0,20190102 19:15:45,1736                          ,  101, 9999,  101,  101,    0,     0,     0
 ED5.2,1526                          ,1736                          ,                    ,1635      ,                ,  101,                    ,                              ,14,0,20190102 19:16:04,    0,         0,         5,65535,65535, 9999,2,                ,0000000,0, 0,         0,    0,0000000000000000000000000000000000000000,0000000000000000000000000000000000000000,         0,         0,         0,         0,1, 0, 0, 0,1526                          ,    0,         5,0,20190102 19:15:59,1736                          ,  101, 9999,  101,  101,    0,     0,     0
 ED5.2,1036                          ,1736                          ,                    ,1635      ,                ,  101,                    ,                              ,14,0,20190102 19:16:26,    0,         0,         7,65535,65535, 9999,2,                ,0000000,0, 0,         0,    0,0000000000000000000000000000000000000000,0000000000000000000000000000000000000000,         0,         0,         0,         0,1, 0, 0, 0,1036                          ,    0,         7,0,20190102 19:16:19,1736                          ,  101, 9999,  101,  101,    0,     0,     0
 ED5.2,4404352                       ,3134                          ,HECTOR RAUL ALAR    ,1979      ,                ,  101,                    ,                              , 4,2,20190102 19:17:00,    0,         0,        92,10865,   82,  101,2,                ,0000000,2, 0,         0,    0,0000000000000000000000000000000000000000,0000000000000000000000010000000000000000,         0,         0,         0,         0,1, 0, 0, 0,A500                          ,   16,        77,0,20190102 19:15:28,                              , 9999, 9999, 9999, 9999,32767,     0,     0
 ED5.2,1233                          ,1736                          ,                    ,1635      ,                ,  101,                    ,                              ,14,0,20190102 19:17:05,    0,         0,         6,65535,65535, 9999,2,                ,0000000,0, 0,         0,    0,0000000000000000000000000000000000000000,0000000000000000000000000000000000000000,         0,         0,         0,         0,1, 0, 0, 0,1233                          ,    0,         6,0,20190102 19:16:59,1736                          ,  101, 9999,  101,  101,    0,     0,     0
 ED5.2,1085                          ,1898                          ,                    ,1949      ,                ,  101,                    ,                              ,14,0,20190102 19:17:11,    0,         0,        43,65535,65535, 9999,2,                ,0000000,0, 0,         0,    0,0000000000000000000000000000000000000000,0000000000000000000000000000000000000000,         0,         0,         0,         0,1, 0, 0, 0,1085                          ,    0,        43,0,20190102 19:16:28,1898                          ,  101, 9999,  101,  101,    0,     0,     0
 ED5.2,3293                          ,1736                          ,                    ,1635      ,                ,  101,                    ,                              ,14,0,20190102 19:17:19,    0,         0,         5,65535,65535, 9999,2,                ,0000000,0, 0,         0,    0,0000000000000000000000000000000000000000,0000000000000000000000000000000000000000,         0,         0,         0,         0,1, 0, 0, 0,3293                          ,    0,         5,0,20190102 19:17:14,1736                          ,  101, 9999,  101,  101,    0,     0,     0
 ED5.2,1353                          ,1736                          ,                    ,1635      ,                ,  101,                    ,                              ,14,0,20190102 19:17:36,    0,         0,         8,65535,65535, 9999,2,                ,0000000,0, 0,         0,    0,0000000000000000000000000000000000000000,0000000000000000000000000000000000000000,         0,         0,         0,         0,1, 0, 0, 0,1353                          ,    0,         8,0,20190102 19:17:28,1736                          ,  101, 9999,  101,  101,    0,     0,     0
 ED5.2,4069                          ,4078                          ,                    ,2741      ,                ,  101,                    ,                              ,14,0,20190102 19:18:18,    0,         0,         0,65535,65535, 9999,2,                ,0000000,0, 0,         0,    0,0000000000000000000000000000000000000000,0000000000000000000000000000000000000000,         0,         0,         0,         0,1, 0, 0, 0,4069                          ,    0,         0,0,20190102 19:18:18,4078                          ,  101, 9999,  101,  101,    0,     0,     0
 ED5.2,1478                          ,1559                          ,                    ,1632      ,                ,  101,                    ,                              ,14,0,20190102 19:18:27,    0,         0,         0,65535,65535, 9999,2,                ,0000000,0, 0,         0,    0,0000000000000000000000000000000000000000,0000000000000000000000000000000000000000,         0,         0,         0,         0,1, 0, 0, 0,1478                          ,    0,         0,0,20190102 19:18:27,1559                          ,  101, 9999,  101,  101,    0,     0,     0
 ED5.2,1993                          ,1736                          ,                    ,1635      ,                ,  101,                    ,                              ,14,0,20190102 19:18:58,    0,         0,         0,65535,65535, 9999,2,                ,0000000,0, 0,         0,    0,0000000000000000000000000000000000000000,0000000000000000000000000000000000000000,         0,         0,         0,         0,1, 0, 0, 0,1993                          ,    0,         0,0,20190102 19:18:58,1736                          ,  101, 9999,  101,  101,    0,     0,     0
 ED5.2,2123505                       ,1462                          ,EDWIN BRIONI JIM    ,1949      ,                ,  101,                    ,                              , 0,2,20190102 19:19:35,    0,         0,        54,10001,   11,  101,2,                ,0010000,2, 1,         0,    0,1000000000000000000000000000000000000000,0000000000000000000000010000000000001000,         0,         0,         0,         0,1, 0, 0, 0,2123505                       ,    0,         0,0,20190102 19:18:41,1462                          , 9999, 9999, 9999,  101,32767,     0,     0
 ED5.2,1893                          ,1736                          ,                    ,1635      ,                ,  101,                    ,                              ,14,0,20190102 19:19:52,    0,         0,         9,65535,65535, 9999,2,                ,0000000,0, 0,         0,    0,0000000000000000000000000000000000000000,0000000000000000000000000000000000000000,         0,         0,         0,         0,1, 0, 0, 0,1893                          ,    0,         9,0,20190102 19:19:43,1736                          ,  101, 9999,  101,  101,    0,     0,     0
 ED5.2,1228                          ,1085                          ,                    ,1949      ,                ,  101,                    ,                              ,14,0,20190102 19:20:23,    0,         0,        41,65535,65535, 9999,2,                ,0000000,0, 0,         0,    0,0000000000000000000000000000000000000000,0000000000000000000000000000000000000000,         0,         0,         0,         0,1, 0, 0, 0,1228                          ,    0,        41,0,20190102 19:19:42,1085                          ,  101, 9999,  101,  101,    0,     0,     0
 ED5.2,1038                          ,1032                          ,                    ,1632      ,                ,  101,                    ,                              ,14,0,20190102 19:20:48,    0,         0,        17,65535,65535, 9999,2,                ,0000000,0, 0,         0,    0,0000000000000000000000000000000000000000,0000000000000000000000000000000000000000,         0,         0,         0,         0,1, 0, 0, 0,1038                          ,    0,        17,0,20190102 19:20:31,1032                          ,  101, 9999,  101,  101,    0,     0,     0
 ED5.2,1180                          ,1817                          ,                    ,1633      ,                ,  101,                    ,                              ,14,0,20190102 19:21:06,    0,         0,       388,65535,65535, 9999,2,                ,0000000,0, 0,         0,    0,0000000000000000000000000000000000000000,0000000000000000000000000000000000000000,         0,         0,         0,         0,1, 0, 0, 0,1180                          ,    0,       388,0,20190102 19:14:38,1817                          ,  101, 9999,  101,  101,    0,     0,     0
 ED5.2,1005                          ,1228                          ,                    ,1949      ,                ,  101,                    ,                              ,14,0,20190102 19:22:03,    0,         0,         0,65535,65535, 9999,2,                ,0000000,0, 0,         0,    0,0000000000000000000000000000000000000000,0000000000000000000000000000000000000000,         0,         0,         0,         0,1, 0, 0, 0,1005                          ,    0,         0,0,20190102 19:22:03,1228                          ,  101, 9999,  101,  101,    0,     0,     0
 ED5.2,1462                          ,1284                          ,                    ,1945      ,                ,  101,                    ,                              ,14,0,20190102 19:22:21,    0,         0,        61,65535,65535, 9999,2,                ,0000000,0, 0,         0,    0,0000000000000000000000000000000000000000,0000000000000000000000000000000000000000,         0,         0,         0,         0,1, 0, 0, 0,1462                          ,    0,        61,0,20190102 19:21:20,1284                          ,  101, 9999,  101,  101,    0,     0,     0
 ED5.2,6604869                       ,3293                          ,ERIKA MARCEL JAR    ,1632      ,                ,  101,                    ,                              , 0,2,20190102 19:22:28,    0,         0,         0,10001,   11,  101,2,                ,0010000,2, 1,         0,    0,1000000000000000000000000000000000000000,0000000000000000000000010000000000001000,         0,         0,         0,         0,1, 0, 0, 0,6604869                       ,    0,         0,0,20190102 19:22:28,3293                          , 9999, 9999, 9999,  101,32767,     0,     0
 ED5.2,2032                          ,2091                          ,                    ,4949      ,                ,  101,                    ,                              ,14,0,20190102 19:22:45,    0,         0,         0,65535,65535, 9999,2,                ,0000000,0, 0,         0,    0,0000000000000000000000000000000000000000,0000000000000000000000000000000000000000,         0,         0,         0,         0,1, 0, 0, 0,2032                          ,    0,         0,0,20190102 19:22:45,2091                          ,  101, 9999,  101,  101,    0,     0,     0
 ED5.2,1462                          ,1284                          ,                    ,1945      ,                ,  101,                    ,                              ,14,0,20190102 19:22:46,    0,         0,        19,65535,65535, 9999,2,                ,0000000,0, 0,         0,    0,0000000000000000000000000000000000000000,0000000000000000000000000000000000000000,         0,         0,         0,         0,1, 0, 0, 0,1462                          ,    0,        19,0,20190102 19:22:27,1284                          ,  101, 9999,  101,  101,    0,     0,     0
 ED5.2,4087                          ,4003                          ,                    ,2952      ,                ,  101,                    ,                              ,14,0,20190102 19:23:05,    0,         0,       135,65535,65535, 9999,2,                ,0000000,0, 0,         0,    0,0000000000000000000000000000000000000000,0000000000000000000000000000000000000000,         0,         0,         0,         0,1, 0, 0, 0,4087                          ,    0,       135,0,20190102 19:20:50,4003                          ,  101, 9999,  101,  101,    0,     0,     0
 ED5.2,1559                          ,1478                          ,                    ,1952      ,                ,  101,                    ,                              ,14,0,20190102 19:24:49,    0,         0,       104,65535,65535, 9999,2,                ,0000000,0, 0,         0,    0,0000000000000000000000000000000000000000,0000000000000000000000000000000000000000,         0,         0,         0,         0,1, 0, 0, 0,1559                          ,    0,       104,0,20190102 19:23:05,1478                          ,  101, 9999,  101,  101,    0,     0,     0
 ED5.2,3390                          ,1737                          ,                    ,1635      ,                ,  101,                    ,                              ,14,0,20190102 19:25:09,    0,         0,         0,65535,65535, 9999,2,                ,0000000,0, 0,         0,    0,0000000000000000000000000000000000000000,0000000000000000000000000000000000000000,         0,         0,         0,         0,1, 0, 0, 0,3390                          ,    0,         0,0,20190102 19:25:09,1737                          ,  101, 9999,  101,  101,    0,     0,     0
 ED5.2,1032                          ,1851                          ,                    ,1979      ,                ,  101,                    ,                              ,14,0,20190102 19:25:11,    0,         0,         0,65535,65535, 9999,2,                ,0000000,0, 0,         0,    0,0000000000000000000000000000000000000000,0000000000000000000000000000000000000000,         0,         0,         0,         0,1, 0, 0, 0,1032                          ,    0,         0,0,20190102 19:25:11,1851                          ,  101, 9999,  101,  101,    0,     0,     0
 ED5.2,1449                          ,1851                          ,                    ,1979      ,                ,  101,                    ,                              ,14,0,20190102 19:25:17,    0,         0,         0,65535,65535, 9999,2,                ,0000000,0, 0,         0,    0,0000000000000000000000000000000000000000,0000000000000000000000000000000000000000,         0,         0,         0,         0,1, 0, 0, 0,1032                          ,    0,         0,1,20190102 19:25:17,1851                          ,  101, 9999,  101,  101,    0,     0,     0
 ED5.2,4087                          ,4025                          ,                    ,2952      ,                ,  101,                    ,                              ,14,0,20190102 19:25:34,    0,         0,         4,65535,65535, 9999,2,                ,0000000,0, 0,         0,    0,0000000000000000000000000000000000000000,0000000000000000000000000000000000000000,         0,         0,         0,         0,1, 0, 0, 0,4087                          ,    0,         4,0,20190102 19:25:30,4025                          ,  101, 9999,  101,  101,    0,     0,     0
 ED5.2,3390                          ,1737                          ,                    ,1635      ,                ,  101,                    ,                              ,14,0,20190102 19:25:47,    0,         0,         0,65535,65535, 9999,2,                ,0000000,0, 0,         0,    0,0000000000000000000000000000000000000000,0000000000000000000000000000000000000000,         0,         0,         0,         0,1, 0, 0, 0,3390                          ,    0,         0,0,20190102 19:25:47,1737                          ,  101, 9999,  101,  101,    0,     0,     0
 ED5.2,3390                          ,1737                          ,                    ,1635      ,                ,  101,                    ,                              ,14,0,20190102 19:26:08,    0,         0,         0,65535,65535, 9999,2,                ,0000000,0, 0,         0,    0,0000000000000000000000000000000000000000,0000000000000000000000000000000000000000,         0,         0,         0,         0,1, 0, 0, 0,3390                          ,    0,         0,0,20190102 19:26:08,1737                          ,  101, 9999,  101,  101,    0,     0,     0
 ED5.2,1444                          ,1123                          ,                    ,1952      ,                ,  101,                    ,                              ,14,0,20190102 19:27:02,    0,         0,       768,65535,65535, 9999,2,                ,0000000,0, 0,         0,    0,0000000000000000000000000000000000000000,0000000000000000000000000000000000000000,         0,         0,         0,         0,1, 0, 0, 0,1444                          ,    0,       768,0,20190102 19:14:14,1123                          ,  101, 9999,  101,  101,    0,     0,     0
 ED5.2,4087                          ,4051                          ,                    ,2635      ,                ,  101,                    ,                              ,14,0,20190102 19:27:49,    0,         0,         0,65535,65535, 9999,2,                ,0000000,0, 0,         0,    0,0000000000000000000000000000000000000000,0000000000000000000000000000000000000000,         0,         0,         0,         0,1, 0, 0, 0,4087                          ,    0,         0,0,20190102 19:27:49,4051                          ,  101, 9999,  101,  101,    0,     0,     0
 ED5.2,4021                          ,4088                          ,                    ,2952      ,                ,  101,                    ,                              ,14,0,20190102 19:27:54,    0,         0,         0,65535,65535, 9999,2,                ,0000000,0, 0,         0,    0,0000000000000000000000000000000000000000,0000000000000000000000000000000000000000,         0,         0,         0,         0,1, 0, 0, 0,4021                          ,    0,         0,0,20190102 19:27:54,4088                          ,  101, 9999,  101,  101,    0,     0,     0
 ED5.2,1497                          ,1123                          ,                    ,1952      ,                ,  101,                    ,                              ,14,0,20190102 19:33:33,    0,         0,        33,65535,65535, 9999,2,                ,0000000,0, 0,         0,    0,0000000000000000000000000000000000000000,0000000000000000000000000000000000000000,         0,         0,         0,         0,1, 0, 0, 0,1497                          ,    0,        33,0,20190102 19:33:00,1123                          ,  101, 9999,  101,  101,    0,     0,     0
 ED5.2,3275480                       ,1497                          ,JOSE ALEXAND RAY    ,1949      ,                ,  101,                    ,                              , 0,2,20190102 19:34:18,    0,         0,        25,10002,   11,  101,2,                ,0010000,2, 1,         0,    0,1000000000000000000000000000000000000000,0000000000000000000000010000000000001000,         0,         0,         0,         0,1, 0, 0, 0,3275480                       ,    0,         0,0,20190102 19:33:53,1497                          , 9999, 9999, 9999,  101,32767,     0,     0
 ED5.2,6604869                       ,3293                          ,ERIKA MARCEL JAR    ,1632      ,                ,  101,                    ,                              , 0,2,20190102 19:34:25,    0,         0,         0,10002,   11,  101,2,                ,0010000,2, 1,         0,    0,1000000000000000000000000000000000000000,0000000000000000000000010000000000001000,         0,         0,         0,         0,1, 0, 0, 0,6604869                       ,    0,         0,0,20190102 19:34:25,3293                          , 9999, 9999, 9999,  101,32767,     0,     0
 ED5.2,1293                          ,1187                          ,                    ,1945      ,                ,  101,                    ,                              ,14,0,20190102 19:35:34,    0,         0,      3538,65535,65535, 9999,2,                ,0000000,0, 0,         0,    0,0000000000000000000000000000000000000000,0000000000000000000000000000000000000000,         0,         0,         0,         0,1, 0, 0, 0,1293                          ,    0,      3538,0,20190102 18:36:36,1187                          ,  101, 9999,  101,  101,    0,     0,     0
 ED5.2,3275480                       ,1497                          ,JOSE ALEXAND RAY    ,1949      ,                ,  101,                    ,                              , 0,2,20190102 19:35:52,    0,         0,        84,10003,   11,  101,2,                ,0010000,2, 1,         0,    0,1000000000000000000000000000000000000000,0000000000000000000000010000000000001000,         0,         0,         0,         0,1, 0, 0, 0,3275480                       ,    0,         0,0,20190102 19:34:28,1497                          , 9999, 9999, 9999,  101,32767,     0,     0
 ED5.2,4735063                       ,1227                          ,VISACION 4          ,1949      ,                ,  101,                    ,                              , 4,2,20190102 19:36:06,    0,         0,        29,  120,   20,  101,2,                ,0000000,3, 0,         0,    0,0000000000000000000000000000000000000000,0000000000000000000000010000000000000000,         0,         0,         0,         0,1, 0, 0, 0,A800                          ,    7,        23,0,20190102 19:35:37,                              , 9999, 9999, 9999, 9999,32767,     0,     0
 ED5.2,6604869                       ,3293                          ,ERIKA MARCEL JAR    ,1632      ,                ,  101,                    ,                              , 0,2,20190102 19:36:37,    0,         0,       119,10002,   11,  101,2,                ,0010000,2, 1,         0,    0,1000000000000000000000000000000000000000,0000000000000000000000010000000000001000,         0,         0,         0,         0,1, 0, 0, 0,6604869                       ,    0,         0,0,20190102 19:34:38,3293                          , 9999, 9999, 9999,  101,32767,     0,     0
 ED5.2,1140                          ,3104                          ,                    ,1979      ,                ,  101,                    ,                              ,14,0,20190102 19:38:10,    0,         0,         0,65535,65535, 9999,2,                ,0000000,0, 0,         0,    0,0000000000000000000000000000000000000000,0000000000000000000000000000000000000000,         0,         0,         0,         0,1, 0, 0, 0,1140                          ,    0,         0,0,20190102 19:38:10,3104                          ,  101, 9999,  101,  101,    0,     0,     0
 ED5.2,1448                          ,1736                          ,                    ,1635      ,                ,  101,                    ,                              ,14,0,20190102 19:38:28,    0,         0,         7,65535,65535, 9999,2,                ,0000000,0, 0,         0,    0,0000000000000000000000000000000000000000,0000000000000000000000000000000000000000,         0,         0,         0,         0,1, 0, 0, 0,1448                          ,    0,         7,0,20190102 19:38:21,1736                          ,  101, 9999,  101,  101,    0,     0,     0
 ED5.2,6604869                       ,1585                          ,JEIMY ANDREA CAM    ,1949      ,                ,  101,                    ,                              , 0,2,20190102 19:38:35,    0,         0,       412,10001,   11,  101,2,                ,0010000,2, 1,         0,    0,1000000000000000000000000000000000000000,0000000000000000000000010000000000001000,         0,         0,         0,         0,1, 0, 0, 0,6604869                       ,    0,         0,0,20190102 19:31:43,1585                          , 9999, 9999, 9999,  101,32767,     0,     0
 ED5.2,3765460                       ,3104                          ,VIVIANA ANDR MAR    ,1979      ,                ,  101,                    ,                              , 0,2,20190102 19:38:43,    0,         0,        22,10002,   11,  101,2,                ,0010000,2, 1,         0,    0,1000000000000000000000000000000000000000,0000000000000000000000010000000000001000,         0,         0,         0,         0,1, 0, 0, 0,3765460                       ,    0,         0,0,20190102 19:38:21,3104                          , 9999, 9999, 9999,  101,32767,     0,     0
 ED5.2,88                            ,3123                          ,                    ,1355      ,                ,  101,                    ,                              ,14,0,20190102 19:39:04,    0,         0,        11,65535,65535, 9999,2,                ,0000000,0, 0,         0,    0,0000000000000000000000000000000000000000,0000000000000000000000000000000000000000,         0,         0,         0,         0,1, 0, 0, 0,88                            ,    0,        11,0,20190102 19:38:53,3123                          ,  101, 9999,  101,  101,    0,     0,     0
 ED5.2,88                            ,3123                          ,                    ,1355      ,                ,  101,                    ,                              ,14,0,20190102 19:40:12,    0,         0,        60,65535,65535, 9999,2,                ,0000000,0, 0,         0,    0,0000000000000000000000000000000000000000,0000000000000000000000000000000000000000,         0,         0,         0,         0,1, 0, 0, 0,88                            ,    0,        60,0,20190102 19:39:12,3123                          ,  101, 9999,  101,  101,    0,     0,     0
 ED5.2,1032                          ,1351                          ,                    ,1949      ,                ,  101,                    ,                              ,14,0,20190102 19:40:15,    0,         0,         0,65535,65535, 9999,2,                ,0000000,0, 0,         0,    0,0000000000000000000000000000000000000000,0000000000000000000000000000000000000000,         0,         0,         0,         0,1, 0, 0, 0,1032                          ,    0,         0,0,20190102 19:40:15,1351                          ,  101, 9999,  101,  101,    0,     0,     0
 ED5.2,1449                          ,1351                          ,                    ,1949      ,                ,  101,                    ,                              ,14,0,20190102 19:40:19,    0,         0,         0,65535,65535, 9999,2,                ,0000000,0, 0,         0,    0,0000000000000000000000000000000000000000,0000000000000000000000000000000000000000,         0,         0,         0,         0,1, 0, 0, 0,1032                          ,    0,         0,1,20190102 19:40:19,1351                          ,  101, 9999,  101,  101,    0,     0,     0
 ED5.2,88                            ,3123                          ,                    ,1355      ,                ,  101,                    ,                              ,14,0,20190102 19:41:34,    0,         0,        80,65535,65535, 9999,2,                ,0000000,0, 0,         0,    0,0000000000000000000000000000000000000000,0000000000000000000000000000000000000000,         0,         0,         0,         0,1, 0, 0, 0,88                            ,    0,        80,0,20190102 19:40:14,3123                          ,  101, 9999,  101,  101,    0,     0,     0
 ED5.2,2061                          ,2093                          ,                    ,4632      ,                ,  101,                    ,                              ,14,0,20190102 19:42:15,    0,         0,        16,65535,65535, 9999,2,                ,0000000,0, 0,         0,    0,0000000000000000000000000000000000000000,0000000000000000000000000000000000000000,         0,         0,         0,         0,1, 0, 0, 0,2061                          ,    0,        16,0,20190102 19:41:59,2093                          ,  101, 9999,  101,  101,    0,     0,     0
 ED5.2,1444                          ,1123                          ,                    ,1952      ,                ,  101,                    ,                              ,14,0,20190102 19:42:29,    0,         0,       202,65535,65535, 9999,2,                ,0000000,0, 0,         0,    0,0000000000000000000000000000000000000000,0000000000000000000000000000000000000000,         0,         0,         0,         0,1, 0, 0, 0,1444                          ,    0,       202,0,20190102 19:39:07,1123                          ,  101, 9999,  101,  101,    0,     0,     0
 ED5.2,4624436                       ,4077                          ,ELIANA AGUIRRE      ,2952      ,                ,  101,                    ,                              , 0,2,20190102 19:43:04,    0,         0,         0,10445,   15,  101,2,                ,0010000,2, 1,         0,    0,1000000000000000000000000000000000000000,0000000000000000000000010000000000001000,         0,         0,         0,         0,1, 0, 0, 0,4624436                       ,    0,         0,0,20190102 19:43:04,4077                          , 9999, 9999, 9999,  101,32767,     0,     0
 ED5.2,3765460                       ,3104                          ,VIVIANA ANDR MAR    ,1979      ,                ,  101,                    ,                              , 0,2,20190102 19:44:24,    0,         0,       112,10002,   11,  101,2,                ,0010000,2, 1,         0,    0,1000000000000000000000000000000000000000,0000000000000000000000010000000000001000,         0,         0,         0,         0,1, 0, 0, 0,3765460                       ,    0,         0,0,20190102 19:42:32,3104                          , 9999, 9999, 9999,  101,32767,     0,     0
 ED5.2,663219645219                  ,FS020                         ,ETB                 ,          ,                ,  101,                    ,                              , 4,2,20190102 19:44:35,    0,         0,         7,  120,   20,  101,2,                ,0000000,2, 1,         0,    0,0000000000000000000000000000000000000000,0000000000000000000000010000000000000000,         0,         0,         0,         0,1, 0, 0, 0,A800                          ,    7,         0,0,20190102 19:44:28,                              , 9999, 9999, 9999, 9999,32767,     0,     0
 ED5.2,1822                          ,1351                          ,                    ,1949      ,                ,  101,                    ,                              ,14,0,20190102 19:44:40,    0,         0,       254,65535,65535, 9999,2,                ,0000000,0, 0,         0,    0,0000000000000000000000000000000000000000,0000000000000000000000000000000000000000,         0,         0,         0,         0,1, 0, 0, 0,1822                          ,    0,       254,0,20190102 19:40:26,1351                          ,  101, 9999,  101,  101,    0,     0,     0
 ED5.2,6604876                       ,1821                          ,XIMENA ALEXA SAS    ,1632      ,                ,  101,                    ,                              , 0,2,20190102 19:45:20,    0,         0,         0,10002,   11,  101,2,                ,0010000,2, 1,         0,    0,1000000000000000000000000000000000000000,0000000000000000000000010000000000001000,         0,         0,         0,         0,1, 0, 0, 0,6604876                       ,    0,         0,0,20190102 19:45:20,1821                          , 9999, 9999, 9999,  101,32767,     0,     0
 ED5.2,6113030                       ,1820                          ,VICKY ALEJAN BAR    ,1632      ,                ,  101,                    ,                              , 0,2,20190102 19:46:00,    0,         0,       290,10001,   11,  101,2,                ,0010000,2, 1,         0,    0,1000000000000000000000000000000000000000,0000000000000000000000010000000000001000,         0,         0,         0,         0,1, 0, 0, 0,6113030                       ,    0,         0,0,20190102 19:41:10,1820                          , 9999, 9999, 9999,  101,32767,     0,     0
 ED5.2,3649222                       ,FS082                         ,SIPsalida           ,          ,                ,  101,                    ,                              , 4,2,20190102 19:46:04,    0,         0,         4,10865,   82,  101,2,                ,0000000,2, 0,         0,    0,0000000000000000000000000000000000000000,0000000000000000000000010000000000000000,         0,         0,         0,         0,1, 0, 0, 0,A900                          ,    5,         0,0,20190102 19:46:00,                              , 9999, 9999, 9999, 9999,32767,     0,     0
 ED5.2,14563295                      ,1293                          ,MARTHA YOLAN PIN    ,1949      ,                ,  101,                    ,                              , 0,1,20190102 19:46:07,    0,         0,         3,  378,   21,  101,2,                ,0010000,0, 0,         0,    0,0000000000000000000000000000000000000000,0000000000000000000000010000000000001000,         0,         0,         0,         0,1, 0, 0, 0,0314563295                    ,    0,         0,0,20190102 19:46:04,1293                          , 9999, 9999, 9999,  101,32767,     0,     0
 ED5.2,3808700                       ,FS020                         ,ETB                 ,          ,                ,  101,                    ,                              , 4,2,20190102 19:46:44,    0,         0,        18,  120,   20,  101,2,                ,0000000,3, 0,         0,    0,0000000000000000000000000000000000000000,0000000000000000000000010000000000000000,         0,         0,         0,         0,1, 0, 0, 0,A800                          ,   19,         0,0,20190102 19:46:26,                              , 9999, 9999, 9999, 9999,32767,     0,     0
 ED5.2,3024358830                    ,1788                          ,ANDRES FELIP PRI    ,1948      ,                ,  101,                    ,                              , 0,1,20190102 19:49:55,    0,         0,        11,  377,   21,  101,2,                ,0010000,0, 0,         0,    0,0000000000000000000000000000000000000000,0000000000000000000000010000000000001000,         0,         0,         0,         0,1, 0, 0, 0,033024358830                  ,    0,         0,0,20190102 19:49:44,1788                          , 9999, 9999, 9999,  101,32767,     0,     0
 ED5.2,2016751685                    ,FS020                         ,ETB                 ,          ,                ,  101,                    ,                              , 4,2,20190102 19:50:02,    0,         0,        33,  120,   20,  101,2,                ,0000000,3, 0,         0,    0,0000000000000000000000000000000000000000,0000000000000000000000010000000000000000,         0,         0,         0,         0,1, 0, 0, 0,A800                          ,   33,         0,1,20190102 19:49:29,                              , 9999, 9999, 9999, 9999,32767,     0,     0
 ED5.2,3024358830                    ,1788                          ,ANDRES FELIP PRI    ,1948      ,                ,  101,                    ,                              , 0,1,20190102 19:50:19,    0,         0,        12,  378,   21,  101,2,                ,0010000,0, 0,         0,    0,0000000000000000000000000000000000000000,0000000000000000000000010000000000001000,         0,         0,         0,         0,1, 0, 0, 0,033024358830                  ,    0,         0,0,20190102 19:50:07,1788                          , 9999, 9999, 9999,  101,32767,     0,     0
 ED5.2,4563295                       ,1293                          ,MARTHA YOLAN PIN    ,1949      ,                ,  101,                    ,                              , 0,2,20190102 19:51:14,    0,         0,       289,10001,   11,  101,2,                ,0010000,2, 1,         0,    0,1000000000000000000000000000000000000000,0000000000000000000000010000000000001000,         0,         0,         0,         0,1, 0, 0, 0,4563295                       ,    0,         0,0,20190102 19:46:25,1293                          , 9999, 9999, 9999,  101,32767,     0,     0
 ED5.2,1187                          ,1293                          ,                    ,1949      ,                ,  101,                    ,                              ,14,0,20190102 19:51:37,    0,         0,         0,65535,65535, 9999,2,                ,0000000,0, 0,         0,    0,0000000000000000000000000000000000000000,0000000000000000000000000000000000000000,         0,         0,         0,         0,1, 0, 0, 0,1187                          ,    0,         0,0,20190102 19:51:37,1293                          ,  101, 9999,  101,  101,    0,     0,     0
 ED5.2,88                            ,1293                          ,                    ,1949      ,                ,  101,                    ,                              ,14,0,20190102 19:51:39,    0,         0,         2,65535,65535, 9999,2,                ,0000000,0, 0,         0,    0,0000000000000000000000000000000000000000,0000000000000000000000000000000000000000,         0,         0,         0,         0,1, 0, 0, 0,1187                          ,    0,         2,1,20190102 19:51:37,1293                          ,  101, 9999,  101,  101,    0,     0,     0
 ED5.2,1187                          ,1293                          ,                    ,1949      ,                ,  101,                    ,                              ,14,0,20190102 19:51:55,    0,         0,         0,65535,65535, 9999,2,                ,0000000,0, 0,         0,    0,0000000000000000000000000000000000000000,0000000000000000000000000000000000000000,         0,         0,         0,         0,1, 0, 0, 0,1187                          ,    0,         0,0,20190102 19:51:55,1293                          ,  101, 9999,  101,  101,    0,     0,     0
 ED5.2,88                            ,1293                          ,                    ,1949      ,                ,  101,                    ,                              ,14,0,20190102 19:51:57,    0,         0,         2,65535,65535, 9999,2,                ,0000000,0, 0,         0,    0,0000000000000000000000000000000000000000,0000000000000000000000000000000000000000,         0,         0,         0,         0,1, 0, 0, 0,1187                          ,    0,         2,1,20190102 19:51:55,1293                          ,  101, 9999,  101,  101,    0,     0,     0
 ED5.2,1187                          ,1293                          ,                    ,1949      ,                ,  101,                    ,                              ,14,0,20190102 19:52:10,    0,         0,         0,65535,65535, 9999,2,                ,0000000,0, 0,         0,    0,0000000000000000000000000000000000000000,0000000000000000000000000000000000000000,         0,         0,         0,         0,1, 0, 0, 0,1187                          ,    0,         0,0,20190102 19:52:10,1293                          ,  101, 9999,  101,  101,    0,     0,     0
 ED5.2,1239                          ,1293                          ,                    ,1949      ,                ,  101,                    ,                              ,14,0,20190102 19:54:08,    0,         0,         0,65535,65535, 9999,2,                ,0000000,0, 0,         0,    0,0000000000000000000000000000000000000000,0000000000000000000000000000000000000000,         0,         0,         0,         0,1, 0, 0, 0,1239                          ,    0,         0,0,20190102 19:54:08,1293                          ,  101, 9999,  101,  101,    0,     0,     0
 ED5.2,1239                          ,1293                          ,                    ,1949      ,                ,  101,                    ,                              ,14,0,20190102 19:55:36,    0,         0,         0,65535,65535, 9999,2,                ,0000000,0, 0,         0,    0,0000000000000000000000000000000000000000,0000000000000000000000000000000000000000,         0,         0,         0,         0,1, 0, 0, 0,1239                          ,    0,         0,0,20190102 19:55:36,1293                          ,  101, 9999,  101,  101,    0,     0,     0
 ED5.2,1520                          ,3130                          ,                    ,1979      ,                ,  101,                    ,                              ,14,0,20190102 19:56:22,    0,         0,         0,65535,65535, 9999,2,                ,0000000,0, 0,         0,    0,0000000000000000000000000000000000000000,0000000000000000000000000000000000000000,         0,         0,         0,         0,1, 0, 0, 0,1520                          ,    0,         0,0,20190102 19:56:22,3130                          ,  101, 9999,  101,  101,    0,     0,     0
 ED5.2,6604876                       ,1821                          ,XIMENA ALEXA SAS    ,1632      ,                ,  101,                    ,                              , 0,2,20190102 19:57:10,    0,         0,       643,10002,   11,  101,2,                ,0010000,2, 1,         0,    0,1000000000000000000000000000000000000000,0000000000000000000000010000000000001000,         0,         0,         0,         0,1, 0, 0, 0,6604876                       ,    0,         0,0,20190102 19:46:27,1821                          , 9999, 9999, 9999,  101,32767,     0,     0
 ED5.2,4323739                       ,1368                          ,CAJA 6              ,1949      ,                ,  101,                    ,                              , 0,2,20190102 19:58:40,    0,         0,       388,10001,   11,  101,2,                ,0010000,2, 1,         0,    0,1000000000000000000000000000000000000000,0000000000000000000000010000000000001000,         0,         0,         0,         0,1, 0, 0, 0,4323739                       ,    0,         0,0,20190102 19:52:12,1368                          , 9999, 9999, 9999,  101,32767,     0,     0
 ED5.2,2037                          ,2068                          ,                    ,4952      ,                ,  101,                    ,                              ,14,0,20190102 20:00:21,    0,         0,        49,65535,65535, 9999,2,                ,0000000,0, 0,         0,    0,0000000000000000000000000000000000000000,0000000000000000000000000000000000000000,         0,         0,         0,         0,1, 0, 0, 0,2037                          ,    0,        49,0,20190102 19:59:32,2068                          ,  101, 9999,  101,  101,    0,     0,     0
