 ED5.2,3125562061                    ,1120                          ,LUISA LEONOR MAR    ,1154      ,                ,  101,                    ,                              , 0,2,20190201 20:07:25,    0,         0,         0,10349,   66,  101,2,                ,0010000,2, 1,         0,    0,1000000000000000000000000000000000000000,0000000000000000000000010000000000001000,         0,         0,         0,         0,1, 0, 0, 0,033125562061                  ,    0,         0,0,20190201 20:07:25,1120                          , 9999, 9999, 9999,  101,32767,     0,     0
 ED5.2,6459213                       ,1223                          ,CATHERINE RANGEL    ,1632      ,                ,  101,                    ,                              , 0,2,20190201 20:07:26,    0,         0,       489,10002,   11,  101,2,                ,0010000,2, 1,         0,    0,1000000000000000000000000000000000000000,0000000000000000000000010000000000001000,         0,         0,         0,         0,1, 0, 0, 0,6459213                       ,    0,         0,0,20190201 19:59:17,1223                          , 9999, 9999, 9999,  101,32767,     0,     0
 ED5.2,6604876                       ,1369                          ,JUAN ANDRES CARV    ,1632      ,                ,  101,                    ,                              , 0,2,20190201 20:07:40,    0,         0,       428,10003,   11,  101,2,                ,0010000,2, 1,         0,    0,1000000000000000000000000000000000000000,0000000000000000000000010000000000001000,         0,         0,         0,         0,1, 0, 0, 0,6604876                       ,    0,         0,0,20190201 20:00:32,1369                          , 9999, 9999, 9999,  101,32767,     0,     0
 ED5.2,3134677053                    ,1389                          ,FABIAN ALEXA BER    ,1952      ,                ,  101,                    ,                              , 0,2,20190201 20:09:59,    0,         0,        60,10349,   66,  101,2,                ,0010000,2, 1,         0,    0,1000000000000000000000000000000000000000,0000000000000000000000010000000000001000,         0,         0,         0,         0,1, 0, 0, 0,033134677053                  ,    0,         0,0,20190201 20:08:59,1389                          , 9999, 9999, 9999,  101,32767,     0,     0
 ED5.2,2093                          ,2061                          ,                    ,4632      ,                ,  101,                    ,                              ,14,0,20190201 20:11:05,    0,         0,        30,65535,65535, 9999,2,                ,0000000,0, 0,         0,    0,0000000000000000000000000000000000000000,0000000000000000000000000000000000000000,         0,         0,         0,         0,1, 0, 0, 0,2093                          ,    0,        30,0,20190201 20:10:35,2061                          ,  101, 9999,  101,  101,    0,     0,     0
 ED5.2,2061                          ,2067                          ,                    ,4632      ,                ,  101,                    ,                              ,14,0,20190201 20:12:53,    0,         0,         9,65535,65535, 9999,2,                ,0000000,0, 0,         0,    0,0000000000000000000000000000000000000000,0000000000000000000000000000000000000000,         0,         0,         0,         0,1, 0, 0, 0,2061                          ,    0,         9,0,20190201 20:12:44,2067                          ,  101, 9999,  101,  101,    0,     0,     0
 ED5.2,8947141                       ,1364                          ,LUIS FERNELY BER    ,1632      ,                ,  101,                    ,                              , 0,2,20190201 20:14:24,    0,         0,        57,10865,   82,  101,2,                ,0010000,2, 1,         0,    0,1000000000000000000000000000000000000000,0000000000000000000000010000000000001000,         0,         0,         0,         0,1, 0, 0, 0,8947141                       ,    0,         0,0,20190201 20:13:27,1364                          , 9999, 9999, 9999,  101,32767,     0,     0
 ED5.2,1175                          ,1766                          ,                    ,1952      ,                ,  101,                    ,                              ,14,0,20190201 20:15:15,    0,         0,       163,65535,65535, 9999,2,                ,0000000,0, 0,         0,    0,0000000000000000000000000000000000000000,0000000000000000000000000000000000000000,         0,         0,         0,         0,1, 0, 0, 0,1175                          ,    0,       163,0,20190201 20:12:32,1766                          ,  101, 9999,  101,  101,    0,     0,     0
 ED5.2,1022                          ,1531                          ,                    ,1638      ,                ,  101,                    ,                              ,14,0,20190201 20:15:34,    0,         0,         0,65535,65535, 9999,2,                ,0000000,0, 0,         0,    0,0000000000000000000000000000000000000000,0000000000000000000000000000000000000000,         0,         0,         0,         0,1, 0, 0, 0,1022                          ,    0,         0,1,20190201 20:15:34,1531                          ,  101, 9999,  101,  101,    0,     0,     0
 ED5.2,1467                          ,1531                          ,                    ,1638      ,                ,  101,                    ,                              ,14,0,20190201 20:15:42,    0,         0,         0,65535,65535, 9999,2,                ,0000000,0, 0,         0,    0,0000000000000000000000000000000000000000,0000000000000000000000000000000000000000,         0,         0,         0,         0,1, 0, 0, 0,1022                          ,    0,         0,1,20190201 20:15:42,1531                          ,  101, 9999,  101,  101,    0,     0,     0
 ED5.2,1340                          ,3211                          ,                    ,1911      ,                ,  101,                    ,                              ,14,0,20190201 20:16:54,    0,         0,         0,65535,65535, 9999,2,                ,0000000,0, 0,         0,    0,0000000000000000000000000000000000000000,0000000000000000000000000000000000000000,         0,         0,         0,         0,1, 0, 0, 0,1340                          ,    0,         0,0,20190201 20:16:54,3211                          ,  101, 9999,  101,  101,    0,     0,     0
 ED5.2,88                            ,3211                          ,                    ,1911      ,                ,  101,                    ,                              ,14,0,20190201 20:17:16,    0,         0,        22,65535,65535, 9999,2,                ,0000000,0, 0,         0,    0,0000000000000000000000000000000000000000,0000000000000000000000000000000000000000,         0,         0,         0,         0,1, 0, 0, 0,1340                          ,    0,        22,1,20190201 20:16:54,3211                          ,  101, 9999,  101,  101,    0,     0,     0
 ED5.2,3125562061                    ,1120                          ,LUISA LEONOR MAR    ,1154      ,                ,  101,                    ,                              , 0,2,20190201 20:17:56,    0,         0,        15,10349,   66,  101,2,                ,0010000,2, 1,         0,    0,1000000000000000000000000000000000000000,0000000000000000000000010000000000001000,         0,         0,         0,         0,1, 0, 0, 0,033125562061                  ,    0,         0,0,20190201 20:17:41,1120                          , 9999, 9999, 9999,  101,32767,     0,     0
 ED5.2,1357                          ,1129                          ,                    ,1632      ,                ,  101,                    ,                              ,14,0,20190201 20:18:22,    0,         0,       464,65535,65535, 9999,2,                ,0000000,0, 0,         0,    0,0000000000000000000000000000000000000000,0000000000000000000000000000000000000000,         0,         0,         0,         0,1, 0, 0, 0,1357                          ,    0,       464,0,20190201 20:10:38,1129                          ,  101, 9999,  101,  101,    0,     0,     0
 ED5.2,2061                          ,2093                          ,                    ,4632      ,                ,  101,                    ,                              ,14,0,20190201 20:18:49,    0,         0,        18,65535,65535, 9999,2,                ,0000000,0, 0,         0,    0,0000000000000000000000000000000000000000,0000000000000000000000000000000000000000,         0,         0,         0,         0,1, 0, 0, 0,2061                          ,    0,        18,0,20190201 20:18:31,2093                          ,  101, 9999,  101,  101,    0,     0,     0
 ED5.2,3125562061                    ,1120                          ,LUISA LEONOR MAR    ,1154      ,                ,  101,                    ,                              , 0,2,20190201 20:19:17,    0,         0,        61,10349,   66,  101,2,                ,0010000,2, 1,         0,    0,1000000000000000000000000000000000000000,0000000000000000000000010000000000001000,         0,         0,         0,         0,1, 0, 0, 0,033125562061                  ,    0,         0,0,20190201 20:18:16,1120                          , 9999, 9999, 9999,  101,32767,     0,     0
 ED5.2,3125562061                    ,1120                          ,LUISA LEONOR MAR    ,1154      ,                ,  101,                    ,                              , 0,2,20190201 20:21:29,    0,         0,        96,10349,   66,  101,2,                ,0010000,2, 1,         0,    0,1000000000000000000000000000000000000000,0000000000000000000000010000000000001000,         0,         0,         0,         0,1, 0, 0, 0,033125562061                  ,    0,         0,0,20190201 20:19:53,1120                          , 9999, 9999, 9999,  101,32767,     0,     0
 ED5.2,1561                          ,1478                          ,                    ,1952      ,                ,  101,                    ,                              ,14,0,20190201 20:22:30,    0,         0,        36,65535,65535, 9999,2,                ,0000000,0, 0,         0,    0,0000000000000000000000000000000000000000,0000000000000000000000000000000000000000,         0,         0,         0,         0,1, 0, 0, 0,1561                          ,    0,        36,0,20190201 20:21:54,1478                          ,  101, 9999,  101,  101,    0,     0,     0
 ED5.2,1032                          ,1821                          ,                    ,1632      ,                ,  101,                    ,                              ,14,0,20190201 20:22:42,    0,         0,         0,65535,65535, 9999,2,                ,0000000,0, 0,         0,    0,0000000000000000000000000000000000000000,0000000000000000000000000000000000000000,         0,         0,         0,         0,1, 0, 0, 0,1032                          ,    0,         0,0,20190201 20:22:42,1821                          ,  101, 9999,  101,  101,    0,     0,     0
 ED5.2,1447                          ,1821                          ,                    ,1632      ,                ,  101,                    ,                              ,14,0,20190201 20:22:47,    0,         0,         0,65535,65535, 9999,2,                ,0000000,0, 0,         0,    0,0000000000000000000000000000000000000000,0000000000000000000000000000000000000000,         0,         0,         0,         0,1, 0, 0, 0,1032                          ,    0,         0,1,20190201 20:22:47,1821                          ,  101, 9999,  101,  101,    0,     0,     0
 ED5.2,1478                          ,1364                          ,                    ,1632      ,                ,  101,                    ,                              ,14,0,20190201 20:22:52,    0,         0,         0,65535,65535, 9999,2,                ,0000000,0, 0,         0,    0,0000000000000000000000000000000000000000,0000000000000000000000000000000000000000,         0,         0,         0,         0,1, 0, 0, 0,1478                          ,    0,         0,0,20190201 20:22:52,1364                          ,  101, 9999,  101,  101,    0,     0,     0
 ED5.2,1364                          ,1478                          ,                    ,1952      ,                ,  101,                    ,                              ,14,0,20190201 20:23:23,    0,         0,         0,65535,65535, 9999,2,                ,0000000,0, 0,         0,    0,0000000000000000000000000000000000000000,0000000000000000000000000000000000000000,         0,         0,         0,         0,1, 0, 0, 0,1364                          ,    0,         0,0,20190201 20:23:23,1478                          ,  101, 9999,  101,  101,    0,     0,     0
 ED5.2,1038                          ,1478                          ,                    ,1952      ,                ,  101,                    ,                              ,14,0,20190201 20:24:16,    0,         0,        50,65535,65535, 9999,2,                ,0000000,0, 0,         0,    0,0000000000000000000000000000000000000000,0000000000000000000000000000000000000000,         0,         0,         0,         0,1, 0, 0, 0,1364                          ,    0,        50,1,20190201 20:23:26,1478                          ,  101, 9999,  101,  101,    0,     0,     0
 ED5.2,3026323                       ,1213                          ,INGRID VANES ROD    ,1911      ,                ,  101,                    ,                              , 0,2,20190201 20:25:12,    0,         0,         0,10001,   11,  101,2,                ,0010000,2, 1,         0,    0,1000000000000000000000000000000000000000,0000000000000000000000010000000000001000,         0,         0,         0,         0,1, 0, 0, 0,3026323                       ,    0,         0,0,20190201 20:25:12,1213                          , 9999, 9999, 9999,  101,32767,     0,     0
 ED5.2,2061                          ,2093                          ,                    ,4632      ,                ,  101,                    ,                              ,14,0,20190201 20:26:13,    0,         0,         8,65535,65535, 9999,2,                ,0000000,0, 0,         0,    0,0000000000000000000000000000000000000000,0000000000000000000000000000000000000000,         0,         0,         0,         0,1, 0, 0, 0,2061                          ,    0,         8,0,20190201 20:26:05,2093                          ,  101, 9999,  101,  101,    0,     0,     0
 ED5.2,1038                          ,1478                          ,                    ,1952      ,                ,  101,                    ,                              ,14,0,20190201 20:27:07,    0,         0,        13,65535,65535, 9999,2,                ,0000000,0, 0,         0,    0,0000000000000000000000000000000000000000,0000000000000000000000000000000000000000,         0,         0,         0,         0,1, 0, 0, 0,1038                          ,    0,        13,0,20190201 20:26:54,1478                          ,  101, 9999,  101,  101,    0,     0,     0
 ED5.2,1331                          ,4051                          ,                    ,2635      ,                ,  101,                    ,                              ,14,0,20190201 20:28:58,    0,         0,         0,65535,65535, 9999,2,                ,0000000,0, 0,         0,    0,0000000000000000000000000000000000000000,0000000000000000000000000000000000000000,         0,         0,         0,         0,1, 0, 0, 0,1331                          ,    0,         0,0,20190201 20:28:58,4051                          ,  101, 9999,  101,  101,    0,     0,     0
 ED5.2,6604876                       ,1314                          ,INGENIERO DESARR    ,1945      ,                ,  101,                    ,                              , 0,2,20190201 20:29:14,    0,         0,         0,10001,   11,  101,2,                ,0010000,2, 1,         0,    0,1000000000000000000000000000000000000000,0000000000000000000000010000000000001000,         0,         0,         0,         0,1, 0, 0, 0,6604876                       ,    0,         0,0,20190201 20:29:14,1314                          , 9999, 9999, 9999,  101,32767,     0,     0
 ED5.2,3118144656                    ,1120                          ,LUISA LEONOR MAR    ,1154      ,                ,  101,                    ,                              , 0,2,20190201 20:29:20,    0,         0,       447,10349,   66,  101,2,                ,0010000,2, 1,         0,    0,1000000000000000000000000000000000000000,0000000000000000000000010000000000001000,         0,         0,         0,         0,1, 0, 0, 0,033118144656                  ,    0,         0,0,20190201 20:21:53,1120                          , 9999, 9999, 9999,  101,32767,     0,     0
 ED5.2,6604876                       ,1314                          ,INGENIERO DESARR    ,1945      ,                ,  101,                    ,                              , 0,2,20190201 20:29:25,    0,         0,         0,10001,   11,  101,2,                ,0010000,2, 1,         0,    0,1000000000000000000000000000000000000000,0000000000000000000000010000000000001000,         0,         0,         0,         0,1, 0, 0, 0,6604876                       ,    0,         0,0,20190201 20:29:25,1314                          , 9999, 9999, 9999,  101,32767,     0,     0
 ED5.2,6604876                       ,1314                          ,INGENIERO DESARR    ,1945      ,                ,  101,                    ,                              , 0,2,20190201 20:29:34,    0,         0,         0,10001,   11,  101,2,                ,0010000,2, 1,         0,    0,1000000000000000000000000000000000000000,0000000000000000000000010000000000001000,         0,         0,         0,         0,1, 0, 0, 0,6604876                       ,    0,         0,0,20190201 20:29:34,1314                          , 9999, 9999, 9999,  101,32767,     0,     0
 ED5.2,1561                          ,1478                          ,                    ,1952      ,                ,  101,                    ,                              ,14,0,20190201 20:30:35,    0,         0,        11,65535,65535, 9999,2,                ,0000000,0, 0,         0,    0,0000000000000000000000000000000000000000,0000000000000000000000000000000000000000,         0,         0,         0,         0,1, 0, 0, 0,1561                          ,    0,        11,0,20190201 20:30:24,1478                          ,  101, 9999,  101,  101,    0,     0,     0
 ED5.2,6103842                       ,1168                          ,JENNY PAOLA PARD    ,1952      ,                ,  101,                    ,                              , 0,2,20190201 20:31:40,    0,         0,         0,10001,   11,  101,2,                ,0010000,2, 1,         0,    0,1000000000000000000000000000000000000000,0000000000000000000000010000000000001000,         0,         0,         0,         0,1, 0, 0, 0,6103842                       ,    0,         0,0,20190201 20:31:40,1168                          , 9999, 9999, 9999,  101,32767,     0,     0
 ED5.2,6103862                       ,1168                          ,JENNY PAOLA PARD    ,1952      ,                ,  101,                    ,                              , 0,2,20190201 20:31:49,    0,         0,         0,10001,   11,  101,2,                ,0010000,2, 1,         0,    0,1000000000000000000000000000000000000000,0000000000000000000000010000000000001000,         0,         0,         0,         0,1, 0, 0, 0,6103862                       ,    0,         0,0,20190201 20:31:49,1168                          , 9999, 9999, 9999,  101,32767,     0,     0
 ED5.2,6103842                       ,1168                          ,JENNY PAOLA PARD    ,1952      ,                ,  101,                    ,                              , 0,2,20190201 20:31:55,    0,         0,         0,10001,   11,  101,2,                ,0010000,2, 1,         0,    0,1000000000000000000000000000000000000000,0000000000000000000000010000000000001000,         0,         0,         0,         0,1, 0, 0, 0,6103842                       ,    0,         0,0,20190201 20:31:55,1168                          , 9999, 9999, 9999,  101,32767,     0,     0
 ED5.2,6103842                       ,1168                          ,JENNY PAOLA PARD    ,1952      ,                ,  101,                    ,                              , 0,2,20190201 20:32:55,    0,         0,         1,10001,   11,  101,2,                ,0010000,2, 1,         0,    0,1000000000000000000000000000000000000000,0000000000000000000000010000000000001000,         0,         0,         0,         0,1, 0, 0, 0,6103842                       ,    0,         0,0,20190201 20:32:54,1168                          , 9999, 9999, 9999,  101,32767,     0,     0
 ED5.2,2061                          ,2067                          ,                    ,4632      ,                ,  101,                    ,                              ,14,0,20190201 20:33:38,    0,         0,        19,65535,65535, 9999,2,                ,0000000,0, 0,         0,    0,0000000000000000000000000000000000000000,0000000000000000000000000000000000000000,         0,         0,         0,         0,1, 0, 0, 0,2061                          ,    0,        19,0,20190201 20:33:19,2067                          ,  101, 9999,  101,  101,    0,     0,     0
 ED5.2,6103842                       ,1168                          ,JENNY PAOLA PARD    ,1952      ,                ,  101,                    ,                              , 0,2,20190201 20:37:17,    0,         0,       186,10001,   11,  101,2,                ,0010000,2, 1,         0,    0,1000000000000000000000000000000000000000,0000000000000000000000010000000000001000,         0,         0,         0,         0,1, 0, 0, 0,6103842                       ,    0,         0,0,20190201 20:34:11,1168                          , 9999, 9999, 9999,  101,32767,     0,     0
 ED5.2,663144211527                  ,FS020                         ,ETB                 ,          ,                ,  101,                    ,                              , 4,2,20190201 20:38:44,    0,         0,         5,  120,   20,  101,2,                ,0000000,3, 0,         0,    0,0000000000000000000000000000000000000000,0000000000000000000000010000000000000000,         0,         0,         0,         0,1, 0, 0, 0,A800                          ,    5,         0,0,20190201 20:38:39,                              , 9999, 9999, 9999, 9999,32767,     0,     0
 ED5.2,0749055110                    ,3400                          ,SARA VILLA RA       ,2675      ,                ,  101,                    ,                              , 4,2,20190201 20:38:57,    0,         0,       130,11361,  201,  101,2,                ,0000000,2, 0,         0,    0,0000000000000000000000000000000000000000,0000000000000000000000010000000000000000,         0,         0,         0,         0,1, 0, 0, 0,7764                          ,  130,         0,0,20190201 20:36:47,                              , 9999, 9999, 9999, 9999,32767,     0,     0
 ED5.2,1120                          ,1857                          ,                    ,1154      ,                ,  101,                    ,                              ,14,0,20190201 20:39:53,    0,         0,       139,65535,65535, 9999,2,                ,0000000,0, 0,         0,    0,0000000000000000000000000000000000000000,0000000000000000000000000000000000000000,         0,         0,         0,         0,1, 0, 0, 0,1120                          ,    0,       139,0,20190201 20:37:34,1857                          ,  101, 9999,  101,  101,    0,     0,     0
 ED5.2,3107                          ,3243                          ,                    ,1949      ,                ,  101,                    ,                              ,14,0,20190201 20:45:23,    0,         0,        16,65535,65535, 9999,2,                ,0000000,0, 0,         0,    0,0000000000000000000000000000000000000000,0000000000000000000000000000000000000000,         0,         0,         0,         0,1, 0, 0, 0,3107                          ,    0,        16,0,20190201 20:45:07,3243                          ,  101, 9999,  101,  101,    0,     0,     0
 ED5.2,3194392620                    ,3104                          ,VIVIANA ANDR MAR    ,1979      ,                ,  101,                    ,                              , 0,2,20190201 20:45:27,    0,         0,         0,10349,   66,  101,2,                ,0010000,2, 1,         0,    0,1000000000000000000000000000000000000000,0000000000000000000000010000000000001000,         0,         0,         0,         0,1, 0, 0, 0,033194392620                  ,    0,         0,0,20190201 20:45:27,3104                          , 9999, 9999, 9999,  101,32767,     0,     0
 ED5.2,033194392620                  ,3104                          ,VIVIANA ANDR MAR    ,1979      ,                ,  101,                    ,                              , 0,2,20190201 20:45:46,    0,         0,         0,10865,   82,  101,2,                ,0010000,2, 1,         0,    0,1000000000000000000000000000000000000000,0000000000000000000000010000000000001000,         0,         0,         0,         0,1, 0, 0, 0,033194392620                  ,    0,         0,0,20190201 20:45:46,3104                          , 9999, 9999, 9999,  101,32767,     0,     0
 ED5.2,7777                          ,4051                          ,                    ,2635      ,                ,  101,                    ,                              , 3,0,20190201 20:45:52,    0,         0,         0,65535,65535, 9999,2,                ,0000000,0, 0,         0,    0,0000000000000000000000000000000000000000,0000000000000000000000000000000000000000,         0,         0,         0,         0,1, 0, 0, 0,7777                          ,    0,         0,0,20190201 20:45:52,4051                          ,  101, 9999,  101,  101,    0,     0,     0
 ED5.2,033194392620                  ,3104                          ,VIVIANA ANDR MAR    ,1979      ,                ,  101,                    ,                              , 0,2,20190201 20:46:08,    0,         0,         0,10865,   82,  101,2,                ,0010000,2, 1,         0,    0,1000000000000000000000000000000000000000,0000000000000000000000010000000000001000,         0,         0,         0,         0,1, 0, 0, 0,033194392620                  ,    0,         0,0,20190201 20:46:08,3104                          , 9999, 9999, 9999,  101,32767,     0,     0
 ED5.2,6604869                       ,1150                          ,LINA VANESA GALI    ,1952      ,                ,  101,                    ,                              , 0,2,20190201 20:46:10,    0,         0,        36,10001,   11,  101,2,                ,0010000,2, 1,         0,    0,1000000000000000000000000000000000000000,0000000000000000000000010000000000001000,         0,         0,         0,         0,1, 0, 0, 0,6604869                       ,    0,         0,0,20190201 20:45:34,1150                          , 9999, 9999, 9999,  101,32767,     0,     0
 ED5.2,1561                          ,1478                          ,                    ,1952      ,                ,  101,                    ,                              ,14,0,20190201 20:46:11,    0,         0,        17,65535,65535, 9999,2,                ,0000000,0, 0,         0,    0,0000000000000000000000000000000000000000,0000000000000000000000000000000000000000,         0,         0,         0,         0,1, 0, 0, 0,1561                          ,    0,        17,0,20190201 20:45:54,1478                          ,  101, 9999,  101,  101,    0,     0,     0
 ED5.2,033194392620                  ,3104                          ,VIVIANA ANDR MAR    ,1979      ,                ,  101,                    ,                              , 0,2,20190201 20:46:56,    0,         0,        10,10865,   82,  101,2,                ,0010000,2, 1,         0,    0,1000000000000000000000000000000000000000,0000000000000000000000010000000000001000,         0,         0,         0,         0,1, 0, 0, 0,033194392620                  ,    0,         0,0,20190201 20:46:46,3104                          , 9999, 9999, 9999,  101,32767,     0,     0
 ED5.2,1664                          ,1357                          ,                    ,1632      ,                ,  101,                    ,                              ,14,0,20190201 20:47:33,    0,         0,        29,65535,65535, 9999,2,                ,0000000,0, 0,         0,    0,0000000000000000000000000000000000000000,0000000000000000000000000000000000000000,         0,         0,         0,         0,1, 0, 0, 0,1664                          ,    0,        29,0,20190201 20:47:04,1357                          ,  101, 9999,  101,  101,    0,     0,     0
 ED5.2,033194392620                  ,3104                          ,VIVIANA ANDR MAR    ,1979      ,                ,  101,                    ,                              , 0,2,20190201 20:48:01,    0,         0,         0,10865,   82,  101,2,                ,0010000,2, 1,         0,    0,1000000000000000000000000000000000000000,0000000000000000000000010000000000001000,         0,         0,         0,         0,1, 0, 0, 0,033194392620                  ,    0,         0,0,20190201 20:48:01,3104                          , 9999, 9999, 9999,  101,32767,     0,     0
 ED5.2,1582                          ,1896                          ,                    ,1632      ,                ,  101,                    ,                              ,14,0,20190201 20:52:29,    0,         0,         0,65535,65535, 9999,2,                ,0000000,0, 0,         0,    0,0000000000000000000000000000000000000000,0000000000000000000000000000000000000000,         0,         0,         0,         0,1, 0, 0, 0,1582                          ,    0,         0,0,20190201 20:52:29,1896                          ,  101, 9999,  101,  101,    0,     0,     0
 ED5.2,3174821280                    ,1239                          ,WILLINTONG MUNOZ    ,1949      ,                ,  101,                    ,                              , 0,2,20190201 20:53:35,    0,         0,         1,10349,   66,  101,2,                ,0010000,2, 1,         0,    0,1000000000000000000000000000000000000000,0000000000000000000000010000000000001000,         0,         0,         0,         0,1, 0, 0, 0,033174821280                  ,    0,         0,0,20190201 20:53:34,1239                          , 9999, 9999, 9999,  101,32767,     0,     0
 ED5.2,1024                          ,1213                          ,                    ,1911      ,                ,  101,                    ,                              ,14,0,20190201 20:53:39,    0,         0,       288,65535,65535, 9999,2,                ,0000000,0, 0,         0,    0,0000000000000000000000000000000000000000,0000000000000000000000000000000000000000,         0,         0,         0,         0,1, 0, 0, 0,1024                          ,    0,       288,0,20190201 20:48:51,1213                          ,  101, 9999,  101,  101,    0,     0,     0
 ED5.2,1214                          ,1893                          ,                    ,1741      ,                ,  101,                    ,                              ,14,0,20190201 20:53:53,    0,         0,      1203,65535,65535, 9999,2,                ,0000000,0, 0,         0,    0,0000000000000000000000000000000000000000,0000000000000000000000000000000000000000,         0,         0,         0,         0,1, 0, 0, 0,1214                          ,    0,      1203,0,20190201 20:33:50,1893                          ,  101, 9999,  101,  101,    0,     0,     0
 ED5.2,3948092                       ,1239                          ,WILLINTONG MUNOZ    ,1949      ,                ,  101,                    ,                              , 0,2,20190201 20:55:43,    0,         0,       114,10001,   11,  101,2,                ,0010000,2, 1,         0,    0,1000000000000000000000000000000000000000,0000000000000000000000010000000000001000,         0,         0,         0,         0,1, 0, 0, 0,3948092                       ,    0,         0,0,20190201 20:53:49,1239                          , 9999, 9999, 9999,  101,32767,     0,     0
 ED5.2,1024                          ,1213                          ,                    ,1911      ,                ,  101,                    ,                              ,14,0,20190201 20:56:14,    0,         0,       101,65535,65535, 9999,2,                ,0000000,0, 0,         0,    0,0000000000000000000000000000000000000000,0000000000000000000000000000000000000000,         0,         0,         0,         0,1, 0, 0, 0,1024                          ,    0,       101,0,20190201 20:54:33,1213                          ,  101, 9999,  101,  101,    0,     0,     0
 ED5.2,663204721357                  ,FS082                         ,SIPsalida           ,          ,                ,  101,                    ,                              , 4,2,20190201 20:57:01,    0,         0,         5,10865,   82,  101,2,                ,0000000,2, 0,         0,    0,0000000000000000000000000000000000000000,0000000000000000000000010000000000000000,         0,         0,         0,         0,1, 0, 0, 0,A500                          ,    6,         0,0,20190201 20:56:56,                              , 9999, 9999, 9999, 9999,32767,     0,     0
 ED5.2,1580                          ,1736                          ,                    ,1635      ,                ,  101,                    ,                              ,14,0,20190201 20:57:23,    0,         0,         7,65535,65535, 9999,2,                ,0000000,0, 0,         0,    0,0000000000000000000000000000000000000000,0000000000000000000000000000000000000000,         0,         0,         0,         0,1, 0, 0, 0,3211                          ,    0,         7,1,20190201 20:57:16,1736                          ,  101, 9999,  101,  101,    0,     0,     0
 ED5.2,1325                          ,1736                          ,                    ,1635      ,                ,  101,                    ,                              ,14,0,20190201 20:59:16,    0,         0,         8,65535,65535, 9999,2,                ,0000000,0, 0,         0,    0,0000000000000000000000000000000000000000,0000000000000000000000000000000000000000,         0,         0,         0,         0,1, 0, 0, 0,1325                          ,    0,         8,0,20190201 20:59:08,1736                          ,  101, 9999,  101,  101,    0,     0,     0
 ED5.2,1369                          ,1736                          ,                    ,1635      ,                ,  101,                    ,                              ,14,0,20190201 20:59:38,    0,         0,         9,65535,65535, 9999,2,                ,0000000,0, 0,         0,    0,0000000000000000000000000000000000000000,0000000000000000000000000000000000000000,         0,         0,         0,         0,1, 0, 0, 0,1369                          ,    0,         9,0,20190201 20:59:29,1736                          ,  101, 9999,  101,  101,    0,     0,     0
 ED5.2,663106432407                  ,4067                          ,LAURA ZABALA R      ,2952      ,                ,  101,                    ,                              , 4,2,20190201 21:02:07,    0,         0,        32,10445,   15,  101,2,                ,0000000,2, 0,         0,    0,0000000000000000000000000000000000000000,0000000000000000000000010000000000000000,         0,         0,         0,         0,1, 0, 0, 0,A800                          ,   32,         0,1,20190201 21:01:35,                              , 9999, 9999, 9999, 9999,32767,     0,     0
