 ED5.2,5160500                       ,1340                          ,RECEPCION MORATO    ,1635      ,                ,  101,                    ,                              , 4,2,20190126 10:01:34,    0,         0,       205,  120,   20,  101,2,                ,0000000,3, 0,         0,    0,0000000000000000000000000000000000000000,0000000000000000000000010000000000000000,         0,         0,         0,         0,1, 0, 0, 0,A800                          ,  205,         0,1,20190126 09:58:09,                              , 9999, 9999, 9999, 9999,32767,     0,     0
 ED5.2,3600124                       ,5148                          ,WILSON SEGUN FON    ,3952      ,                ,  101,                    ,                              , 0,2,20190126 10:04:11,    0,         0,        93,10865,   82,  101,2,                ,0010000,2, 1,         0,    0,1000000000000000000000000000000000000000,0000000000000000000000010000000000001000,         0,         0,         0,         0,1, 0, 0, 0,3600124                       ,    0,         0,0,20190126 10:02:38,5148                          , 9999, 9999, 9999,  101,32767,     0,     0
 ED5.2,1458                          ,1328                          ,                    ,1952      ,                ,  101,                    ,                              ,14,0,20190126 10:04:27,    0,         0,         0,65535,65535, 9999,2,                ,0000000,0, 0,         0,    0,0000000000000000000000000000000000000000,0000000000000000000000000000000000000000,         0,         0,         0,         0,1, 0, 0, 0,1458                          ,    0,         0,0,20190126 10:04:27,1328                          ,  101, 9999,  101,  101,    0,     0,     0
 ED5.2,4076                          ,4036                          ,                    ,2952      ,                ,  101,                    ,                              ,14,0,20190126 10:05:00,    0,         0,         0,65535,65535, 9999,2,                ,0000000,0, 0,         0,    0,0000000000000000000000000000000000000000,0000000000000000000000000000000000000000,         0,         0,         0,         0,1, 0, 0, 0,4076                          ,    0,         0,0,20190126 10:05:00,4036                          ,  101, 9999,  101,  101,    0,     0,     0
 ED5.2,4051                          ,4042                          ,                    ,2949      ,                ,  101,                    ,                              ,14,0,20190126 10:05:47,    0,         0,         0,65535,65535, 9999,2,                ,0000000,0, 0,         0,    0,0000000000000000000000000000000000000000,0000000000000000000000000000000000000000,         0,         0,         0,         0,1, 0, 0, 0,4051                          ,    0,         0,0,20190126 10:05:47,4042                          ,  101, 9999,  101,  101,    0,     0,     0
 ED5.2,4074                          ,4042                          ,                    ,2949      ,                ,  101,                    ,                              ,14,0,20190126 10:05:52,    0,         0,         0,65535,65535, 9999,2,                ,0000000,0, 0,         0,    0,0000000000000000000000000000000000000000,0000000000000000000000000000000000000000,         0,         0,         0,         0,1, 0, 0, 0,4074                          ,    0,         0,0,20190126 10:05:52,4042                          ,  101, 9999,  101,  101,    0,     0,     0
 ED5.2,663102279879                  ,1600                          ,RECEPCION COUNTR    ,1635      ,                ,  101,                    ,                              , 4,2,20190126 10:05:56,    0,         0,       196,  120,   20,  101,2,                ,0000000,2, 1,         0,    0,0000000000000000000000000000000000000000,0000000000000000000000010000000000000000,         0,         0,         0,         0,1, 0, 0, 0,A800                          ,  197,         0,1,20190126 10:02:40,                              , 9999, 9999, 9999, 9999,32767,     0,     0
 ED5.2,4042                          ,4056                          ,                    ,2635      ,                ,  101,                    ,                              ,14,0,20190126 10:06:32,    0,         0,        35,65535,65535, 9999,2,                ,0000000,0, 0,         0,    0,0000000000000000000000000000000000000000,0000000000000000000000000000000000000000,         0,         0,         0,         0,1, 0, 0, 0,4042                          ,    0,        35,0,20190126 10:05:57,4056                          ,  101, 9999,  101,  101,    0,     0,     0
 ED5.2,3158403940                    ,4042                          ,DARIO GOMEZ LO      ,2949      ,                ,  101,                    ,                              , 0,2,20190126 10:06:50,    0,         0,         0,10349,   66,  101,2,                ,0010000,2, 1,         0,    0,1000000000000000000000000000000000000000,0000000000000000000000010000000000001000,         0,         0,         0,         0,1, 0, 0, 0,033158403940                  ,    0,         0,0,20190126 10:06:50,4042                          , 9999, 9999, 9999,  101,32767,     0,     0
 ED5.2,663234769731                  ,FS020                         ,ETB                 ,          ,                ,  101,                    ,                              , 4,2,20190126 10:07:53,    0,         0,        62,  121,   20,  101,2,                ,0000000,2, 0,         0,    0,0000000000000000000000000000000000000000,0000000000000000000000010000000000000000,         0,         0,         0,         0,1, 0, 0, 0,A800                          ,   63,         0,1,20190126 10:06:51,                              , 9999, 9999, 9999, 9999,32767,     0,     0
 ED5.2,663102279879                  ,1736                          ,RECEPCION 2 MORA    ,1635      ,                ,  101,                    ,                              , 4,2,20190126 10:08:30,    0,         0,       148,  120,   20,  101,2,                ,0000000,2, 1,         0,    0,0000000000000000000000000000000000000000,0000000000000000000000010000000000000000,         0,         0,         0,         0,1, 0, 0, 0,A800                          ,  148,         0,1,20190126 10:06:02,                              , 9999, 9999, 9999, 9999,32767,     0,     0
 ED5.2,4891810                       ,FS020                         ,ETB                 ,          ,                ,  101,                    ,                              , 4,2,20190126 10:11:55,    0,         0,         6,  120,   20,  101,2,                ,0000000,3, 0,         0,    0,0000000000000000000000000000000000000000,0000000000000000000000010000000000000000,         0,         0,         0,         0,1, 0, 0, 0,A800                          ,    6,         0,0,20190126 10:11:49,                              , 9999, 9999, 9999, 9999,32767,     0,     0
 ED5.2,663017949319                  ,5126                          ,ASTRID CAROL LAR    ,3843      ,                ,  101,                    ,                              , 4,2,20190126 10:14:09,    0,         0,        62,11485,  219,  101,2,                ,0000000,2, 0,         0,    0,0000000000000000000000000000000000000000,0000000000000000000000010000000000000000,         0,         0,         0,         0,1, 0, 0, 0,A800                          ,   63,         0,1,20190126 10:13:07,                              , 9999, 9999, 9999, 9999,32767,     0,     0
 ED5.2,6604876                       ,1346                          ,CAMILA ANDRE PUE    ,1318      ,                ,  101,                    ,                              , 0,2,20190126 10:16:41,    0,         0,       278,10001,   11,  101,2,                ,0010000,2, 1,         0,    0,1000000000000000000000000000000000000000,0000000000000000000000010000000000001000,         0,         0,         0,         0,1, 0, 0, 0,6604876                       ,    0,         0,0,20190126 10:12:03,1346                          , 9999, 9999, 9999,  101,32767,     0,     0
 ED5.2,3771313                       ,2020                          ,ESTEFANI XIO MON    ,4635      ,                ,  101,                    ,                              , 4,2,20190126 10:16:42,    0,         0,       104,  304,   65,  101,2,                ,0000000,3, 0,         0,    0,0000000000000000000000000000000000000000,0000000000000000000000010000000000000000,         0,         0,         0,         0,1, 0, 0, 0,A600                          ,  105,         0,0,20190126 10:14:58,                              , 9999, 9999, 9999, 9999,32767,     0,     0
 ED5.2,663045308339                  ,3400                          ,SARA VILLA RA       ,2675      ,                ,  101,                    ,                              , 4,2,20190126 10:18:50,    0,         0,        80,11361,  201,  101,2,                ,0000000,2, 0,         0,    0,0000000000000000000000000000000000000000,0000000000000000000000010000000000000000,         0,         0,         0,         0,1, 0, 0, 0,7764                          ,   81,         0,0,20190126 10:17:30,                              , 9999, 9999, 9999, 9999,32767,     0,     0
 ED5.2,3771313                       ,2020                          ,ESTEFANI XIO MON    ,4635      ,                ,  101,                    ,                              , 4,2,20190126 10:19:04,    0,         0,        82,  305,   65,  101,2,                ,0000000,3, 0,         0,    0,0000000000000000000000000000000000000000,0000000000000000000000010000000000000000,         0,         0,         0,         0,1, 0, 0, 0,A600                          ,   82,         0,0,20190126 10:17:42,                              , 9999, 9999, 9999, 9999,32767,     0,     0
 ED5.2,4056                          ,4044                          ,                    ,2949      ,                ,  101,                    ,                              ,14,0,20190126 10:22:41,    0,         0,        61,65535,65535, 9999,2,                ,0000000,0, 0,         0,    0,0000000000000000000000000000000000000000,0000000000000000000000000000000000000000,         0,         0,         0,         0,1, 0, 0, 0,4056                          ,    0,        61,0,20190126 10:21:40,4044                          ,  101, 9999,  101,  101,    0,     0,     0
 ED5.2,4042                          ,4056                          ,                    ,2635      ,                ,  101,                    ,                              ,14,0,20190126 10:24:03,    0,         0,        12,65535,65535, 9999,2,                ,0000000,0, 0,         0,    0,0000000000000000000000000000000000000000,0000000000000000000000000000000000000000,         0,         0,         0,         0,1, 0, 0, 0,4042                          ,    0,        12,0,20190126 10:23:51,4056                          ,  101, 9999,  101,  101,    0,     0,     0
 ED5.2,3320033                       ,3406                          ,DIANA MARCEL CRU    ,2466      ,                ,  101,                    ,                              , 0,2,20190126 10:24:12,    0,         0,        14,11361,  201,  101,2,                ,0000000,2, 1,         0,    0,1000000000000000000000000000000000000000,0000000000000000000000010000000000001000,         0,         0,         0,         0,1, 0, 0, 0,3320033                       ,    0,         0,0,20190126 10:23:58,3406                          , 9999, 9999, 9999,  101,32767,     0,     0
 ED5.2,                              ,1600                          ,RECEPCION COUNTR    ,1635      ,                ,  101,                    ,                              , 4,1,20190126 10:25:33,    0,         0,       567,  400,   80,  101,2,                ,0000000,0, 0,         0,    0,0000000000000000000000000000000000000000,0000000000000000000000010000000000000000,         0,         0,         0,         0,1, 0, 0, 0,                              ,  567,         0,1,20190126 10:16:06,                              , 9999, 9999, 9999, 9999,32767,     0,     0
 ED5.2,4056                          ,4044                          ,                    ,2949      ,                ,  101,                    ,                              ,14,0,20190126 10:27:30,    0,         0,        23,65535,65535, 9999,2,                ,0000000,0, 0,         0,    0,0000000000000000000000000000000000000000,0000000000000000000000000000000000000000,         0,         0,         0,         0,1, 0, 0, 0,4056                          ,    0,        23,0,20190126 10:27:07,4044                          ,  101, 9999,  101,  101,    0,     0,     0
 ED5.2,663007585279                  ,1736                          ,RECEPCION 2 MORA    ,1635      ,                ,  101,                    ,                              , 4,2,20190126 10:29:37,    0,         0,        84,  120,   20,  101,2,                ,0000000,2, 0,         0,    0,0000000000000000000000000000000000000000,0000000000000000000000010000000000000000,         0,         0,         0,         0,1, 0, 0, 0,A800                          ,   84,         0,1,20190126 10:28:13,                              , 9999, 9999, 9999, 9999,32767,     0,     0
 ED5.2,663009121097                  ,FS065                         ,Fidu-Cali           ,          ,                ,  101,                    ,                              , 4,2,20190126 10:29:44,    0,         0,        18,  308,   65,  101,2,                ,0000000,3, 0,         0,    0,0000000000000000000000000000000000000000,0000000000000000000000010000000000000000,         0,         0,         0,         0,1, 0, 0, 0,A600                          ,   18,         0,1,20190126 10:29:26,                              , 9999, 9999, 9999, 9999,32767,     0,     0
 ED5.2,4441234                       ,3136                          ,MARIA ALEJAN MON    ,1672      ,                ,  101,                    ,                              , 0,2,20190126 10:32:27,    0,         0,       648,10001,   11,  101,2,                ,0010000,2, 1,         0,    0,1000000000000000000000000000000000000000,0000000000000000000000010000000000001000,         0,         0,         0,         0,1, 0, 0, 0,4441234                       ,    0,         0,0,20190126 10:21:39,3136                          , 9999, 9999, 9999,  101,32767,     0,     0
 ED5.2,6047565                       ,FS020                         ,ETB                 ,          ,                ,  101,                    ,                              , 4,2,20190126 10:33:21,    0,         0,        22,  121,   20,  101,2,                ,0000000,3, 0,         0,    0,0000000000000000000000000000000000000000,0000000000000000000000010000000000000000,         0,         0,         0,         0,1, 0, 0, 0,A800                          ,   22,         0,0,20190126 10:32:59,                              , 9999, 9999, 9999, 9999,32767,     0,     0
 ED5.2,7430276                       ,1014                          ,RECEPCION LO COU    ,1635      ,                ,  101,                    ,                              , 4,2,20190126 10:33:23,    0,         0,        85,  120,   20,  101,2,                ,0000000,3, 0,         0,    0,0000000000000000000000000000000000000000,0000000000000000000000010000000000000000,         0,         0,         0,         0,1, 0, 0, 0,A800                          ,   86,         0,1,20190126 10:31:58,                              , 9999, 9999, 9999, 9999,32767,     0,     0
 ED5.2,5961525                       ,3429                          ,JUAN GUILLER BER    ,2091      ,                ,  101,                    ,                              , 0,2,20190126 10:33:51,    0,         0,        77,11361,  201,  101,2,                ,0000000,2, 1,         0,    0,1000000000000000000000000000000000000000,0000000000000000000000010000000000001000,         0,         0,         0,         0,1, 0, 0, 0,5961525                       ,    0,         0,0,20190126 10:32:34,3429                          , 9999, 9999, 9999,  101,32767,     0,     0
 ED5.2,3299620                       ,FS020                         ,ETB                 ,          ,                ,  101,                    ,                              , 4,2,20190126 10:36:38,    0,         0,         2,  121,   20,  101,2,                ,0000000,3, 0,         0,    0,0000000000000000000000000000000000000000,0000000000000000000000010000000000000000,         0,         0,         0,         0,1, 0, 0, 0,A800                          ,    3,         0,0,20190126 10:36:36,                              , 9999, 9999, 9999, 9999,32767,     0,     0
 ED5.2,663046791502                  ,1414                          ,WENDY YOLANN ROD    ,1952      ,                ,  101,                    ,                              , 4,2,20190126 10:36:55,    0,         0,        45,  120,   20,  101,2,                ,0000000,2, 0,         0,    0,0000000000000000000000000000000000000000,0000000000000000000000010000000000000000,         0,         0,         0,         0,1, 0, 0, 0,A800                          ,   46,         0,1,20190126 10:36:10,                              , 9999, 9999, 9999, 9999,32767,     0,     0
 ED5.2,4003                          ,4056                          ,                    ,2635      ,                ,  101,                    ,                              ,14,0,20190126 10:42:46,    0,         0,        26,65535,65535, 9999,2,                ,0000000,0, 0,         0,    0,0000000000000000000000000000000000000000,0000000000000000000000000000000000000000,         0,         0,         0,         0,1, 0, 0, 0,4003                          ,    0,        26,0,20190126 10:42:20,4056                          ,  101, 9999,  101,  101,    0,     0,     0
 ED5.2,7436769                       ,FS020                         ,ETB                 ,          ,                ,  101,                    ,                              , 4,2,20190126 10:44:31,    0,         0,        24,  120,   20,  101,2,                ,0000000,3, 0,         0,    0,0000000000000000000000000000000000000000,0000000000000000000000010000000000000000,         0,         0,         0,         0,1, 0, 0, 0,A800                          ,   24,         0,0,20190126 10:44:07,                              , 9999, 9999, 9999, 9999,32767,     0,     0
 ED5.2,6047565                       ,FS020                         ,ETB                 ,          ,                ,  101,                    ,                              , 4,2,20190126 10:47:32,    0,         0,        57,  120,   20,  101,2,                ,0000000,3, 0,         0,    0,0000000000000000000000000000000000000000,0000000000000000000000010000000000000000,         0,         0,         0,         0,1, 0, 0, 0,A800                          ,   58,         0,1,20190126 10:46:35,                              , 9999, 9999, 9999, 9999,32767,     0,     0
 ED5.2,663137324222                  ,1736                          ,RECEPCION 2 MORA    ,1635      ,                ,  101,                    ,                              , 4,2,20190126 10:50:06,    0,         0,       190,  121,   20,  101,2,                ,0000000,2, 1,         0,    0,0000000000000000000000000000000000000000,0000000000000000000000010000000000000000,         0,         0,         0,         0,1, 0, 0, 0,A800                          ,  190,         0,1,20190126 10:46:56,                              , 9999, 9999, 9999, 9999,32767,     0,     0
 ED5.2,5395034                       ,4082                          ,CATALINA ARBOLED    ,2952      ,                ,  101,                    ,                              , 4,2,20190126 10:54:58,    0,         0,        92,10445,   15,  101,2,                ,0000000,2, 0,         0,    0,0000000000000000000000000000000000000000,0000000000000000000000010000000000000000,         0,         0,         0,         0,1, 0, 0, 0,A800                          ,   92,         0,1,20190126 10:53:26,                              , 9999, 9999, 9999, 9999,32767,     0,     0
 ED5.2,2064453                       ,1736                          ,RECEPCION 2 MORA    ,1635      ,                ,  101,                    ,                              , 0,2,20190126 10:55:00,    0,         0,         0,10865,   82,  101,2,                ,0010000,2, 1,         0,    0,1000000000000000000000000000000000000000,0000000000000000000000010000000000001000,         0,         0,         0,         0,1, 0, 0, 0,2064453                       ,    0,         0,0,20190126 10:55:00,1736                          , 9999, 9999, 9999,  101,32767,     0,     0
 ED5.2,5395034                       ,4000                          ,RECEPCION MEDELL    ,2952      ,                ,  101,                    ,                              , 4,2,20190126 10:55:47,    0,         0,        35,10445,   15,  101,2,                ,0000000,2, 0,         0,    0,0000000000000000000000000000000000000000,0000000000000000000000010000000000000000,         0,         0,         0,         0,1, 0, 0, 0,A800                          ,   36,         0,0,20190126 10:55:12,                              , 9999, 9999, 9999, 9999,32767,     0,     0
 ED5.2,3004005463                    ,1736                          ,RECEPCION 2 MORA    ,1635      ,                ,  101,                    ,                              , 0,2,20190126 10:55:55,    0,         0,        24,10349,   66,  101,2,                ,0010000,2, 1,         0,    0,1000000000000000000000000000000000000000,0000000000000000000000010000000000001000,         0,         0,         0,         0,1, 0, 0, 0,033004005463                  ,    0,         0,0,20190126 10:55:31,1736                          , 9999, 9999, 9999,  101,32767,     0,     0
 ED5.2,3004005463                    ,1736                          ,RECEPCION 2 MORA    ,1635      ,                ,  101,                    ,                              , 0,2,20190126 10:56:20,    0,         0,         0,10349,   66,  101,2,                ,0010000,2, 1,         0,    0,1000000000000000000000000000000000000000,0000000000000000000000010000000000001000,         0,         0,         0,         0,1, 0, 0, 0,033004005463                  ,    0,         0,0,20190126 10:56:20,1736                          , 9999, 9999, 9999,  101,32767,     0,     0
 ED5.2,3234854124                    ,4083                          ,MARIA ISABEL ROL    ,2214      ,                ,  101,                    ,                              , 0,2,20190126 11:00:11,    0,         0,         0,10349,   66,  101,2,                ,0010000,2, 1,         0,    0,1000000000000000000000000000000000000000,0000000000000000000000010000000000001000,         0,         0,         0,         0,1, 0, 0, 0,033234854124                  ,    0,         0,0,20190126 11:00:11,4083                          , 9999, 9999, 9999,  101,32767,     0,     0
