 ED5.2,4473700                       ,3235                          ,PAULA CATALI BER    ,1466      ,                ,  101,                    ,                              , 4,2,20181115 08:00:20,    0,         0,        85, 2824,   82,  101,2,                ,0000000,2, 0,         0,    0,0000000000000000000000000000000000000000,0000000000000000000000010000000000000000,         0,         0,         0,         0,1, 0, 0, 0,7651                          ,    3,        82,1,20181115 07:58:55,                              , 9999, 9999, 9999, 9999,32767,     0,     0
 ED5.2,------------------------------,******************************,                    ,**********,                ,  101,                    ,******************************, 4,2,20181115 08:00:25,    0,         0,        20, 2831,   82,  101,2,                ,0000000,2, 0,         0,    0,0000000000000000000000000000000000000000,0000000000000000000000010000000000000000,         0,         0,         0,         0,1, 0, 0, 0,------------------------------,   17,         4,1,20181115 08:00:05,******************************, 9999, 9999, 9999, 9999,32767,     0,     0
 ED5.2,1200                          ,1678                          ,                    ,1154      ,                ,  101,                    ,                              ,14,0,20181115 08:00:33,    0,         0,         0,65535,65535, 9999,2,                ,0000000,0, 0,         0,    0,0000000000000000000000000000000000000000,0000000000000000000000000000000000000000,         0,         0,         0,         0,1, 0, 0, 0,1200                          ,    0,         0,0,20181115 08:00:33,1678                          ,  101, 9999,  101,  101,    0,     0,     0
 ED5.2,9501                          ,8015                          ,JHENNY CAROL MAR    ,6952      ,                ,  101,                    ,                              , 0,2,20181115 08:00:38,    0,         0,         5, 1952,   11,  101,2,                ,0010000,2, 1,         0,    0,1000000000000000000000000000000000000000,0000000000000000000000010000000000001000,         0,         0,         0,         0,1, 0, 0, 0,9501                          ,    0,         0,0,20181115 08:00:33,8015                          , 9999, 9999, 9999,  101,32767,     0,     0
 ED5.2,3126173475                    ,5200                          ,RECEPCION CARTAG    ,7952      ,                ,  101,                    ,                              , 0,1,20181115 08:00:39,    0,         0,        48,  378,   21,  101,2,                ,0010000,0, 0,         0,    0,0000000000000000000000000000000000000000,0000000000000000000000010000000000001000,         0,         0,         0,         0,1, 0, 0, 0,033126173475                  ,    0,         0,0,20181115 07:59:51,5200                          , 9999, 9999, 9999,  101,32767,     0,     0
 ED5.2,5136                          ,5149                          ,                    ,3952      ,                ,  101,                    ,                              ,14,0,20181115 08:00:41,    0,         0,        29,65535,65535, 9999,2,                ,0000000,0, 0,         0,    0,0000000000000000000000000000000000000000,0000000000000000000000000000000000000000,         0,         0,         0,         0,1, 0, 0, 0,5136                          ,    0,        29,0,20181115 08:00:12,5149                          ,  101, 9999,  101,  101,    0,     0,     0
 ED5.2,1770                          ,1589                          ,                    ,1952      ,                ,  101,                    ,                              , 3,0,20181115 08:00:41,    0,         0,       141,65535,65535, 9999,2,                ,0000000,0, 0,         0,    0,0000000000000000000000000000000000000000,0000000000000000000000000000000000000000,         0,         0,         0,         0,1, 0, 0, 0,7777                          ,    0,       141,0,20181115 07:58:20,1589                          ,  101, 9999,  101,  101,    0,     0,     0
 ED5.2,1855                          ,1274                          ,                    ,1527      ,                ,  101,                    ,                              ,14,0,20181115 08:00:43,    0,         0,       453,65535,65535, 9999,2,                ,0000000,0, 0,         0,    0,0000000000000000000000000000000000000000,0000000000000000000000000000000000000000,         0,         0,         0,         0,1, 0, 0, 0,1523                          ,    0,       453,1,20181115 07:53:10,1274                          ,  101, 9999,  101,  101,    0,     0,     0
 ED5.2,1665                          ,1109                          ,                    ,1949      ,                ,  101,                    ,                              ,14,0,20181115 08:00:44,    0,         0,       119,65535,65535, 9999,2,                ,0000000,0, 0,         0,    0,0000000000000000000000000000000000000000,0000000000000000000000000000000000000000,         0,         0,         0,         0,1, 0, 0, 0,1665                          ,    0,       119,0,20181115 07:58:45,1109                          ,  101, 9999,  101,  101,    0,     0,     0
 ED5.2,3680777                       ,5138                          ,KARLA TATIAN PEN    ,3952      ,                ,  101,                    ,                              , 0,2,20181115 08:00:48,    0,         0,        61, 2826,   82,  101,2,                ,0010000,2, 1,         0,    0,1000000000000000000000000000000000000000,0000000000000000000000010000000000001000,         0,         0,         0,         0,1, 0, 0, 0,3680777                       ,    0,         0,0,20181115 07:59:47,5138                          , 9999, 9999, 9999,  101,32767,     0,     0
 ED5.2,4088                          ,4000                          ,                    ,2952      ,                ,  101,                    ,                              ,14,0,20181115 08:01:08,    0,         0,         7,65535,65535, 9999,2,                ,0000000,0, 0,         0,    0,0000000000000000000000000000000000000000,0000000000000000000000000000000000000000,         0,         0,         0,         0,1, 0, 0, 0,4088                          ,    0,         7,0,20181115 08:01:01,4000                          ,  101, 9999,  101,  101,    0,     0,     0
 ED5.2,1340                          ,3165                          ,                    ,1154      ,                ,  101,                    ,                              ,14,0,20181115 08:01:08,    0,         0,         0,65535,65535, 9999,2,                ,0000000,0, 0,         0,    0,0000000000000000000000000000000000000000,0000000000000000000000000000000000000000,         0,         0,         0,         0,1, 0, 0, 0,1340                          ,    0,         0,0,20181115 08:01:08,3165                          ,  101, 9999,  101,  101,    0,     0,     0
 ED5.2,1113                          ,7102                          ,                    ,5949      ,                ,  101,                    ,                              ,14,0,20181115 08:01:08,    0,         0,        77,65535,65535, 9999,2,                ,0000000,0, 0,         0,    0,0000000000000000000000000000000000000000,0000000000000000000000000000000000000000,         0,         0,         0,         0,1, 0, 0, 0,1113                          ,    0,        77,0,20181115 07:59:51,7102                          ,  101, 9999,  101,  101,    0,     0,     0
 ED5.2,7962983                       ,3217                          ,JOSE MARIA PENA     ,1675      ,                ,  101,                    ,                              , 0,2,20181115 08:01:09,    0,         0,       275, 2823,   82,  101,2,                ,0010000,2, 1,         0,    0,1000000000000000000000000000000000000000,0000000000000000000000010000000000001000,         0,         0,         0,         0,1, 0, 0, 0,7962983                       ,    0,         0,0,20181115 07:56:34,3217                          , 9999, 9999, 9999,  101,32767,     0,     0
 ED5.2,1387                          ,1747                          ,                    ,1952      ,                ,  101,                    ,                              ,14,0,20181115 08:01:09,    0,         0,        55,65535,65535, 9999,2,                ,0000000,0, 0,         0,    0,0000000000000000000000000000000000000000,0000000000000000000000000000000000000000,         0,         0,         0,         0,1, 0, 0, 0,1387                          ,    0,        55,0,20181115 08:00:14,1747                          ,  101, 9999,  101,  101,    0,     0,     0
 ED5.2,88                            ,3165                          ,                    ,1154      ,                ,  101,                    ,                              ,14,0,20181115 08:01:15,    0,         0,         7,65535,65535, 9999,2,                ,0000000,0, 0,         0,    0,0000000000000000000000000000000000000000,0000000000000000000000000000000000000000,         0,         0,         0,         0,1, 0, 0, 0,1340                          ,    0,         7,1,20181115 08:01:08,3165                          ,  101, 9999,  101,  101,    0,     0,     0
 ED5.2,3183399881                    ,4034                          ,JENITH ALEJA ESP    ,2952      ,                ,  101,                    ,                              , 0,2,20181115 08:01:26,    0,         0,         0, 2299,   66,  101,2,                ,0010000,2, 1,         0,    0,1000000000000000000000000000000000000000,0000000000000000000000010000000000001000,         0,         0,         0,         0,1, 0, 0, 0,033183399881                  ,    0,         0,0,20181115 08:01:26,4034                          , 9999, 9999, 9999,  101,32767,     0,     0
 ED5.2,7460909                       ,1063                          ,CLAUDIA ROMERO      ,1949      ,                ,  101,                    ,                              , 0,2,20181115 08:01:27,    0,         0,       439, 1956,   11,  101,2,                ,0010000,2, 1,         0,    0,1000000000000000000000000000000000000000,0000000000000000000000010000000000001000,         0,         0,         0,         0,1, 0, 0, 0,7460909                       ,    0,         0,0,20181115 07:54:08,1063                          , 9999, 9999, 9999,  101,32767,     0,     0
 ED5.2,1893                          ,1684                          ,                    ,1740      ,                ,  101,                    ,                              ,14,0,20181115 08:01:28,    0,         0,         0,65535,65535, 9999,2,                ,0000000,0, 0,         0,    0,0000000000000000000000000000000000000000,0000000000000000000000000000000000000000,         0,         0,         0,         0,1, 0, 0, 0,1893                          ,    0,         0,0,20181115 08:01:28,1684                          ,  101, 9999,  101,  101,    0,     0,     0
 ED5.2,1418                          ,1332                          ,                    ,1635      ,                ,  101,                    ,                              ,14,0,20181115 08:01:31,    0,         0,         0,65535,65535, 9999,2,                ,0000000,0, 0,         0,    0,0000000000000000000000000000000000000000,0000000000000000000000000000000000000000,         0,         0,         0,         0,1, 0, 0, 0,1418                          ,    0,         0,0,20181115 08:01:31,1332                          ,  101, 9999,  101,  101,    0,     0,     0
 ED5.2,6111                          ,6109                          ,                    ,5843      ,                ,  101,                    ,                              ,14,0,20181115 08:01:31,    0,         0,        90,65535,65535, 9999,2,                ,0000000,0, 0,         0,    0,0000000000000000000000000000000000000000,0000000000000000000000000000000000000000,         0,         0,         0,         0,1, 0, 0, 0,6111                          ,    0,        90,0,20181115 08:00:01,6109                          ,  101, 9999,  101,  101,    0,     0,     0
 ED5.2,8857355                       ,1014                          ,RECEPCION LO COU    ,1635      ,                ,  101,                    ,                              , 4,2,20181115 08:01:34,    0,         0,        97,  120,   20,  101,2,                ,0000000,3, 0,         0,    0,0000000000000000000000000000000000000000,0000000000000000000000010000000000000000,         0,         0,         0,         0,1, 0, 0, 0,A800                          ,   97,         0,1,20181115 07:59:57,                              , 9999, 9999, 9999, 9999,32767,     0,     0
 ED5.2,4090                          ,3175                          ,                    ,1672      ,                ,  101,                    ,                              ,14,0,20181115 08:01:34,    0,         0,       207,65535,65535, 9999,2,                ,0000000,0, 0,         0,    0,0000000000000000000000000000000000000000,0000000000000000000000000000000000000000,         0,         0,         0,         0,1, 0, 0, 0,4090                          ,    0,       207,0,20181115 07:58:07,3175                          ,  101, 9999,  101,  101,    0,     0,     0
 ED5.2,1418                          ,1332                          ,                    ,1635      ,                ,  101,                    ,                              ,14,0,20181115 08:01:36,    0,         0,         0,65535,65535, 9999,2,                ,0000000,0, 0,         0,    0,0000000000000000000000000000000000000000,0000000000000000000000000000000000000000,         0,         0,         0,         0,1, 0, 0, 0,1418                          ,    0,         0,0,20181115 08:01:36,1332                          ,  101, 9999,  101,  101,    0,     0,     0
 ED5.2,1200                          ,1577                          ,                    ,1952      ,                ,  101,                    ,                              ,14,0,20181115 08:01:37,    0,         0,         0,65535,65535, 9999,2,                ,0000000,0, 0,         0,    0,0000000000000000000000000000000000000000,0000000000000000000000000000000000000000,         0,         0,         0,         0,1, 0, 0, 0,1200                          ,    0,         0,0,20181115 08:01:37,1577                          ,  101, 9999,  101,  101,    0,     0,     0
 ED5.2,3245                          ,1577                          ,                    ,1952      ,                ,  101,                    ,                              ,14,0,20181115 08:01:39,    0,         0,         0,65535,65535, 9999,2,                ,0000000,0, 0,         0,    0,0000000000000000000000000000000000000000,0000000000000000000000000000000000000000,         0,         0,         0,         0,1, 0, 0, 0,1200                          ,    0,         0,1,20181115 08:01:39,1577                          ,  101, 9999,  101,  101,    0,     0,     0
 ED5.2,4029303                       ,FS012                         ,Oxe_MDiner          ,          ,                ,  101,                    ,                              , 6,0,20181115 08:01:40,    0,         0,        40, 3187,  200,  101,2,                ,0000000,2, 1,         0,    0,0000000000000000000000000000000000000000,0000000000000000000000010000000000001000,         0,         0,         0,         0,1, 0, 0, 0,0744029303                    ,    0,         0,0,20181115 08:01:00,                              , 9999, 9999, 9999, 9999,32767,     0,     0
 ED5.2,0745207330                    ,4000                          ,RECEPCION MEDELL    ,2952      ,                ,  101,                    ,                              , 4,2,20181115 08:01:48,    0,         0,         9, 2395,   15,  101,2,                ,0000000,2, 0,         0,    0,0000000000000000000000000000000000000000,0000000000000000000000010000000000000000,         0,         0,         0,         0,1, 0, 0, 0,A800                          ,    9,         0,1,20181115 08:01:39,                              , 9999, 9999, 9999, 9999,32767,     0,     0
 ED5.2,5105154                       ,1056                          ,CINDY YARLIN ALB    ,1952      ,                ,  101,                    ,                              , 0,2,20181115 08:01:52,    0,         0,         6, 1952,   11,  101,2,                ,0010000,2, 1,         0,    0,1000000000000000000000000000000000000000,0000000000000000000000010000000000001000,         0,         0,         0,         0,1, 0, 0, 0,5105154                       ,    0,         0,0,20181115 08:01:46,1056                          , 9999, 9999, 9999,  101,32767,     0,     0
 ED5.2,6584186                       ,4821                          ,                    ,          ,                ,  101,                    ,                              , 7,2,20181115 08:01:58,    0,         0,       101, 2832,   82,  101,2,                ,0010000,2, 1,         0,    0,1000000000000000000000000000000000000000,0000000000000000000000010000000000001000,         0,         0,         0,         0,1, 0, 0, 0,6584186                       ,    0,         0,0,20181115 08:00:17,                              , 9999, 9999, 9999, 9999,32767,     0,     0
 ED5.2,1215                          ,1818                          ,                    ,1632      ,                ,  101,                    ,                              ,14,0,20181115 08:02:04,    0,         0,         0,65535,65535, 9999,2,                ,0000000,0, 0,         0,    0,0000000000000000000000000000000000000000,0000000000000000000000000000000000000000,         0,         0,         0,         0,1, 0, 0, 0,1215                          ,    0,         0,0,20181115 08:02:04,1818                          ,  101, 9999,  101,  101,    0,     0,     0
 ED5.2,3070590                       ,5148                          ,WILSON SEGUN FON    ,3952      ,                ,  101,                    ,                              , 0,2,20181115 08:02:05,    0,         0,       127, 2821,   82,  101,2,                ,0010000,2, 1,         0,    0,1000000000000000000000000000000000000000,0000000000000000000000010000000000001000,         0,         0,         0,         0,1, 0, 0, 0,3070590                       ,    0,         0,0,20181115 07:59:58,5148                          , 9999, 9999, 9999,  101,32767,     0,     0
 ED5.2,1340                          ,3165                          ,                    ,1154      ,                ,  101,                    ,                              ,14,0,20181115 08:02:06,    0,         0,        40,65535,65535, 9999,2,                ,0000000,0, 0,         0,    0,0000000000000000000000000000000000000000,0000000000000000000000000000000000000000,         0,         0,         0,         0,1, 0, 0, 0,1340                          ,    0,        40,0,20181115 08:01:26,3165                          ,  101, 9999,  101,  101,    0,     0,     0
 ED5.2,1676                          ,1570                          ,                    ,1952      ,                ,  101,                    ,                              ,14,0,20181115 08:02:09,    0,         0,         0,65535,65535, 9999,2,                ,0000000,0, 0,         0,    0,0000000000000000000000000000000000000000,0000000000000000000000000000000000000000,         0,         0,         0,         0,1, 0, 0, 0,1676                          ,    0,         0,0,20181115 08:02:09,1570                          ,  101, 9999,  101,  101,    0,     0,     0
 ED5.2,4310350                       ,1063                          ,CLAUDIA ROMERO      ,1949      ,                ,  101,                    ,                              , 0,2,20181115 08:02:12,    0,         0,         0, 1955,   11,  101,2,                ,0010000,2, 1,         0,    0,1000000000000000000000000000000000000000,0000000000000000000000010000000000001000,         0,         0,         0,         0,1, 0, 0, 0,4310350                       ,    0,         0,0,20181115 08:02:12,1063                          , 9999, 9999, 9999,  101,32767,     0,     0
 ED5.2,6461400                       ,4816                          ,JUAN CAMILO SERN    ,1091      ,                ,  101,                    ,                              , 9,2,20181115 08:02:20,    0,         0,        18, 2832,   82,  101,2,                ,0000000,2, 0,         0,    0,0000000000000000000000000000000000000000,0000010000000000000000000000000000000000,         0,         0,         0,         0,1, 0, 0, 0,A500                          ,   18,         0,1,20181115 08:02:02,                              , 9999, 9999, 9999, 9999,32767,     0,     0
 ED5.2,4816                          ,4816                          ,JUAN CAMILO SERN    ,1091      ,                ,  101,                    ,                              , 2,2,20181115 08:02:20,    0,         0,         0,   85,   12,  101,2,                ,0010000,2, 0,         0,    0,0000000000000000000000000000000000000000,0000010000000000000000000000000000000000,         0,         0,         0,         0,1, 0, 0, 0,                              ,    0,         0,0,20181115 08:02:20,                              , 9999, 9999, 9999, 9999,32767,     0,     0
 ED5.2,8015                          ,8010                          ,                    ,6843      ,                ,  101,                    ,                              ,14,0,20181115 08:02:26,    0,         0,        14,65535,65535, 9999,2,                ,0000000,0, 0,         0,    0,0000000000000000000000000000000000000000,0000000000000000000000000000000000000000,         0,         0,         0,         0,1, 0, 0, 0,8015                          ,    0,        14,0,20181115 08:02:12,8010                          ,  101, 9999,  101,  101,    0,     0,     0
 ED5.2,3808700                       ,1056                          ,CINDY YARLIN ALB    ,1952      ,                ,  101,                    ,                              , 4,2,20181115 08:02:27,    0,         0,        44,  120,   20,  101,2,                ,0000000,3, 0,         0,    0,0000000000000000000000000000000000000000,0000000000000000000000010000000000000000,         0,         0,         0,         0,1, 0, 0, 0,A800                          ,   10,        34,0,20181115 08:01:43,                              , 9999, 9999, 9999, 9999,32767,     0,     0
 ED5.2,3277105                       ,4811                          ,                    ,          ,                ,  101,                    ,                              , 7,2,20181115 08:02:27,    0,         0,        74, 2823,   82,  101,2,                ,0010000,2, 1,         0,    0,1000000000000000000000000000000000000000,0000000000000000000000010000000000001000,         0,         0,         0,         0,1, 0, 0, 0,3277105                       ,    0,         0,0,20181115 08:01:13,                              , 9999, 9999, 9999, 9999,32767,     0,     0
 ED5.2,1030                          ,1081                          ,                    ,1630      ,                ,  101,                    ,                              ,14,0,20181115 08:02:27,    0,         0,        23,65535,65535, 9999,2,                ,0000000,0, 0,         0,    0,0000000000000000000000000000000000000000,0000000000000000000000000000000000000000,         0,         0,         0,         0,1, 0, 0, 0,1030                          ,    0,        23,0,20181115 08:02:04,1081                          ,  101, 9999,  101,  101,    0,     0,     0
 ED5.2,7777                          ,1262                          ,                    ,1741      ,                ,  101,                    ,                              , 3,0,20181115 08:02:30,    0,         0,         0,65535,65535, 9999,2,                ,0000000,0, 0,         0,    0,0000000000000000000000000000000000000000,0000000000000000000000000000000000000000,         0,         0,         0,         0,1, 0, 0, 0,7777                          ,    0,         0,0,20181115 08:02:30,1262                          ,  101, 9999,  101,  101,    0,     0,     0
 ED5.2,4862715                       ,3369                          ,SALA 9 CLIEN PIS    ,1675      ,                ,  101,                    ,                              , 0,2,20181115 08:02:33,    0,         0,        65, 2826,   82,  101,2,                ,0010000,2, 1,         0,    0,1000000000000000000000000000000000000000,0000000000000000000000010000000000001000,         0,         0,         0,         0,1, 0, 0, 0,4862715                       ,    0,         0,0,20181115 08:01:28,3369                          , 9999, 9999, 9999,  101,32767,     0,     0
 ED5.2,6312830                       ,FS020                         ,ETB                 ,          ,                ,  101,                    ,                              , 4,2,20181115 08:02:33,    0,         0,         9,  121,   20,  101,2,                ,0000000,3, 0,         0,    0,0000000000000000000000000000000000000000,0000000000000000000000010000000000000000,         0,         0,         0,         0,1, 0, 0, 0,A800                          ,    9,         0,0,20181115 08:02:24,                              , 9999, 9999, 9999, 9999,32767,     0,     0
 ED5.2,1568                          ,3115                          ,                    ,1979      ,                ,  101,                    ,                              ,14,0,20181115 08:02:34,    0,         0,        32,65535,65535, 9999,2,                ,0000000,0, 0,         0,    0,0000000000000000000000000000000000000000,0000000000000000000000000000000000000000,         0,         0,         0,         0,1, 0, 0, 0,1568                          ,    0,        32,0,20181115 08:02:02,3115                          ,  101, 9999,  101,  101,    0,     0,     0
 ED5.2,9500                          ,8015                          ,JHENNY CAROL MAR    ,6952      ,                ,  101,                    ,                              , 0,2,20181115 08:02:42,    0,         0,        13, 1955,   11,  101,2,                ,0010000,2, 1,         0,    0,1000000000000000000000000000000000000000,0000000000000000000000010000000000001000,         0,         0,         0,         0,1, 0, 0, 0,9500                          ,    0,         0,0,20181115 08:02:29,8015                          , 9999, 9999, 9999,  101,32767,     0,     0
 ED5.2,9501                          ,8015                          ,JHENNY CAROL MAR    ,6952      ,                ,  101,                    ,                              , 0,2,20181115 08:02:50,    0,         0,         4, 1955,   11,  101,2,                ,0010000,2, 1,         0,    0,1000000000000000000000000000000000000000,0000000000000000000000010000000000001000,         0,         0,         0,         0,1, 0, 0, 0,9501                          ,    0,         0,0,20181115 08:02:46,8015                          , 9999, 9999, 9999,  101,32767,     0,     0
 ED5.2,3613                          ,3605                          ,                    ,3675      ,                ,  101,                    ,                              ,14,0,20181115 08:02:52,    0,         0,         6,65535,65535, 9999,2,                ,0000000,0, 0,         0,    0,0000000000000000000000000000000000000000,0000000000000000000000000000000000000000,         0,         0,         0,         0,1, 0, 0, 0,3613                          ,    0,         6,0,20181115 08:02:46,3605                          ,  101, 9999,  101,  101,    0,     0,     0
 ED5.2,6312830                       ,FS020                         ,ETB                 ,          ,                ,  101,                    ,                              , 4,2,20181115 08:02:59,    0,         0,        20,  120,   20,  101,2,                ,0000000,3, 0,         0,    0,0000000000000000000000000000000000000000,0000000000000000000000010000000000000000,         0,         0,         0,         0,1, 0, 0, 0,A800                          ,   21,         0,0,20181115 08:02:39,                              , 9999, 9999, 9999, 9999,32767,     0,     0
 ED5.2,3120707                       ,2009                          ,RECEPCION CA CAL    ,4635      ,                ,  101,                    ,                              , 4,2,20181115 08:03:11,    0,         0,        55,  322,   65,  101,2,                ,0000000,3, 0,         0,    0,0000000000000000000000000000000000000000,0000000000000000000000010000000000000000,         0,         0,         0,         0,1, 0, 0, 0,A600                          ,   55,         0,1,20181115 08:02:16,                              , 9999, 9999, 9999, 9999,32767,     0,     0
 ED5.2,1311                          ,2040                          ,                    ,4949      ,                ,  101,                    ,                              ,14,0,20181115 08:03:13,    0,         0,         0,65535,65535, 9999,2,                ,0000000,0, 0,         0,    0,0000000000000000000000000000000000000000,0000000000000000000000000000000000000000,         0,         0,         0,         0,1, 0, 0, 0,1311                          ,    0,         0,0,20181115 08:03:13,2040                          ,  101, 9999,  101,  101,    0,     0,     0
 ED5.2,7777                          ,4038                          ,                    ,2952      ,                ,  101,                    ,                              , 3,0,20181115 08:03:15,    0,         0,         0,65535,65535, 9999,2,                ,0000000,0, 0,         0,    0,0000000000000000000000000000000000000000,0000000000000000000000000000000000000000,         0,         0,         0,         0,1, 0, 0, 0,7777                          ,    0,         0,0,20181115 08:03:15,4038                          ,  101, 9999,  101,  101,    0,     0,     0
 ED5.2,1582                          ,1671                          ,                    ,1633      ,                ,  101,                    ,                              ,14,0,20181115 08:03:18,    0,         0,         0,65535,65535, 9999,2,                ,0000000,0, 0,         0,    0,0000000000000000000000000000000000000000,0000000000000000000000000000000000000000,         0,         0,         0,         0,1, 0, 0, 0,1582                          ,    0,         0,0,20181115 08:03:18,1671                          ,  101, 9999,  101,  101,    0,     0,     0
 ED5.2,6503300                       ,3154                          ,NATALIA BUSTAMAN    ,1086      ,                ,  101,                    ,                              , 0,2,20181115 08:03:21,    0,         0,       174, 2824,   82,  101,2,                ,0010000,2, 1,         0,    0,1000000000000000000000000000000000000000,0000000000000000000000010000000000001000,         0,         0,         0,         0,1, 0, 0, 0,6503300                       ,    0,         0,0,20181115 08:00:27,3154                          , 9999, 9999, 9999,  101,32767,     0,     0
 ED5.2,1298                          ,3147                          ,                    ,1631      ,                ,  101,                    ,                              ,14,0,20181115 08:03:23,    0,         0,         0,65535,65535, 9999,2,                ,0000000,0, 0,         0,    0,0000000000000000000000000000000000000000,0000000000000000000000000000000000000000,         0,         0,         0,         0,1, 0, 0, 0,1298                          ,    0,         0,0,20181115 08:03:23,3147                          ,  101, 9999,  101,  101,    0,     0,     0
 ED5.2,4082                          ,4038                          ,                    ,2952      ,                ,  101,                    ,                              ,14,0,20181115 08:03:25,    0,         0,         0,65535,65535, 9999,2,                ,0000000,0, 0,         0,    0,0000000000000000000000000000000000000000,0000000000000000000000000000000000000000,         0,         0,         0,         0,1, 0, 0, 0,4082                          ,    0,         0,0,20181115 08:03:25,4038                          ,  101, 9999,  101,  101,    0,     0,     0
 ED5.2,4032                          ,3400                          ,                    ,2675      ,                ,  101,                    ,                              ,14,0,20181115 08:03:26,    0,         0,         0,65535,65535, 9999,2,                ,0000000,0, 0,         0,    0,0000000000000000000000000000000000000000,0000000000000000000000000000000000000000,         0,         0,         0,         0,1, 0, 0, 0,4032                          ,    0,         0,0,20181115 08:03:26,3400                          ,  101, 9999,  101,  101,    0,     0,     0
 ED5.2,1770                          ,1080                          ,                    ,1952      ,                ,  101,                    ,                              , 3,0,20181115 08:03:29,    0,         0,       128,65535,65535, 9999,2,                ,0000000,0, 0,         0,    0,0000000000000000000000000000000000000000,0000000000000000000000000000000000000000,         0,         0,         0,         0,1, 0, 0, 0,7777                          ,    0,       128,0,20181115 08:01:21,1080                          ,  101, 9999,  101,  101,    0,     0,     0
 ED5.2,1305                          ,1456                          ,                    ,1952      ,                ,  101,                    ,                              ,14,0,20181115 08:03:32,    0,         0,         0,65535,65535, 9999,2,                ,0000000,0, 0,         0,    0,0000000000000000000000000000000000000000,0000000000000000000000000000000000000000,         0,         0,         0,         0,1, 0, 0, 0,1305                          ,    0,         0,0,20181115 08:03:32,1456                          ,  101, 9999,  101,  101,    0,     0,     0
 ED5.2,3113                          ,3529                          ,                    ,4091      ,                ,  101,                    ,                              ,14,0,20181115 08:03:33,    0,         0,        32,65535,65535, 9999,2,                ,0000000,0, 0,         0,    0,0000000000000000000000000000000000000000,0000000000000000000000000000000000000000,         0,         0,         0,         0,1, 0, 0, 0,3113                          ,    0,        32,0,20181115 08:03:01,3529                          ,  101, 9999,  101,  101,    0,     0,     0
 ED5.2,0745207330                    ,4049                          ,KATHERIN HOYOS V    ,2952      ,                ,  101,                    ,                              , 4,2,20181115 08:03:34,    0,         0,       104, 2395,   15,  101,2,                ,0000000,2, 0,         0,    0,0000000000000000000000000000000000000000,0000000000000000000000010000000000000000,         0,         0,         0,         0,1, 0, 0, 0,A800                          ,   10,        95,0,20181115 08:01:50,                              , 9999, 9999, 9999, 9999,32767,     0,     0
 ED5.2,3134                          ,3378                          ,                    ,1466      ,                ,  101,                    ,                              ,14,0,20181115 08:03:36,    0,         0,        93,65535,65535, 9999,2,                ,0000000,0, 0,         0,    0,0000000000000000000000000000000000000000,0000000000000000000000000000000000000000,         0,         0,         0,         0,1, 0, 0, 0,3134                          ,    0,        93,0,20181115 08:02:03,3378                          ,  101, 9999,  101,  101,    0,     0,     0
 ED5.2,4082                          ,4038                          ,                    ,2952      ,                ,  101,                    ,                              ,14,0,20181115 08:03:41,    0,         0,        10,65535,65535, 9999,2,                ,0000000,0, 0,         0,    0,0000000000000000000000000000000000000000,0000000000000000000000000000000000000000,         0,         0,         0,         0,1, 0, 0, 0,4082                          ,    0,        10,0,20181115 08:03:31,4038                          ,  101, 9999,  101,  101,    0,     0,     0
 ED5.2,2067                          ,2061                          ,                    ,4632      ,                ,  101,                    ,                              ,14,0,20181115 08:03:45,    0,         0,         0,65535,65535, 9999,2,                ,0000000,0, 0,         0,    0,0000000000000000000000000000000000000000,0000000000000000000000000000000000000000,         0,         0,         0,         0,1, 0, 0, 0,2067                          ,    0,         0,0,20181115 08:03:45,2061                          ,  101, 9999,  101,  101,    0,     0,     0
 ED5.2,8966261                       ,1166                          ,JAVIER FELIP GUE    ,1952      ,                ,  101,                    ,                              , 4,2,20181115 08:03:47,    0,         0,       326,  122,   20,  101,2,                ,0000000,3, 0,         0,    0,0000000000000000000000000000000000000000,0000000000000000000000010000000000000000,         0,         0,         0,         0,1, 0, 0, 0,A800                          ,   53,       273,1,20181115 07:58:21,                              , 9999, 9999, 9999, 9999,32767,     0,     0
 ED5.2,1503                          ,1456                          ,                    ,1952      ,                ,  101,                    ,                              ,14,0,20181115 08:03:50,    0,         0,         8,65535,65535, 9999,2,                ,0000000,0, 0,         0,    0,0000000000000000000000000000000000000000,0000000000000000000000000000000000000000,         0,         0,         0,         0,1, 0, 0, 0,1503                          ,    0,         8,0,20181115 08:03:42,1456                          ,  101, 9999,  101,  101,    0,     0,     0
 ED5.2,3485400                       ,1271                          ,LEONARDO ORTIZ S    ,1952      ,                ,  101,                    ,                              , 0,2,20181115 08:03:53,    0,         0,        37, 1959,   11,  101,2,                ,0010000,2, 1,         0,    0,1000000000000000000000000000000000000000,0000000000000000000000010000000000001000,         0,         0,         0,         0,1, 0, 0, 0,3485400                       ,    0,         0,0,20181115 08:03:16,1271                          , 9999, 9999, 9999,  101,32767,     0,     0
 ED5.2,3379                          ,1635                          ,                    ,1425      ,                ,  101,                    ,                              ,14,0,20181115 08:03:53,    0,         0,         0,65535,65535, 9999,2,                ,0000000,0, 0,         0,    0,0000000000000000000000000000000000000000,0000000000000000000000000000000000000000,         0,         0,         0,         0,1, 0, 0, 0,3379                          ,    0,         0,0,20181115 08:03:53,1635                          ,  101, 9999,  101,  101,    0,     0,     0
 ED5.2,1282                          ,1287                          ,                    ,1527      ,                ,  101,                    ,                              ,14,0,20181115 08:04:02,    0,         0,         5,65535,65535, 9999,2,                ,0000000,0, 0,         0,    0,0000000000000000000000000000000000000000,0000000000000000000000000000000000000000,         0,         0,         0,         0,1, 0, 0, 0,1282                          ,    0,         5,0,20181115 08:03:57,1287                          ,  101, 9999,  101,  101,    0,     0,     0
 ED5.2,2062                          ,2015                          ,                    ,4843      ,                ,  101,                    ,                              ,14,0,20181115 08:04:09,    0,         0,         0,65535,65535, 9999,2,                ,0000000,0, 0,         0,    0,0000000000000000000000000000000000000000,0000000000000000000000000000000000000000,         0,         0,         0,         0,1, 0, 0, 0,2062                          ,    0,         0,0,20181115 08:04:09,2015                          ,  101, 9999,  101,  101,    0,     0,     0
 ED5.2,4077                          ,4021                          ,                    ,2843      ,                ,  101,                    ,                              ,14,0,20181115 08:04:14,    0,         0,        22,65535,65535, 9999,2,                ,0000000,0, 0,         0,    0,0000000000000000000000000000000000000000,0000000000000000000000000000000000000000,         0,         0,         0,         0,1, 0, 0, 0,4077                          ,    0,        22,0,20181115 08:03:52,4021                          ,  101, 9999,  101,  101,    0,     0,     0
 ED5.2,3148933390                    ,4088                          ,DAVID STIVEN GUE    ,2952      ,                ,  101,                    ,                              , 0,2,20181115 08:04:15,    0,         0,         0, 2299,   66,  101,2,                ,0010000,2, 1,         0,    0,1000000000000000000000000000000000000000,0000000000000000000000010000000000001000,         0,         0,         0,         0,1, 0, 0, 0,033148933390                  ,    0,         0,0,20181115 08:04:15,4088                          , 9999, 9999, 9999,  101,32767,     0,     0
 ED5.2,663537255                     ,4071                          ,JUDY LILIANA USU    ,2425      ,                ,  101,                    ,                              , 4,2,20181115 08:04:17,    0,         0,        61, 2396,   15,  101,2,                ,0000000,2, 0,         0,    0,0000000000000000000000000000000000000000,0000000000000000000000010000000000000000,         0,         0,         0,         0,1, 0, 0, 0,A800                          ,   62,         0,1,20181115 08:03:16,                              , 9999, 9999, 9999, 9999,32767,     0,     0
 ED5.2,2572837                       ,1322                          ,ANGIE MELISA PER    ,1952      ,                ,  101,                    ,                              , 4,2,20181115 08:04:20,    0,         0,        54,  120,   20,  101,2,                ,0000000,3, 0,         0,    0,0000000000000000000000000000000000000000,0000000000000000000000010000000000000000,         0,         0,         0,         0,1, 0, 0, 0,A800                          ,    9,        46,0,20181115 08:03:26,                              , 9999, 9999, 9999, 9999,32767,     0,     0
 ED5.2,1324                          ,5119                          ,                    ,3952      ,                ,  101,                    ,                              ,14,0,20181115 08:04:26,    0,         0,         0,65535,65535, 9999,2,                ,0000000,0, 0,         0,    0,0000000000000000000000000000000000000000,0000000000000000000000000000000000000000,         0,         0,         0,         0,1, 0, 0, 0,1324                          ,    0,         0,0,20181115 08:04:26,5119                          ,  101, 9999,  101,  101,    0,     0,     0
 ED5.2,1549                          ,1763                          ,                    ,1843      ,                ,  101,                    ,                              ,14,0,20181115 08:04:29,    0,         0,         0,65535,65535, 9999,2,                ,0000000,0, 0,         0,    0,0000000000000000000000000000000000000000,0000000000000000000000000000000000000000,         0,         0,         0,         0,1, 0, 0, 0,1549                          ,    0,         0,0,20181115 08:04:29,1763                          ,  101, 9999,  101,  101,    0,     0,     0
 ED5.2,4454990                       ,1367                          ,CLAUDIA MARC GRA    ,1952      ,                ,  101,                    ,                              , 0,2,20181115 08:04:31,    0,         0,        66, 1958,   11,  101,2,                ,0010000,2, 1,         0,    0,1000000000000000000000000000000000000000,0000000000000000000000010000000000001000,         0,         0,         0,         0,1, 0, 0, 0,4454990                       ,    0,         0,0,20181115 08:03:25,1367                          , 9999, 9999, 9999,  101,32767,     0,     0
 ED5.2,3291                          ,3212                          ,                    ,1086      ,                ,  101,                    ,                              ,14,0,20181115 08:04:31,    0,         0,        93,65535,65535, 9999,2,                ,0000000,0, 0,         0,    0,0000000000000000000000000000000000000000,0000000000000000000000000000000000000000,         0,         0,         0,         0,1, 0, 0, 0,3291                          ,    0,        93,0,20181115 08:02:58,3212                          ,  101, 9999,  101,  101,    0,     0,     0
 ED5.2,1542                          ,5119                          ,                    ,3952      ,                ,  101,                    ,                              ,14,0,20181115 08:04:31,    0,         0,         0,65535,65535, 9999,2,                ,0000000,0, 0,         0,    0,0000000000000000000000000000000000000000,0000000000000000000000000000000000000000,         0,         0,         0,         0,1, 0, 0, 0,1324                          ,    0,         0,1,20181115 08:04:31,5119                          ,  101, 9999,  101,  101,    0,     0,     0
 ED5.2,314                           ,4088                          ,DAVID STIVEN GUE    ,2952      ,                ,  101,                    ,                              , 0,1,20181115 08:04:31,    0,         0,         0,  377,   21,  101,2,                ,0010000,0, 0,         0,    0,0000000000000000000000000000000000000000,0000000000000000000000010000000000001000,         0,         0,         0,         0,1, 0, 0, 0,03314                         ,    0,         0,0,20181115 08:04:31,4088                          , 9999, 9999, 9999,  101,32767,     0,     0
 ED5.2,7561702                       ,3268                          ,ANGELICA MAR LEO    ,1466      ,                ,  101,                    ,                              , 0,2,20181115 08:04:33,    0,         0,         8, 2824,   82,  101,2,                ,0010000,2, 1,         0,    0,1000000000000000000000000000000000000000,0000000000000000000000010000000000001000,         0,         0,         0,         0,1, 0, 0, 0,7561702                       ,    0,         0,0,20181115 08:04:25,3268                          , 9999, 9999, 9999,  101,32767,     0,     0
 ED5.2,5121                          ,5147                          ,                    ,3318      ,                ,  101,                    ,                              ,14,0,20181115 08:04:35,    0,         0,        57,65535,65535, 9999,2,                ,0000000,0, 0,         0,    0,0000000000000000000000000000000000000000,0000000000000000000000000000000000000000,         0,         0,         0,         0,1, 0, 0, 0,5121                          ,    0,        57,0,20181115 08:03:38,5147                          ,  101, 9999,  101,  101,    0,     0,     0
 ED5.2,7580508                       ,3136                          ,MARIA ALEJAN MON    ,1672      ,                ,  101,                    ,                              , 0,2,20181115 08:04:35,    0,         0,       125, 1952,   11,  101,2,                ,0010000,2, 1,         0,    0,1000000000000000000000000000000000000000,0000000000000000000000010000000000001000,         0,         0,         0,         0,1, 0, 0, 0,7580508                       ,    0,         0,0,20181115 08:02:30,3136                          , 9999, 9999, 9999,  101,32767,     0,     0
 ED5.2,5121                          ,1150                          ,                    ,1952      ,                ,  101,                    ,                              ,14,0,20181115 08:04:35,    0,         0,         0,65535,65535, 9999,2,                ,0000000,0, 0,         0,    0,0000000000000000000000000000000000000000,0000000000000000000000000000000000000000,         0,         0,         0,         0,1, 0, 0, 0,5121                          ,    0,         0,0,20181115 08:04:35,1150                          ,  101, 9999,  101,  101,    0,     0,     0
 ED5.2,6060464                       ,1410                          ,ERICK LEANDR CAS    ,1952      ,                ,  101,                    ,                              , 4,2,20181115 08:04:39,    0,         0,        41,  122,   20,  101,2,                ,0000000,3, 0,         0,    0,0000000000000000000000000000000000000000,0000000000000000000000010000000000000000,         0,         0,         0,         0,1, 0, 0, 0,A800                          ,   41,         0,0,20181115 08:03:58,                              , 9999, 9999, 9999, 9999,32767,     0,     0
 ED5.2,5147                          ,1150                          ,                    ,1952      ,                ,  101,                    ,                              ,14,0,20181115 08:04:42,    0,         0,         0,65535,65535, 9999,2,                ,0000000,0, 0,         0,    0,0000000000000000000000000000000000000000,0000000000000000000000000000000000000000,         0,         0,         0,         0,1, 0, 0, 0,5147                          ,    0,         0,0,20181115 08:04:42,1150                          ,  101, 9999,  101,  101,    0,     0,     0
 ED5.2,5157                          ,5138                          ,                    ,3952      ,                ,  101,                    ,                              ,14,0,20181115 08:04:43,    0,         0,        23,65535,65535, 9999,2,                ,0000000,0, 0,         0,    0,0000000000000000000000000000000000000000,0000000000000000000000000000000000000000,         0,         0,         0,         0,1, 0, 0, 0,5157                          ,    0,        23,0,20181115 08:04:20,5138                          ,  101, 9999,  101,  101,    0,     0,     0
 ED5.2,1510                          ,1763                          ,                    ,1843      ,                ,  101,                    ,                              ,14,0,20181115 08:04:44,    0,         0,         0,65535,65535, 9999,2,                ,0000000,0, 0,         0,    0,0000000000000000000000000000000000000000,0000000000000000000000000000000000000000,         0,         0,         0,         0,1, 0, 0, 0,1549                          ,    0,         0,1,20181115 08:04:44,1763                          ,  101, 9999,  101,  101,    0,     0,     0
 ED5.2,5146                          ,1150                          ,                    ,1952      ,                ,  101,                    ,                              ,14,0,20181115 08:04:44,    0,         0,         0,65535,65535, 9999,2,                ,0000000,0, 0,         0,    0,0000000000000000000000000000000000000000,0000000000000000000000000000000000000000,         0,         0,         0,         0,1, 0, 0, 0,5146                          ,    0,         0,0,20181115 08:04:44,1150                          ,  101, 9999,  101,  101,    0,     0,     0
 ED5.2,3561575                       ,3249                          ,MARY LUZ MONTOYA    ,1466      ,                ,  101,                    ,                              , 4,2,20181115 08:04:46,    0,         0,        13, 2832,   82,  101,2,                ,0000000,2, 0,         0,    0,0000000000000000000000000000000000000000,0000000000000000000000010000000000000000,         0,         0,         0,         0,1, 0, 0, 0,7634                          ,   14,         0,1,20181115 08:04:33,                              , 9999, 9999, 9999, 9999,32767,     0,     0
 ED5.2,4008                          ,3402                          ,                    ,2466      ,                ,  101,                    ,                              ,14,0,20181115 08:04:50,    0,         0,         0,65535,65535, 9999,2,                ,0000000,0, 0,         0,    0,0000000000000000000000000000000000000000,0000000000000000000000000000000000000000,         0,         0,         0,         0,1, 0, 0, 0,4008                          ,    0,         0,0,20181115 08:04:50,3402                          ,  101, 9999,  101,  101,    0,     0,     0
 ED5.2,4051                          ,3175                          ,                    ,1672      ,                ,  101,                    ,                              ,14,0,20181115 08:04:53,    0,         0,       181,65535,65535, 9999,2,                ,0000000,0, 0,         0,    0,0000000000000000000000000000000000000000,0000000000000000000000000000000000000000,         0,         0,         0,         0,1, 0, 0, 0,4051                          ,    0,       181,0,20181115 08:01:52,3175                          ,  101, 9999,  101,  101,    0,     0,     0
 ED5.2,663023572383                  ,3377                          ,LIBRE LIBRE         ,1528      ,                ,  101,                    ,                              , 4,2,20181115 08:04:55,    0,         0,       299, 2829,   82,  101,2,                ,0000000,2, 0,         0,    0,0000000000000000000000000000000000000000,0000000000000000000000010000000000000000,         0,         0,         0,         0,1, 0, 0, 0,A500                          ,   64,       236,1,20181115 07:59:56,                              , 9999, 9999, 9999, 9999,32767,     0,     0
 ED5.2,1770                          ,1015                          ,                    ,1636      ,                ,  101,                    ,                              , 3,0,20181115 08:04:56,    0,         0,        69,65535,65535, 9999,2,                ,0000000,0, 0,         0,    0,0000000000000000000000000000000000000000,0000000000000000000000000000000000000000,         0,         0,         0,         0,1, 0, 0, 0,7777                          ,    0,        69,0,20181115 08:03:47,1015                          ,  101, 9999,  101,  101,    0,     0,     0
 ED5.2,314893                        ,4088                          ,DAVID STIVEN GUE    ,2952      ,                ,  101,                    ,                              , 0,1,20181115 08:04:56,    0,         0,         0,  378,   21,  101,2,                ,0010000,0, 0,         0,    0,0000000000000000000000000000000000000000,0000000000000000000000010000000000001000,         0,         0,         0,         0,1, 0, 0, 0,03314893                      ,    0,         0,0,20181115 08:04:56,4088                          , 9999, 9999, 9999,  101,32767,     0,     0
 ED5.2,1549                          ,1763                          ,                    ,1843      ,                ,  101,                    ,                              ,14,0,20181115 08:05:00,    0,         0,         0,65535,65535, 9999,2,                ,0000000,0, 0,         0,    0,0000000000000000000000000000000000000000,0000000000000000000000000000000000000000,         0,         0,         0,         0,1, 0, 0, 0,1549                          ,    0,         0,1,20181115 08:05:00,1763                          ,  101, 9999,  101,  101,    0,     0,     0
 ED5.2,1038                          ,1570                          ,                    ,1952      ,                ,  101,                    ,                              ,14,0,20181115 08:05:00,    0,         0,        38,65535,65535, 9999,2,                ,0000000,0, 0,         0,    0,0000000000000000000000000000000000000000,0000000000000000000000000000000000000000,         0,         0,         0,         0,1, 0, 0, 0,1038                          ,    0,        38,0,20181115 08:04:22,1570                          ,  101, 9999,  101,  101,    0,     0,     0
 ED5.2,4072                          ,3402                          ,                    ,2466      ,                ,  101,                    ,                              ,14,0,20181115 08:05:00,    0,         0,         0,65535,65535, 9999,2,                ,0000000,0, 0,         0,    0,0000000000000000000000000000000000000000,0000000000000000000000000000000000000000,         0,         0,         0,         0,1, 0, 0, 0,4008                          ,    0,         0,1,20181115 08:05:00,3402                          ,  101, 9999,  101,  101,    0,     0,     0
 ED5.2,7564112                       ,3287                          ,HILDEBRAND A ARI    ,1091      ,                ,  101,                    ,                              , 0,2,20181115 08:05:01,    0,         0,       131, 2821,   82,  101,2,                ,0010000,2, 1,         0,    0,1000000000000000000000000000000000000000,0000000000000000000000010000000000001000,         0,         0,         0,         0,1, 0, 0, 0,7564112                       ,    0,         0,0,20181115 08:02:50,3287                          , 9999, 9999, 9999,  101,32767,     0,     0
 ED5.2,2038                          ,2009                          ,                    ,4635      ,                ,  101,                    ,                              ,14,0,20181115 08:05:02,    0,         0,        14,65535,65535, 9999,2,                ,0000000,0, 0,         0,    0,0000000000000000000000000000000000000000,0000000000000000000000000000000000000000,         0,         0,         0,         0,1, 0, 0, 0,2038                          ,    0,        14,0,20181115 08:04:48,2009                          ,  101, 9999,  101,  101,    0,     0,     0
 ED5.2,1789                          ,1262                          ,                    ,1741      ,                ,  101,                    ,                              , 3,0,20181115 08:05:03,    0,         0,        44,65535,65535, 9999,2,                ,0000000,0, 0,         0,    0,0000000000000000000000000000000000000000,0000000000000000000000000000000000000000,         0,         0,         0,         0,1, 0, 0, 0,7777                          ,    0,        44,0,20181115 08:04:19,1262                          ,  101, 9999,  101,  101,    0,     0,     0
 ED5.2,2071                          ,1120                          ,                    ,1154      ,                ,  101,                    ,                              ,14,0,20181115 08:05:05,    0,         0,         0,65535,65535, 9999,2,                ,0000000,0, 0,         0,    0,0000000000000000000000000000000000000000,0000000000000000000000000000000000000000,         0,         0,         0,         0,1, 0, 0, 0,2071                          ,    0,         0,0,20181115 08:05:05,1120                          ,  101, 9999,  101,  101,    0,     0,     0
 ED5.2,5535353                       ,2064                          ,KAREM MICHEL CAN    ,4952      ,                ,  101,                    ,                              , 4,2,20181115 08:05:07,    0,         0,        28,  323,   65,  101,2,                ,0000000,3, 0,         0,    0,0000000000000000000000000000000000000000,0000000000000000000000010000000000000000,         0,         0,         0,         0,1, 0, 0, 0,A600                          ,   13,        16,1,20181115 08:04:39,                              , 9999, 9999, 9999, 9999,32767,     0,     0
 ED5.2,88                            ,1120                          ,                    ,1154      ,                ,  101,                    ,                              ,14,0,20181115 08:05:08,    0,         0,         3,65535,65535, 9999,2,                ,0000000,0, 0,         0,    0,0000000000000000000000000000000000000000,0000000000000000000000000000000000000000,         0,         0,         0,         0,1, 0, 0, 0,2071                          ,    0,         3,1,20181115 08:05:05,1120                          ,  101, 9999,  101,  101,    0,     0,     0
 ED5.2,1331                          ,1584                          ,                    ,1635      ,                ,  101,                    ,                              ,14,0,20181115 08:05:09,    0,         0,        49,65535,65535, 9999,2,                ,0000000,0, 0,         0,    0,0000000000000000000000000000000000000000,0000000000000000000000000000000000000000,         0,         0,         0,         0,1, 0, 0, 0,1331                          ,    0,        49,0,20181115 08:04:20,1584                          ,  101, 9999,  101,  101,    0,     0,     0
 ED5.2,1311                          ,2040                          ,                    ,4949      ,                ,  101,                    ,                              ,14,0,20181115 08:05:09,    0,         0,         0,65535,65535, 9999,2,                ,0000000,0, 0,         0,    0,0000000000000000000000000000000000000000,0000000000000000000000000000000000000000,         0,         0,         0,         0,1, 0, 0, 0,1311                          ,    0,         0,0,20181115 08:05:09,2040                          ,  101, 9999,  101,  101,    0,     0,     0
 ED5.2,1510                          ,1763                          ,                    ,1843      ,                ,  101,                    ,                              ,14,0,20181115 08:05:10,    0,         0,         0,65535,65535, 9999,2,                ,0000000,0, 0,         0,    0,0000000000000000000000000000000000000000,0000000000000000000000000000000000000000,         0,         0,         0,         0,1, 0, 0, 0,1549                          ,    0,         0,1,20181115 08:05:10,1763                          ,  101, 9999,  101,  101,    0,     0,     0
 ED5.2,314                           ,4088                          ,DAVID STIVEN GUE    ,2952      ,                ,  101,                    ,                              , 0,1,20181115 08:05:14,    0,         0,         0,  377,   21,  101,2,                ,0010000,0, 0,         0,    0,0000000000000000000000000000000000000000,0000000000000000000000010000000000001000,         0,         0,         0,         0,1, 0, 0, 0,03314                         ,    0,         0,0,20181115 08:05:14,4088                          , 9999, 9999, 9999,  101,32767,     0,     0
 ED5.2,6294280                       ,1166                          ,JAVIER FELIP GUE    ,1952      ,                ,  101,                    ,                              , 4,2,20181115 08:05:15,    0,         0,        78,  121,   20,  101,2,                ,0000000,3, 0,         0,    0,0000000000000000000000000000000000000000,0000000000000000000000010000000000000000,         0,         0,         0,         0,1, 0, 0, 0,A800                          ,   37,        42,1,20181115 08:03:57,                              , 9999, 9999, 9999, 9999,32767,     0,     0
 ED5.2,1486                          ,1563                          ,                    ,1952      ,                ,  101,                    ,                              ,14,0,20181115 08:05:27,    0,         0,         0,65535,65535, 9999,2,                ,0000000,0, 0,         0,    0,0000000000000000000000000000000000000000,0000000000000000000000000000000000000000,         0,         0,         0,         0,1, 0, 0, 0,1486                          ,    0,         0,0,20181115 08:05:27,1563                          ,  101, 9999,  101,  101,    0,     0,     0
 ED5.2,2071                          ,1120                          ,                    ,1154      ,                ,  101,                    ,                              ,14,0,20181115 08:05:28,    0,         0,         0,65535,65535, 9999,2,                ,0000000,0, 0,         0,    0,0000000000000000000000000000000000000000,0000000000000000000000000000000000000000,         0,         0,         0,         0,1, 0, 0, 0,2071                          ,    0,         0,0,20181115 08:05:28,1120                          ,  101, 9999,  101,  101,    0,     0,     0
 ED5.2,7476497                       ,1076                          ,JEISSON ANDR VAS    ,1741      ,                ,  101,                    ,                              , 0,2,20181115 08:05:29,    0,         0,         0, 1952,   11,  101,2,                ,0010000,2, 1,         0,    0,1000000000000000000000000000000000000000,0000000000000000000000010000000000001000,         0,         0,         0,         0,1, 0, 0, 0,7476497                       ,    0,         0,0,20181115 08:05:29,1076                          , 9999, 9999, 9999,  101,32767,     0,     0
 ED5.2,1248                          ,1000                          ,                    ,1635      ,                ,  101,                    ,                              ,14,0,20181115 08:05:30,    0,         0,         9,65535,65535, 9999,2,                ,0000000,0, 0,         0,    0,0000000000000000000000000000000000000000,0000000000000000000000000000000000000000,         0,         0,         0,         0,1, 0, 0, 0,1248                          ,    0,         9,0,20181115 08:05:21,1000                          ,  101, 9999,  101,  101,    0,     0,     0
 ED5.2,3325                          ,3134                          ,                    ,1979      ,                ,  101,                    ,                              ,14,0,20181115 08:05:31,    0,         0,       106,65535,65535, 9999,2,                ,0000000,0, 0,         0,    0,0000000000000000000000000000000000000000,0000000000000000000000000000000000000000,         0,         0,         0,         0,1, 0, 0, 0,3325                          ,    0,       106,0,20181115 08:03:45,3134                          ,  101, 9999,  101,  101,    0,     0,     0
 ED5.2,3199                          ,3103                          ,                    ,1979      ,                ,  101,                    ,                              ,14,0,20181115 08:05:34,    0,         0,         1,65535,65535, 9999,2,                ,0000000,0, 0,         0,    0,0000000000000000000000000000000000000000,0000000000000000000000000000000000000000,         0,         0,         0,         0,1, 0, 0, 0,3199                          ,    0,         1,0,20181115 08:05:33,3103                          ,  101, 9999,  101,  101,    0,     0,     0
 ED5.2,3103                          ,3235                          ,                    ,1466      ,                ,  101,                    ,                              ,14,0,20181115 08:05:34,    0,         0,        35,65535,65535, 9999,2,                ,0000000,0, 0,         0,    0,0000000000000000000000000000000000000000,0000000000000000000000000000000000000000,         0,         0,         0,         0,1, 0, 0, 0,3103                          ,    0,        35,0,20181115 08:04:59,3235                          ,  101, 9999,  101,  101,    0,     0,     0
 ED5.2,3336                          ,3109                          ,                    ,1466      ,                ,  101,                    ,                              ,14,0,20181115 08:05:36,    0,         0,         0,65535,65535, 9999,2,                ,0000000,0, 0,         0,    0,0000000000000000000000000000000000000000,0000000000000000000000000000000000000000,         0,         0,         0,         0,1, 0, 0, 0,3336                          ,    0,         0,0,20181115 08:05:36,3109                          ,  101, 9999,  101,  101,    0,     0,     0
 ED5.2,3500                          ,3503                          ,                    ,4466      ,                ,  101,                    ,                              ,14,0,20181115 08:05:39,    0,         0,         5,65535,65535, 9999,2,                ,0000000,0, 0,         0,    0,0000000000000000000000000000000000000000,0000000000000000000000000000000000000000,         0,         0,         0,         0,1, 0, 0, 0,3500                          ,    0,         5,0,20181115 08:05:34,3503                          ,  101, 9999,  101,  101,    0,     0,     0
 ED5.2,1438                          ,1121                          ,                    ,1952      ,                ,  101,                    ,                              ,14,0,20181115 08:05:41,    0,         0,         0,65535,65535, 9999,2,                ,0000000,0, 0,         0,    0,0000000000000000000000000000000000000000,0000000000000000000000000000000000000000,         0,         0,         0,         0,1, 0, 0, 0,1438                          ,    0,         0,0,20181115 08:05:41,1121                          ,  101, 9999,  101,  101,    0,     0,     0
 ED5.2,1526                          ,1121                          ,                    ,1952      ,                ,  101,                    ,                              ,14,0,20181115 08:05:45,    0,         0,         0,65535,65535, 9999,2,                ,0000000,0, 0,         0,    0,0000000000000000000000000000000000000000,0000000000000000000000000000000000000000,         0,         0,         0,         0,1, 0, 0, 0,1438                          ,    0,         0,1,20181115 08:05:45,1121                          ,  101, 9999,  101,  101,    0,     0,     0
 ED5.2,1565                          ,1426                          ,                    ,1952      ,                ,  101,                    ,                              ,14,0,20181115 08:05:48,    0,         0,        43,65535,65535, 9999,2,                ,0000000,0, 0,         0,    0,0000000000000000000000000000000000000000,0000000000000000000000000000000000000000,         0,         0,         0,         0,1, 0, 0, 0,1565                          ,    0,        43,0,20181115 08:05:05,1426                          ,  101, 9999,  101,  101,    0,     0,     0
 ED5.2,663166114976                  ,1565                          ,SONIA YANETH ROM    ,1952      ,                ,  101,                    ,                              , 4,2,20181115 08:05:48,    0,         0,        27,  121,   20,  101,2,                ,0000000,2, 0,         0,    0,0000000000000000000000000000000000000000,0000000000000000000000010000000000000000,         0,         0,         0,         0,1, 0, 0, 0,A800                          ,   28,         0,0,20181115 08:05:21,                              , 9999, 9999, 9999, 9999,32767,     0,     0
 ED5.2,5105154                       ,1056                          ,CINDY YARLIN ALB    ,1952      ,                ,  101,                    ,                              , 0,2,20181115 08:05:51,    0,         0,       197, 1956,   11,  101,2,                ,0010000,2, 1,         0,    0,1000000000000000000000000000000000000000,0000000000000000000000010000000000001000,         0,         0,         0,         0,1, 0, 0, 0,5105154                       ,    0,         0,0,20181115 08:02:34,1056                          , 9999, 9999, 9999,  101,32767,     0,     0
 ED5.2,1133                          ,1563                          ,                    ,1952      ,                ,  101,                    ,                              ,14,0,20181115 08:05:52,    0,         0,        12,65535,65535, 9999,2,                ,0000000,0, 0,         0,    0,0000000000000000000000000000000000000000,0000000000000000000000000000000000000000,         0,         0,         0,         0,1, 0, 0, 0,1486                          ,    0,        12,1,20181115 08:05:40,1563                          ,  101, 9999,  101,  101,    0,     0,     0
 ED5.2,663537255                     ,4020                          ,MARISOL BETANCUR    ,2952      ,                ,  101,                    ,                              , 4,2,20181115 08:05:54,    0,         0,        93, 2395,   15,  101,2,                ,0000000,2, 0,         0,    0,0000000000000000000000000000000000000000,0000000000000000000000010000000000000000,         0,         0,         0,         0,1, 0, 0, 0,A800                          ,   94,         0,1,20181115 08:04:21,                              , 9999, 9999, 9999, 9999,32767,     0,     0
 ED5.2,663166114976                  ,FS020                         ,ETB                 ,          ,                ,  101,                    ,                              , 4,2,20181115 08:06:02,    0,         0,         5,  121,   20,  101,2,                ,0000000,2, 1,         0,    0,0000000000000000000000000000000000000000,0000000000000000000000010000000000000000,         0,         0,         0,         0,1, 0, 0, 0,A800                          ,    5,         0,0,20181115 08:05:57,                              , 9999, 9999, 9999, 9999,32767,     0,     0
 ED5.2,2024                          ,1120                          ,                    ,1154      ,                ,  101,                    ,                              ,14,0,20181115 08:06:03,    0,         0,         0,65535,65535, 9999,2,                ,0000000,0, 0,         0,    0,0000000000000000000000000000000000000000,0000000000000000000000000000000000000000,         0,         0,         0,         0,1, 0, 0, 0,2024                          ,    0,         0,0,20181115 08:06:03,1120                          ,  101, 9999,  101,  101,    0,     0,     0
 ED5.2,88                            ,1120                          ,                    ,1154      ,                ,  101,                    ,                              ,14,0,20181115 08:06:05,    0,         0,         2,65535,65535, 9999,2,                ,0000000,0, 0,         0,    0,0000000000000000000000000000000000000000,0000000000000000000000000000000000000000,         0,         0,         0,         0,1, 0, 0, 0,2024                          ,    0,         2,1,20181115 08:06:03,1120                          ,  101, 9999,  101,  101,    0,     0,     0
 ED5.2,1200                          ,1102                          ,                    ,1528      ,                ,  101,                    ,                              ,14,0,20181115 08:06:07,    0,         0,        33,65535,65535, 9999,2,                ,0000000,0, 0,         0,    0,0000000000000000000000000000000000000000,0000000000000000000000000000000000000000,         0,         0,         0,         0,1, 0, 0, 0,1200                          ,    0,        33,0,20181115 08:05:34,1102                          ,  101, 9999,  101,  101,    0,     0,     0
 ED5.2,1428                          ,1521                          ,                    ,1949      ,                ,  101,                    ,                              ,14,0,20181115 08:06:09,    0,         0,        34,65535,65535, 9999,2,                ,0000000,0, 0,         0,    0,0000000000000000000000000000000000000000,0000000000000000000000000000000000000000,         0,         0,         0,         0,1, 0, 0, 0,1428                          ,    0,        34,0,20181115 08:05:35,1521                          ,  101, 9999,  101,  101,    0,     0,     0
 ED5.2,1115                          ,1009                          ,                    ,1154      ,                ,  101,                    ,                              ,14,0,20181115 08:06:12,    0,         0,         0,65535,65535, 9999,2,                ,0000000,0, 0,         0,    0,0000000000000000000000000000000000000000,0000000000000000000000000000000000000000,         0,         0,         0,         0,1, 0, 0, 0,1115                          ,    0,         0,0,20181115 08:06:12,1009                          ,  101, 9999,  101,  101,    0,     0,     0
 ED5.2,4224300                       ,A203                          ,                    ,3466      ,                ,  101,                    ,                              , 4,2,20181115 08:06:12,    0,         0,       104, 2826,   82,  101,2,                ,0000000,2, 0,         0,    0,0000000000000000000000000000000000000000,0000000000000000000000010000000000000000,         0,         0,         0,         0,1, 0, 0, 0,A500                          ,   39,        66,1,20181115 08:04:28,                              , 9999, 9999, 9999, 9999,32767,     0,     0
 ED5.2,5152                          ,3614                          ,                    ,3945      ,                ,  101,                    ,                              ,14,0,20181115 08:06:13,    0,         0,         0,65535,65535, 9999,2,                ,0000000,0, 0,         0,    0,0000000000000000000000000000000000000000,0000000000000000000000000000000000000000,         0,         0,         0,         0,1, 0, 0, 0,5152                          ,    0,         0,0,20181115 08:06:13,3614                          ,  101, 9999,  101,  101,    0,     0,     0
 ED5.2,3406                          ,3400                          ,                    ,2675      ,                ,  101,                    ,                              ,14,0,20181115 08:06:16,    0,         0,         0,65535,65535, 9999,2,                ,0000000,0, 0,         0,    0,0000000000000000000000000000000000000000,0000000000000000000000000000000000000000,         0,         0,         0,         0,1, 0, 0, 0,3406                          ,    0,         0,0,20181115 08:06:16,3400                          ,  101, 9999,  101,  101,    0,     0,     0
 ED5.2,5206                          ,3614                          ,                    ,3945      ,                ,  101,                    ,                              ,14,0,20181115 08:06:18,    0,         0,         0,65535,65535, 9999,2,                ,0000000,0, 0,         0,    0,0000000000000000000000000000000000000000,0000000000000000000000000000000000000000,         0,         0,         0,         0,1, 0, 0, 0,5206                          ,    0,         0,0,20181115 08:06:18,3614                          ,  101, 9999,  101,  101,    0,     0,     0
 ED5.2,4071                          ,3400                          ,                    ,2675      ,                ,  101,                    ,                              ,14,0,20181115 08:06:20,    0,         0,         0,65535,65535, 9999,2,                ,0000000,0, 0,         0,    0,0000000000000000000000000000000000000000,0000000000000000000000000000000000000000,         0,         0,         0,         0,1, 0, 0, 0,3406                          ,    0,         0,0,20181115 08:06:20,3400                          ,  101, 9999,  101,  101,    0,     0,     0
 ED5.2,1241                          ,1009                          ,                    ,1154      ,                ,  101,                    ,                              ,14,0,20181115 08:06:26,    0,         0,         0,65535,65535, 9999,2,                ,0000000,0, 0,         0,    0,0000000000000000000000000000000000000000,0000000000000000000000000000000000000000,         0,         0,         0,         0,1, 0, 0, 0,1115                          ,    0,         0,1,20181115 08:06:26,1009                          ,  101, 9999,  101,  101,    0,     0,     0
 ED5.2,3160017                       ,1011                          ,SANDRA MILEN PAR    ,1635      ,                ,  101,                    ,                              , 0,2,20181115 08:06:26,    0,         0,         0, 1952,   11,  101,2,                ,0010000,2, 1,         0,    0,1000000000000000000000000000000000000000,0000000000000000000000010000000000001000,         0,         0,         0,         0,1, 0, 0, 0,3160017                       ,    0,         0,0,20181115 08:06:26,1011                          , 9999, 9999, 9999,  101,32767,     0,     0
 ED5.2,5204                          ,3614                          ,                    ,3945      ,                ,  101,                    ,                              ,14,0,20181115 08:06:29,    0,         0,         0,65535,65535, 9999,2,                ,0000000,0, 0,         0,    0,0000000000000000000000000000000000000000,0000000000000000000000000000000000000000,         0,         0,         0,         0,1, 0, 0, 0,5204                          ,    0,         0,0,20181115 08:06:29,3614                          ,  101, 9999,  101,  101,    0,     0,     0
 ED5.2,6105                          ,6109                          ,                    ,5843      ,                ,  101,                    ,                              ,14,0,20181115 08:06:31,    0,         0,        16,65535,65535, 9999,2,                ,0000000,0, 0,         0,    0,0000000000000000000000000000000000000000,0000000000000000000000000000000000000000,         0,         0,         0,         0,1, 0, 0, 0,6105                          ,    0,        16,0,20181115 08:06:15,6109                          ,  101, 9999,  101,  101,    0,     0,     0
 ED5.2,4071                          ,4044                          ,                    ,2949      ,                ,  101,                    ,                              ,14,0,20181115 08:06:36,    0,         0,        47,65535,65535, 9999,2,                ,0000000,0, 0,         0,    0,0000000000000000000000000000000000000000,0000000000000000000000000000000000000000,         0,         0,         0,         0,1, 0, 0, 0,4071                          ,    0,        47,0,20181115 08:05:49,4044                          ,  101, 9999,  101,  101,    0,     0,     0
 ED5.2,2025                          ,3511                          ,                    ,4979      ,                ,  101,                    ,                              ,14,0,20181115 08:06:37,    0,         0,         0,65535,65535, 9999,2,                ,0000000,0, 0,         0,    0,0000000000000000000000000000000000000000,0000000000000000000000000000000000000000,         0,         0,         0,         0,1, 0, 0, 0,2025                          ,    0,         0,0,20181115 08:06:37,3511                          ,  101, 9999,  101,  101,    0,     0,     0
 ED5.2,3406                          ,3400                          ,                    ,2675      ,                ,  101,                    ,                              ,14,0,20181115 08:06:38,    0,         0,         0,65535,65535, 9999,2,                ,0000000,0, 0,         0,    0,0000000000000000000000000000000000000000,0000000000000000000000000000000000000000,         0,         0,         0,         0,1, 0, 0, 0,3406                          ,    0,         0,0,20181115 08:06:38,3400                          ,  101, 9999,  101,  101,    0,     0,     0
 ED5.2,3148                          ,3128                          ,                    ,1160      ,                ,  101,                    ,                              ,14,0,20181115 08:06:43,    0,         0,        64,65535,65535, 9999,2,                ,0000000,0, 0,         0,    0,0000000000000000000000000000000000000000,0000000000000000000000000000000000000000,         0,         0,         0,         0,1, 0, 0, 0,3148                          ,    0,        64,0,20181115 08:05:39,3128                          ,  101, 9999,  101,  101,    0,     0,     0
 ED5.2,1311                          ,3317                          ,                    ,1949      ,                ,  101,                    ,                              ,14,0,20181115 08:06:50,    0,         0,         0,65535,65535, 9999,2,                ,0000000,0, 0,         0,    0,0000000000000000000000000000000000000000,0000000000000000000000000000000000000000,         0,         0,         0,         0,1, 0, 0, 0,1311                          ,    0,         0,0,20181115 08:06:50,3317                          ,  101, 9999,  101,  101,    0,     0,     0
 ED5.2,5127                          ,5110                          ,                    ,3843      ,                ,  101,                    ,                              ,14,0,20181115 08:06:53,    0,         0,         9,65535,65535, 9999,2,                ,0000000,0, 0,         0,    0,0000000000000000000000000000000000000000,0000000000000000000000000000000000000000,         0,         0,         0,         0,1, 0, 0, 0,5127                          ,    0,         9,0,20181115 08:06:44,5110                          ,  101, 9999,  101,  101,    0,     0,     0
 ED5.2,3561575                       ,3249                          ,MARY LUZ MONTOYA    ,1466      ,                ,  101,                    ,                              , 4,2,20181115 08:06:55,    0,         0,         7, 2824,   82,  101,2,                ,0000000,2, 0,         0,    0,0000000000000000000000000000000000000000,0000000000000000000000010000000000000000,         0,         0,         0,         0,1, 0, 0, 0,7634                          ,    8,         0,1,20181115 08:06:48,                              , 9999, 9999, 9999, 9999,32767,     0,     0
 ED5.2,4071                          ,3400                          ,                    ,2675      ,                ,  101,                    ,                              ,14,0,20181115 08:06:56,    0,         0,        16,65535,65535, 9999,2,                ,0000000,0, 0,         0,    0,0000000000000000000000000000000000000000,0000000000000000000000000000000000000000,         0,         0,         0,         0,1, 0, 0, 0,3406                          ,    0,        16,0,20181115 08:06:40,3400                          ,  101, 9999,  101,  101,    0,     0,     0
 ED5.2,663164069809                  ,FS065                         ,Fidu-Cali           ,          ,                ,  101,                    ,                              , 4,2,20181115 08:06:57,    0,         0,        24,  324,   65,  101,2,                ,0000000,3, 0,         0,    0,0000000000000000000000000000000000000000,0000000000000000000000010000000000000000,         0,         0,         0,         0,1, 0, 0, 0,A600                          ,   25,         0,0,20181115 08:06:33,                              , 9999, 9999, 9999, 9999,32767,     0,     0
 ED5.2,1770                          ,2039                          ,                    ,4952      ,                ,  101,                    ,                              , 3,0,20181115 08:07:02,    0,         0,        98,65535,65535, 9999,2,                ,0000000,0, 0,         0,    0,0000000000000000000000000000000000000000,0000000000000000000000000000000000000000,         0,         0,         0,         0,1, 0, 0, 0,7777                          ,    0,        98,0,20181115 08:05:24,2039                          ,  101, 9999,  101,  101,    0,     0,     0
 ED5.2,3158                          ,1623                          ,                    ,1425      ,                ,  101,                    ,                              ,14,0,20181115 08:07:03,    0,         0,         0,65535,65535, 9999,2,                ,0000000,0, 0,         0,    0,0000000000000000000000000000000000000000,0000000000000000000000000000000000000000,         0,         0,         0,         0,1, 0, 0, 0,3158                          ,    0,         0,0,20181115 08:07:03,1623                          ,  101, 9999,  101,  101,    0,     0,     0
 ED5.2,3103258408                    ,3264                          ,CARLOS ANDRE JIM    ,1466      ,                ,  101,                    ,                              , 0,2,20181115 08:07:04,    0,         0,         0, 2300,   66,  101,2,                ,0010000,2, 1,         0,    0,1000000000000000000000000000000000000000,0000000000000000000000010000000000001000,         0,         0,         0,         0,1, 0, 0, 0,033103258408                  ,    0,         0,0,20181115 08:07:04,3264                          , 9999, 9999, 9999,  101,32767,     0,     0
 ED5.2,1588                          ,1563                          ,                    ,1952      ,                ,  101,                    ,                              ,14,0,20181115 08:07:08,    0,         0,         0,65535,65535, 9999,2,                ,0000000,0, 0,         0,    0,0000000000000000000000000000000000000000,0000000000000000000000000000000000000000,         0,         0,         0,         0,1, 0, 0, 0,1588                          ,    0,         0,0,20181115 08:07:08,1563                          ,  101, 9999,  101,  101,    0,     0,     0
 ED5.2,1763                          ,1412                          ,                    ,1952      ,                ,  101,                    ,                              ,14,0,20181115 08:07:10,    0,         0,         0,65535,65535, 9999,2,                ,0000000,0, 0,         0,    0,0000000000000000000000000000000000000000,0000000000000000000000000000000000000000,         0,         0,         0,         0,1, 0, 0, 0,1763                          ,    0,         0,0,20181115 08:07:10,1412                          ,  101, 9999,  101,  101,    0,     0,     0
 ED5.2,1385                          ,1412                          ,                    ,1952      ,                ,  101,                    ,                              ,14,0,20181115 08:07:12,    0,         0,         0,65535,65535, 9999,2,                ,0000000,0, 0,         0,    0,0000000000000000000000000000000000000000,0000000000000000000000000000000000000000,         0,         0,         0,         0,1, 0, 0, 0,1763                          ,    0,         0,1,20181115 08:07:12,1412                          ,  101, 9999,  101,  101,    0,     0,     0
 ED5.2,3115                          ,1568                          ,                    ,1365      ,                ,  101,                    ,                              ,14,0,20181115 08:07:13,    0,         0,        12,65535,65535, 9999,2,                ,0000000,0, 0,         0,    0,0000000000000000000000000000000000000000,0000000000000000000000000000000000000000,         0,         0,         0,         0,1, 0, 0, 0,3115                          ,    0,        12,0,20181115 08:07:01,1568                          ,  101, 9999,  101,  101,    0,     0,     0
 ED5.2,3618                          ,3600                          ,                    ,3675      ,                ,  101,                    ,                              ,14,0,20181115 08:07:16,    0,         0,        13,65535,65535, 9999,2,                ,0000000,0, 0,         0,    0,0000000000000000000000000000000000000000,0000000000000000000000000000000000000000,         0,         0,         0,         0,1, 0, 0, 0,3618                          ,    0,        13,0,20181115 08:07:03,3600                          ,  101, 9999,  101,  101,    0,     0,     0
 ED5.2,3325                          ,3307                          ,                    ,1089      ,                ,  101,                    ,                              ,14,0,20181115 08:07:17,    0,         0,       101,65535,65535, 9999,2,                ,0000000,0, 0,         0,    0,0000000000000000000000000000000000000000,0000000000000000000000000000000000000000,         0,         0,         0,         0,1, 0, 0, 0,3325                          ,    0,       101,0,20181115 08:05:36,3307                          ,  101, 9999,  101,  101,    0,     0,     0
 ED5.2,1591                          ,1563                          ,                    ,1952      ,                ,  101,                    ,                              ,14,0,20181115 08:07:19,    0,         0,         0,65535,65535, 9999,2,                ,0000000,0, 0,         0,    0,0000000000000000000000000000000000000000,0000000000000000000000000000000000000000,         0,         0,         0,         0,1, 0, 0, 0,1591                          ,    0,         0,0,20181115 08:07:19,1563                          ,  101, 9999,  101,  101,    0,     0,     0
 ED5.2,1857                          ,1623                          ,                    ,1425      ,                ,  101,                    ,                              ,14,0,20181115 08:07:19,    0,         0,         0,65535,65535, 9999,2,                ,0000000,0, 0,         0,    0,0000000000000000000000000000000000000000,0000000000000000000000000000000000000000,         0,         0,         0,         0,1, 0, 0, 0,3158                          ,    0,         0,1,20181115 08:07:19,1623                          ,  101, 9999,  101,  101,    0,     0,     0
 ED5.2,3199                          ,3235                          ,                    ,1466      ,                ,  101,                    ,3103                          ,14,0,20181115 08:07:22,    0,         0,       108,65535,65535, 9999,2,                ,0000000,0, 0,         0,    0,0000000000000000000000000000000000000000,0000000000000000000000000000000000000000,         0,         0,         0,         0,1, 0, 0, 0,                              ,    0,       108,0,20181115 08:05:34,3235                          ,  101,  101, 9999,  101,    0,     0,     0
 ED5.2,1331                          ,1584                          ,                    ,1635      ,                ,  101,                    ,                              ,14,0,20181115 08:07:23,    0,         0,       107,65535,65535, 9999,2,                ,0000000,0, 0,         0,    0,0000000000000000000000000000000000000000,0000000000000000000000000000000000000000,         0,         0,         0,         0,1, 0, 0, 0,1331                          ,    0,       107,0,20181115 08:05:36,1584                          ,  101, 9999,  101,  101,    0,     0,     0
 ED5.2,1069                          ,1634                          ,                    ,1425      ,                ,  101,                    ,                              ,14,0,20181115 08:07:26,    0,         0,         0,65535,65535, 9999,2,                ,0000000,0, 0,         0,    0,0000000000000000000000000000000000000000,0000000000000000000000000000000000000000,         0,         0,         0,         0,1, 0, 0, 0,1069                          ,    0,         0,0,20181115 08:07:26,1634                          ,  101, 9999,  101,  101,    0,     0,     0
 ED5.2,4056                          ,3400                          ,                    ,2675      ,                ,  101,                    ,                              ,14,0,20181115 08:07:27,    0,         0,        24,65535,65535, 9999,2,                ,0000000,0, 0,         0,    0,0000000000000000000000000000000000000000,0000000000000000000000000000000000000000,         0,         0,         0,         0,1, 0, 0, 0,4056                          ,    0,        24,0,20181115 08:07:03,3400                          ,  101, 9999,  101,  101,    0,     0,     0
 ED5.2,1859                          ,1623                          ,                    ,1425      ,                ,  101,                    ,                              ,14,0,20181115 08:07:27,    0,         0,         0,65535,65535, 9999,2,                ,0000000,0, 0,         0,    0,0000000000000000000000000000000000000000,0000000000000000000000000000000000000000,         0,         0,         0,         0,1, 0, 0, 0,3158                          ,    0,         0,1,20181115 08:07:27,1623                          ,  101, 9999,  101,  101,    0,     0,     0
 ED5.2,1229                          ,1634                          ,                    ,1425      ,                ,  101,                    ,                              ,14,0,20181115 08:07:28,    0,         0,         0,65535,65535, 9999,2,                ,0000000,0, 0,         0,    0,0000000000000000000000000000000000000000,0000000000000000000000000000000000000000,         0,         0,         0,         0,1, 0, 0, 0,1069                          ,    0,         0,1,20181115 08:07:28,1634                          ,  101, 9999,  101,  101,    0,     0,     0
 ED5.2,B6046996                      ,FS200                         ,SIP MED             ,          ,                ,  101,                    ,                              ,13,0,20181115 08:07:29,    0,         0,       119, 3187,  200,  101,2,                ,0000000,2, 1,         0,    0,0000000000000000000000000000000000000000,0000000000000000000000010000000000000000,         0,         0,         0,         0,1, 0, 0, 0,7764                          ,   11,       108,0,20181115 08:05:30,                              , 9999, 9999, 9999, 9999,32767,     0,     0
 ED5.2,663144862611                  ,1403                          ,JINNETH HASB SUA    ,1952      ,                ,  101,                    ,                              , 4,2,20181115 08:07:33,    0,         0,       183,  120,   20,  101,2,                ,0000000,2, 1,         0,    0,0000000000000000000000000000000000000000,0000000000000000000000010000000000000000,         0,         0,         0,         0,1, 0, 0, 0,A800                          ,  184,         0,0,20181115 08:04:30,                              , 9999, 9999, 9999, 9999,32767,     0,     0
 ED5.2,1789                          ,1591                          ,                    ,1952      ,                ,  101,                    ,                              , 3,0,20181115 08:07:34,    0,         0,        72,65535,65535, 9999,2,                ,0000000,0, 0,         0,    0,0000000000000000000000000000000000000000,0000000000000000000000000000000000000000,         0,         0,         0,         0,1, 0, 0, 0,7777                          ,    0,        72,0,20181115 08:06:22,1591                          ,  101, 9999,  101,  101,    0,     0,     0
 ED5.2,B3104257865                   ,FS200                         ,SIP MED             ,          ,                ,  101,                    ,                              ,13,0,20181115 08:07:37,    0,         0,        10, 3188,  200,  101,2,                ,0000000,2, 1,         0,    0,0000000000000000000000000000000000000000,0000000000000000000000010000000000000000,         0,         0,         0,         0,1, 0, 0, 0,7764                          ,   10,         0,0,20181115 08:07:27,                              , 9999, 9999, 9999, 9999,32767,     0,     0
 ED5.2,3148939063                    ,4088                          ,DAVID STIVEN GUE    ,2952      ,                ,  101,                    ,                              , 0,2,20181115 08:07:39,    0,         0,       107, 2299,   66,  101,2,                ,0010000,2, 1,         0,    0,1000000000000000000000000000000000000000,0000000000000000000000010000000000001000,         0,         0,         0,         0,1, 0, 0, 0,033148939063                  ,    0,         0,0,20181115 08:05:52,4088                          , 9999, 9999, 9999,  101,32767,     0,     0
 ED5.2,3148939063                    ,45                            ,General operator    ,2952      ,                ,  101,                    ,                              , 0,2,20181115 08:07:39,    0,         0,       108, 2299,   66,  101,2,                ,0010000,2, 1,         0,    0,0000000000000000000000000000000000000000,0000000000000000000000011000000000001000,         0,         0,         0,         0,1, 0, 0, 0,033148939063                  ,    0,         0,0,20181115 08:05:51,4088                          , 9999, 9999, 9999,  101,32767,     0,     0
 ED5.2,1555                          ,5119                          ,                    ,3952      ,                ,  101,                    ,                              ,14,0,20181115 08:07:40,    0,         0,         0,65535,65535, 9999,2,                ,0000000,0, 0,         0,    0,0000000000000000000000000000000000000000,0000000000000000000000000000000000000000,         0,         0,         0,         0,1, 0, 0, 0,1555                          ,    0,         0,0,20181115 08:07:40,5119                          ,  101, 9999,  101,  101,    0,     0,     0
 ED5.2,7777                          ,1460                          ,                    ,1213      ,                ,  101,                    ,                              , 3,0,20181115 08:07:42,    0,         0,         0,65535,65535, 9999,2,                ,0000000,0, 0,         0,    0,0000000000000000000000000000000000000000,0000000000000000000000000000000000000000,         0,         0,         0,         0,1, 0, 0, 0,7777                          ,    0,         0,0,20181115 08:07:42,1460                          ,  101, 9999,  101,  101,    0,     0,     0
