 ED5.2,1106                          ,1737                          ,                    ,1635      ,                ,  101,                    ,                              ,14,0,20181212 20:00:34,    0,         0,         0,65535,65535, 9999,2,                ,0000000,0, 0,         0,    0,0000000000000000000000000000000000000000,0000000000000000000000000000000000000000,         0,         0,         0,         0,1, 0, 0, 0,1114                          ,    0,         0,1,20181212 20:00:34,1737                          ,  101, 9999,  101,  101,    0,     0,     0
 ED5.2,7894399                       ,1121                          ,ASTRID VIVIA ROD    ,1952      ,                ,  101,                    ,                              , 0,2,20181212 20:00:43,    0,         0,       106,10002,   11,  101,2,                ,0010000,2, 1,         0,    0,1000000000000000000000000000000000000000,0000000000000000000000010000000000001000,         0,         0,         0,         0,1, 0, 0, 0,7894399                       ,    0,         0,0,20181212 19:58:57,1121                          , 9999, 9999, 9999,  101,32767,     0,     0
 ED5.2,1114                          ,1737                          ,                    ,1635      ,                ,  101,                    ,                              ,14,0,20181212 20:00:50,    0,         0,         0,65535,65535, 9999,2,                ,0000000,0, 0,         0,    0,0000000000000000000000000000000000000000,0000000000000000000000000000000000000000,         0,         0,         0,         0,1, 0, 0, 0,1114                          ,    0,         0,0,20181212 20:00:50,1737                          ,  101, 9999,  101,  101,    0,     0,     0
 ED5.2,1106                          ,1737                          ,                    ,1635      ,                ,  101,                    ,                              ,14,0,20181212 20:00:52,    0,         0,         0,65535,65535, 9999,2,                ,0000000,0, 0,         0,    0,0000000000000000000000000000000000000000,0000000000000000000000000000000000000000,         0,         0,         0,         0,1, 0, 0, 0,1114                          ,    0,         0,1,20181212 20:00:52,1737                          ,  101, 9999,  101,  101,    0,     0,     0
 ED5.2,1114                          ,1737                          ,                    ,1635      ,                ,  101,                    ,                              ,14,0,20181212 20:01:17,    0,         0,         0,65535,65535, 9999,2,                ,0000000,0, 0,         0,    0,0000000000000000000000000000000000000000,0000000000000000000000000000000000000000,         0,         0,         0,         0,1, 0, 0, 0,1114                          ,    0,         0,0,20181212 20:01:17,1737                          ,  101, 9999,  101,  101,    0,     0,     0
 ED5.2,1106                          ,1737                          ,                    ,1635      ,                ,  101,                    ,                              ,14,0,20181212 20:01:25,    0,         0,         0,65535,65535, 9999,2,                ,0000000,0, 0,         0,    0,0000000000000000000000000000000000000000,0000000000000000000000000000000000000000,         0,         0,         0,         0,1, 0, 0, 0,1114                          ,    0,         0,1,20181212 20:01:25,1737                          ,  101, 9999,  101,  101,    0,     0,     0
 ED5.2,6528080                       ,8024                          ,ZULMA REY VERA      ,6425      ,                ,  101,                    ,                              , 0,1,20181212 20:01:26,    0,         0,        28,  526,   80,  101,2,                ,0010000,0, 0,         0,    0,0000000000000000000000000000000000000000,0000000000000000000000010000000000001000,         0,         0,         0,         0,1, 0, 0, 0,6528080                       ,    0,         0,0,20181212 20:00:58,8024                          , 9999, 9999, 9999,  101,32767,     0,     0
 ED5.2,1114                          ,1737                          ,                    ,1635      ,                ,  101,                    ,                              ,14,0,20181212 20:01:42,    0,         0,         0,65535,65535, 9999,2,                ,0000000,0, 0,         0,    0,0000000000000000000000000000000000000000,0000000000000000000000000000000000000000,         0,         0,         0,         0,1, 0, 0, 0,1114                          ,    0,         0,0,20181212 20:01:42,1737                          ,  101, 9999,  101,  101,    0,     0,     0
 ED5.2,2068                          ,2093                          ,                    ,4632      ,                ,  101,                    ,                              ,14,0,20181212 20:01:44,    0,         0,        98,65535,65535, 9999,2,                ,0000000,0, 0,         0,    0,0000000000000000000000000000000000000000,0000000000000000000000000000000000000000,         0,         0,         0,         0,1, 0, 0, 0,2068                          ,    0,        98,0,20181212 20:00:06,2093                          ,  101, 9999,  101,  101,    0,     0,     0
 ED5.2,1106                          ,1737                          ,                    ,1635      ,                ,  101,                    ,                              ,14,0,20181212 20:01:54,    0,         0,         0,65535,65535, 9999,2,                ,0000000,0, 0,         0,    0,0000000000000000000000000000000000000000,0000000000000000000000000000000000000000,         0,         0,         0,         0,1, 0, 0, 0,1114                          ,    0,         0,1,20181212 20:01:54,1737                          ,  101, 9999,  101,  101,    0,     0,     0
 ED5.2,1114                          ,1737                          ,                    ,1635      ,                ,  101,                    ,                              ,14,0,20181212 20:02:10,    0,         0,         0,65535,65535, 9999,2,                ,0000000,0, 0,         0,    0,0000000000000000000000000000000000000000,0000000000000000000000000000000000000000,         0,         0,         0,         0,1, 0, 0, 0,1114                          ,    0,         0,0,20181212 20:02:10,1737                          ,  101, 9999,  101,  101,    0,     0,     0
 ED5.2,1106                          ,1737                          ,                    ,1635      ,                ,  101,                    ,                              ,14,0,20181212 20:02:13,    0,         0,         0,65535,65535, 9999,2,                ,0000000,0, 0,         0,    0,0000000000000000000000000000000000000000,0000000000000000000000000000000000000000,         0,         0,         0,         0,1, 0, 0, 0,1114                          ,    0,         0,1,20181212 20:02:13,1737                          ,  101, 9999,  101,  101,    0,     0,     0
 ED5.2,1114                          ,1737                          ,                    ,1635      ,                ,  101,                    ,                              ,14,0,20181212 20:02:30,    0,         0,         0,65535,65535, 9999,2,                ,0000000,0, 0,         0,    0,0000000000000000000000000000000000000000,0000000000000000000000000000000000000000,         0,         0,         0,         0,1, 0, 0, 0,1114                          ,    0,         0,0,20181212 20:02:30,1737                          ,  101, 9999,  101,  101,    0,     0,     0
 ED5.2,1106                          ,1737                          ,                    ,1635      ,                ,  101,                    ,                              ,14,0,20181212 20:02:46,    0,         0,         0,65535,65535, 9999,2,                ,0000000,0, 0,         0,    0,0000000000000000000000000000000000000000,0000000000000000000000000000000000000000,         0,         0,         0,         0,1, 0, 0, 0,1114                          ,    0,         0,1,20181212 20:02:46,1737                          ,  101, 9999,  101,  101,    0,     0,     0
 ED5.2,7894978                       ,1816                          ,LORENA PINEDA O     ,1638      ,                ,  101,                    ,                              , 0,2,20181212 20:02:53,    0,         0,        12,10002,   11,  101,2,                ,0010000,2, 1,         0,    0,1000000000000000000000000000000000000000,0000000000000000000000010000000000001000,         0,         0,         0,         0,1, 0, 0, 0,7894978                       ,    0,         0,0,20181212 20:02:41,1816                          , 9999, 9999, 9999,  101,32767,     0,     0
 ED5.2,1114                          ,1737                          ,                    ,1635      ,                ,  101,                    ,                              ,14,0,20181212 20:03:02,    0,         0,         0,65535,65535, 9999,2,                ,0000000,0, 0,         0,    0,0000000000000000000000000000000000000000,0000000000000000000000000000000000000000,         0,         0,         0,         0,1, 0, 0, 0,1114                          ,    0,         0,0,20181212 20:03:02,1737                          ,  101, 9999,  101,  101,    0,     0,     0
 ED5.2,1106                          ,1737                          ,                    ,1635      ,                ,  101,                    ,                              ,14,0,20181212 20:03:04,    0,         0,         0,65535,65535, 9999,2,                ,0000000,0, 0,         0,    0,0000000000000000000000000000000000000000,0000000000000000000000000000000000000000,         0,         0,         0,         0,1, 0, 0, 0,1114                          ,    0,         0,1,20181212 20:03:04,1737                          ,  101, 9999,  101,  101,    0,     0,     0
 ED5.2,8013                          ,8012                          ,                    ,6949      ,                ,  101,                    ,                              ,14,0,20181212 20:03:29,    0,         0,         9,65535,65535, 9999,2,                ,0000000,0, 0,         0,    0,0000000000000000000000000000000000000000,0000000000000000000000000000000000000000,         0,         0,         0,         0,1, 0, 0, 0,8013                          ,    0,         9,0,20181212 20:03:20,8012                          ,  101, 9999,  101,  101,    0,     0,     0
 ED5.2,3152                          ,1736                          ,                    ,1635      ,                ,  101,                    ,                              ,14,0,20181212 20:03:37,    0,         0,         7,65535,65535, 9999,2,                ,0000000,0, 0,         0,    0,0000000000000000000000000000000000000000,0000000000000000000000000000000000000000,         0,         0,         0,         0,1, 0, 0, 0,3152                          ,    0,         7,0,20181212 20:03:30,1736                          ,  101, 9999,  101,  101,    0,     0,     0
 ED5.2,7894978                       ,1816                          ,LORENA PINEDA O     ,1638      ,                ,  101,                    ,                              , 0,2,20181212 20:04:35,    0,         0,        68,10002,   11,  101,2,                ,0010000,2, 1,         0,    0,1000000000000000000000000000000000000000,0000000000000000000000010000000000001000,         0,         0,         0,         0,1, 0, 0, 0,7894978                       ,    0,         0,0,20181212 20:03:27,1816                          , 9999, 9999, 9999,  101,32767,     0,     0
 ED5.2,8013                          ,8012                          ,                    ,6949      ,                ,  101,                    ,                              ,14,0,20181212 20:04:44,    0,         0,        12,65535,65535, 9999,2,                ,0000000,0, 0,         0,    0,0000000000000000000000000000000000000000,0000000000000000000000000000000000000000,         0,         0,         0,         0,1, 0, 0, 0,8013                          ,    0,        12,0,20181212 20:04:32,8012                          ,  101, 9999,  101,  101,    0,     0,     0
 ED5.2,1856                          ,1381                          ,                    ,1952      ,                ,  101,                    ,                              ,14,0,20181212 20:04:57,    0,         0,       981,65535,65535, 9999,2,                ,0000000,0, 0,         0,    0,0000000000000000000000000000000000000000,0000000000000000000000000000000000000000,         0,         0,         0,         0,1, 0, 0, 0,1856                          ,    0,       981,0,20181212 19:48:36,1381                          ,  101, 9999,  101,  101,    0,     0,     0
 ED5.2,4017                          ,4028                          ,                    ,2952      ,                ,  101,                    ,                              ,14,0,20181212 20:05:21,    0,         0,         6,65535,65535, 9999,2,                ,0000000,0, 0,         0,    0,0000000000000000000000000000000000000000,0000000000000000000000000000000000000000,         0,         0,         0,         0,1, 0, 0, 0,4017                          ,    0,         6,0,20181212 20:05:15,4028                          ,  101, 9999,  101,  101,    0,     0,     0
 ED5.2,1121                          ,1340                          ,                    ,1635      ,                ,  101,                    ,                              ,14,0,20181212 20:05:44,    0,         0,         6,65535,65535, 9999,2,                ,0000000,0, 0,         0,    0,0000000000000000000000000000000000000000,0000000000000000000000000000000000000000,         0,         0,         0,         0,1, 0, 0, 0,1121                          ,    0,         6,0,20181212 20:05:38,1340                          ,  101, 9999,  101,  101,    0,     0,     0
 ED5.2,1738                          ,1736                          ,                    ,1635      ,                ,  101,                    ,                              ,14,0,20181212 20:06:15,    0,         0,         6,65535,65535, 9999,2,                ,0000000,0, 0,         0,    0,0000000000000000000000000000000000000000,0000000000000000000000000000000000000000,         0,         0,         0,         0,1, 0, 0, 0,1738                          ,    0,         6,0,20181212 20:06:09,1736                          ,  101, 9999,  101,  101,    0,     0,     0
 ED5.2,1526                          ,1139                          ,                    ,1952      ,                ,  101,                    ,                              ,14,0,20181212 20:06:29,    0,         0,       429,65535,65535, 9999,2,                ,0000000,0, 0,         0,    0,0000000000000000000000000000000000000000,0000000000000000000000000000000000000000,         0,         0,         0,         0,1, 0, 0, 0,1444                          ,    0,       429,1,20181212 19:59:20,1139                          ,  101, 9999,  101,  101,    0,     0,     0
 ED5.2,1748                          ,1736                          ,                    ,1635      ,                ,  101,                    ,                              ,14,0,20181212 20:06:39,    0,         0,         7,65535,65535, 9999,2,                ,0000000,0, 0,         0,    0,0000000000000000000000000000000000000000,0000000000000000000000000000000000000000,         0,         0,         0,         0,1, 0, 0, 0,1748                          ,    0,         7,0,20181212 20:06:32,1736                          ,  101, 9999,  101,  101,    0,     0,     0
 ED5.2,1236                          ,1322                          ,                    ,1952      ,                ,  101,                    ,                              ,14,0,20181212 20:06:53,    0,         0,       520,65535,65535, 9999,2,                ,0000000,0, 0,         0,    0,0000000000000000000000000000000000000000,0000000000000000000000000000000000000000,         0,         0,         0,         0,1, 0, 0, 0,1236                          ,    0,       520,0,20181212 19:58:13,1322                          ,  101, 9999,  101,  101,    0,     0,     0
 ED5.2,663102665882                  ,3228                          ,ALBA ROSA BOTERO    ,1979      ,                ,  101,                    ,                              , 4,2,20181212 20:06:57,    0,         0,       133,10865,   82,  101,2,                ,0000000,2, 0,         0,    0,0000000000000000000000000000000000000000,0000000000000000000000010000000000000000,         0,         0,         0,         0,1, 0, 0, 0,A500                          ,   13,       120,0,20181212 20:04:44,                              , 9999, 9999, 9999, 9999,32767,     0,     0
 ED5.2,1114                          ,1737                          ,                    ,1635      ,                ,  101,                    ,                              ,14,0,20181212 20:07:27,    0,         0,         0,65535,65535, 9999,2,                ,0000000,0, 0,         0,    0,0000000000000000000000000000000000000000,0000000000000000000000000000000000000000,         0,         0,         0,         0,1, 0, 0, 0,1114                          ,    0,         0,0,20181212 20:07:27,1737                          ,  101, 9999,  101,  101,    0,     0,     0
 ED5.2,1106                          ,1737                          ,                    ,1635      ,                ,  101,                    ,                              ,14,0,20181212 20:08:04,    0,         0,         0,65535,65535, 9999,2,                ,0000000,0, 0,         0,    0,0000000000000000000000000000000000000000,0000000000000000000000000000000000000000,         0,         0,         0,         0,1, 0, 0, 0,1114                          ,    0,         0,1,20181212 20:08:04,1737                          ,  101, 9999,  101,  101,    0,     0,     0
 ED5.2,1114                          ,1737                          ,                    ,1635      ,                ,  101,                    ,                              ,14,0,20181212 20:08:20,    0,         0,         0,65535,65535, 9999,2,                ,0000000,0, 0,         0,    0,0000000000000000000000000000000000000000,0000000000000000000000000000000000000000,         0,         0,         0,         0,1, 0, 0, 0,1114                          ,    0,         0,0,20181212 20:08:20,1737                          ,  101, 9999,  101,  101,    0,     0,     0
 ED5.2,1106                          ,1737                          ,                    ,1635      ,                ,  101,                    ,                              ,14,0,20181212 20:08:34,    0,         0,         0,65535,65535, 9999,2,                ,0000000,0, 0,         0,    0,0000000000000000000000000000000000000000,0000000000000000000000000000000000000000,         0,         0,         0,         0,1, 0, 0, 0,1114                          ,    0,         0,1,20181212 20:08:34,1737                          ,  101, 9999,  101,  101,    0,     0,     0
 ED5.2,1114                          ,1737                          ,                    ,1635      ,                ,  101,                    ,                              ,14,0,20181212 20:08:47,    0,         0,         0,65535,65535, 9999,2,                ,0000000,0, 0,         0,    0,0000000000000000000000000000000000000000,0000000000000000000000000000000000000000,         0,         0,         0,         0,1, 0, 0, 0,1114                          ,    0,         0,0,20181212 20:08:47,1737                          ,  101, 9999,  101,  101,    0,     0,     0
