 ED5.2,1364                          ,5140                          ,                    ,3632      ,                ,  101,                    ,                              ,14,0,20190112 12:01:28,    0,         0,       343,65535,65535, 9999,2,                ,0000000,0, 0,         0,    0,0000000000000000000000000000000000000000,0000000000000000000000000000000000000000,         0,         0,         0,         0,1, 0, 0, 0,1364                          ,    0,       343,0,20190112 11:55:45,5140                          ,  101, 9999,  101,  101,    0,     0,     0
 ED5.2,7355653                       ,FS020                         ,ETB                 ,          ,                ,  101,                    ,                              , 4,2,20190112 12:02:39,    0,         0,        15,  120,   20,  101,2,                ,0000000,3, 0,         0,    0,0000000000000000000000000000000000000000,0000000000000000000000010000000000000000,         0,         0,         0,         0,1, 0, 0, 0,A800                          ,   15,         0,0,20190112 12:02:24,                              , 9999, 9999, 9999, 9999,32767,     0,     0
 ED5.2,1558                          ,2061                          ,                    ,4632      ,                ,  101,                    ,                              ,14,0,20190112 12:03:21,    0,         0,         0,65535,65535, 9999,2,                ,0000000,0, 0,         0,    0,0000000000000000000000000000000000000000,0000000000000000000000000000000000000000,         0,         0,         0,         0,1, 0, 0, 0,1558                          ,    0,         0,0,20190112 12:03:21,2061                          ,  101, 9999,  101,  101,    0,     0,     0
 ED5.2,1224                          ,2061                          ,                    ,4632      ,                ,  101,                    ,                              ,14,0,20190112 12:03:23,    0,         0,         0,65535,65535, 9999,2,                ,0000000,0, 0,         0,    0,0000000000000000000000000000000000000000,0000000000000000000000000000000000000000,         0,         0,         0,         0,1, 0, 0, 0,1558                          ,    0,         0,1,20190112 12:03:23,2061                          ,  101, 9999,  101,  101,    0,     0,     0
 ED5.2,663158209681                  ,FS082                         ,SIPsalida           ,          ,                ,  101,                    ,                              , 4,2,20190112 12:04:51,    0,         0,         3,10865,   82,  101,2,                ,0000000,2, 0,         0,    0,0000000000000000000000000000000000000000,0000000000000000000000010000000000000000,         0,         0,         0,         0,1, 0, 0, 0,A500                          ,    3,         0,0,20190112 12:04:48,                              , 9999, 9999, 9999, 9999,32767,     0,     0
 ED5.2,8112860                       ,FS020                         ,ETB                 ,          ,                ,  101,                    ,                              , 4,2,20190112 12:08:23,    0,         0,        12,  121,   20,  101,2,                ,0000000,3, 0,         0,    0,0000000000000000000000000000000000000000,0000000000000000000000010000000000000000,         0,         0,         0,         0,1, 0, 0, 0,A800                          ,   12,         0,0,20190112 12:08:11,                              , 9999, 9999, 9999, 9999,32767,     0,     0
 ED5.2,1559                          ,5140                          ,                    ,3632      ,                ,  101,                    ,                              ,14,0,20190112 12:09:03,    0,         0,       443,65535,65535, 9999,2,                ,0000000,0, 0,         0,    0,0000000000000000000000000000000000000000,0000000000000000000000000000000000000000,         0,         0,         0,         0,1, 0, 0, 0,1559                          ,    0,       443,0,20190112 12:01:40,5140                          ,  101, 9999,  101,  101,    0,     0,     0
 ED5.2,7466400                       ,1176                          ,SINDY MARCEL NAR    ,1632      ,                ,  101,                    ,                              , 0,2,20190112 12:10:08,    0,         0,      1004,10001,   11,  101,2,                ,0010000,2, 1,         0,    0,1000000000000000000000000000000000000000,0000000000000000000000010000000000001000,         0,         0,         0,         0,1, 0, 0, 0,7466400                       ,    0,         0,0,20190112 11:53:24,1176                          , 9999, 9999, 9999,  101,32767,     0,     0
 ED5.2,663158209681                  ,FS020                         ,ETB                 ,          ,                ,  101,                    ,                              , 4,2,20190112 12:11:07,    0,         0,       365,  120,   20,  101,2,                ,0000000,3, 0,         0,    0,0000000000000000000000000000000000000000,0000000000000000000000010000000000000000,         0,         0,         0,         0,1, 0, 0, 0,A800                          ,  366,         0,1,20190112 12:05:02,                              , 9999, 9999, 9999, 9999,32767,     0,     0
 ED5.2,663157817730                  ,1491                          ,JAIME MORALES       ,1528      ,                ,  101,                    ,                              , 4,2,20190112 12:11:09,    0,         0,       107,  121,   20,  101,2,                ,0000000,3, 0,         0,    0,0000000000000000000000000000000000000000,0000000000000000000000010000000000000000,         0,         0,         0,         0,1, 0, 0, 0,A800                          ,  107,         0,1,20190112 12:09:22,                              , 9999, 9999, 9999, 9999,32767,     0,     0
 ED5.2,6841539                       ,1176                          ,SINDY MARCEL NAR    ,1632      ,                ,  101,                    ,                              , 0,2,20190112 12:11:26,    0,         0,        63,10001,   11,  101,2,                ,0010000,2, 1,         0,    0,1000000000000000000000000000000000000000,0000000000000000000000010000000000001000,         0,         0,         0,         0,1, 0, 0, 0,6841539                       ,    0,         0,0,20190112 12:10:23,1176                          , 9999, 9999, 9999,  101,32767,     0,     0
 ED5.2,6743036                       ,1679                          ,DEICY JOHANA VEL    ,1154      ,                ,  101,                    ,                              , 4,2,20190112 12:11:54,    0,         0,        91,  122,   20,  101,2,                ,0000000,3, 0,         0,    0,0000000000000000000000000000000000000000,0000000000000000000000010000000000000000,         0,         0,         0,         0,1, 0, 0, 0,A800                          ,   91,         0,1,20190112 12:10:23,                              , 9999, 9999, 9999, 9999,32767,     0,     0
 ED5.2,1031                          ,4055                          ,                    ,2635      ,                ,  101,                    ,                              ,14,0,20190112 12:12:14,    0,         0,       240,65535,65535, 9999,2,                ,0000000,0, 0,         0,    0,0000000000000000000000000000000000000000,0000000000000000000000000000000000000000,         0,         0,         0,         0,1, 0, 0, 0,1031                          ,    0,       240,0,20190112 12:08:14,4055                          ,  101, 9999,  101,  101,    0,     0,     0
 ED5.2,1176                          ,1532                          ,                    ,1632      ,                ,  101,                    ,                              ,14,0,20190112 12:13:08,    0,         0,         0,65535,65535, 9999,2,                ,0000000,0, 0,         0,    0,0000000000000000000000000000000000000000,0000000000000000000000000000000000000000,         0,         0,         0,         0,1, 0, 0, 0,1176                          ,    0,         0,0,20190112 12:13:08,1532                          ,  101, 9999,  101,  101,    0,     0,     0
 ED5.2,2367902                       ,4003                          ,JUDY FRANCEL JAR    ,2952      ,                ,  101,                    ,                              , 0,2,20190112 12:14:01,    0,         0,         0,10445,   15,  101,2,                ,0010000,2, 1,         0,    0,1000000000000000000000000000000000000000,0000000000000000000000010000000000001000,         0,         0,         0,         0,1, 0, 0, 0,2367902                       ,    0,         0,0,20190112 12:14:01,4003                          , 9999, 9999, 9999,  101,32767,     0,     0
 ED5.2,2367902                       ,4003                          ,JUDY FRANCEL JAR    ,2952      ,                ,  101,                    ,                              , 0,2,20190112 12:14:06,    0,         0,         0,10445,   15,  101,2,                ,0010000,2, 1,         0,    0,1000000000000000000000000000000000000000,0000000000000000000000010000000000001000,         0,         0,         0,         0,1, 0, 0, 0,2367902                       ,    0,         0,0,20190112 12:14:06,4003                          , 9999, 9999, 9999,  101,32767,     0,     0
 ED5.2,6105903                       ,2071                          ,MILDRED OSORIO      ,4635      ,                ,  101,                    ,                              , 0,2,20190112 12:14:36,    0,         0,         0,  319,   65,  101,2,                ,0010000,2, 1,         0,    0,1000000000000000000000000000000000000000,0000000000000000000000010000000000001000,         0,         0,         0,         0,1, 0, 0, 0,6105903                       ,    0,         0,0,20190112 12:14:36,2071                          , 9999, 9999, 9999,  101,32767,     0,     0
 ED5.2,6962760                       ,8017                          ,CARMEN SOFIA CAD    ,6952      ,                ,  101,                    ,                              , 0,1,20190112 12:15:05,    0,         0,        43,  526,   80,  101,2,                ,0010000,0, 0,         0,    0,0000000000000000000000000000000000000000,0000000000000000000000010000000000001000,         0,         0,         0,         0,1, 0, 0, 0,6962760                       ,    0,         0,0,20190112 12:14:22,8017                          , 9999, 9999, 9999,  101,32767,     0,     0
 ED5.2,53860011                      ,FS219                         ,SIPCTG              ,          ,                ,  101,                    ,                              , 4,2,20190112 12:19:36,    0,         0,        22,11485,  219,  101,2,                ,0000000,2, 0,         0,    0,0000000000000000000000000000000000000000,0000000000000000000000010000000000000000,         0,         0,         0,         0,1, 0, 0, 0,A800                          ,   23,         0,0,20190112 12:19:14,                              , 9999, 9999, 9999, 9999,32767,     0,     0
 ED5.2,1312                          ,1532                          ,                    ,1632      ,                ,  101,                    ,                              ,14,0,20190112 12:19:59,    0,         0,        21,65535,65535, 9999,2,                ,0000000,0, 0,         0,    0,0000000000000000000000000000000000000000,0000000000000000000000000000000000000000,         0,         0,         0,         0,1, 0, 0, 0,1312                          ,    0,        21,0,20190112 12:19:38,1532                          ,  101, 9999,  101,  101,    0,     0,     0
 ED5.2,53860011                      ,5200                          ,RECEPCION CARTAG    ,7952      ,                ,  101,                    ,                              , 4,2,20190112 12:20:51,    0,         0,        30,11485,  219,  101,2,                ,0000000,2, 0,         0,    0,0000000000000000000000000000000000000000,0000000000000000000000010000000000000000,         0,         0,         0,         0,1, 0, 0, 0,A800                          ,   30,         0,0,20190112 12:20:21,                              , 9999, 9999, 9999, 9999,32767,     0,     0
 ED5.2,2123505                       ,1532                          ,ESTEPHANIA CARO     ,1632      ,                ,  101,                    ,                              , 0,2,20190112 12:21:05,    0,         0,         0,10001,   11,  101,2,                ,0010000,2, 1,         0,    0,1000000000000000000000000000000000000000,0000000000000000000000010000000000001000,         0,         0,         0,         0,1, 0, 0, 0,2123505                       ,    0,         0,0,20190112 12:21:05,1532                          , 9999, 9999, 9999,  101,32767,     0,     0
 ED5.2,663174662847                  ,5126                          ,ASTRID CAROL LAR    ,3843      ,                ,  101,                    ,                              , 4,2,20190112 12:21:45,    0,         0,        61,11486,  219,  101,2,                ,0000000,2, 0,         0,    0,0000000000000000000000000000000000000000,0000000000000000000000010000000000000000,         0,         0,         0,         0,1, 0, 0, 0,A800                          ,   62,         0,1,20190112 12:20:44,                              , 9999, 9999, 9999, 9999,32767,     0,     0
 ED5.2,1699                          ,16398080                      ,                    ,          ,                ,  101,                    ,                              , 7,2,20190112 12:22:56,    0,         0,         0,10001,   11,  101,2,                ,0010000,2, 1,         0,    0,1000000000000000000000000000000000000000,0000000000000000000000010000000000000000,         0,         0,         0,         0,1, 0, 0, 0,                              ,    0,         0,0,20190112 12:22:56,                              , 9999, 9999, 9999, 9999,32767,     0,     0
 ED5.2,2123580                       ,1532                          ,ESTEPHANIA CARO     ,1632      ,                ,  101,                    ,                              , 0,2,20190112 12:28:10,    0,         0,         0,10001,   11,  101,2,                ,0010000,2, 1,         0,    0,1000000000000000000000000000000000000000,0000000000000000000000010000000000001000,         0,         0,         0,         0,1, 0, 0, 0,2123580                       ,    0,         0,0,20190112 12:28:10,1532                          , 9999, 9999, 9999,  101,32767,     0,     0
 ED5.2,3924045                       ,2092                          ,SHARON DAYAN SOL    ,4632      ,                ,  101,                    ,                              , 0,2,20190112 12:28:26,    0,         0,       115,  320,   65,  101,2,                ,0010000,2, 1,         0,    0,1000000000000000000000000000000000000000,0000000000000000000000010000000000001000,         0,         0,         0,         0,1, 0, 0, 0,3924045                       ,    0,         0,0,20190112 12:26:31,2092                          , 9999, 9999, 9999,  101,32767,     0,     0
 ED5.2,6398080                       ,1600                          ,RECEPCION COUNTR    ,1635      ,                ,  101,                    ,                              , 4,2,20190112 12:28:34,    0,         0,        66,  120,   20,  101,2,                ,0000000,2, 0,         0,    0,0000000000000000000000000000000000000000,0000000000000000000000010000000000000000,         0,         0,         0,         0,1, 0, 0, 0,A800                          ,   67,         0,1,20190112 12:27:28,                              , 9999, 9999, 9999, 9999,32767,     0,     0
 ED5.2,1036                          ,3135                          ,                    ,1672      ,                ,  101,                    ,                              ,14,0,20190112 12:32:31,    0,         0,        15,65535,65535, 9999,2,                ,0000000,0, 0,         0,    0,0000000000000000000000000000000000000000,0000000000000000000000000000000000000000,         0,         0,         0,         0,1, 0, 0, 0,1036                          ,    0,        15,0,20190112 12:32:16,3135                          ,  101, 9999,  101,  101,    0,     0,     0
 ED5.2,2123505                       ,1532                          ,ESTEPHANIA CARO     ,1632      ,                ,  101,                    ,                              , 0,2,20190112 12:32:41,    0,         0,       243,10001,   11,  101,2,                ,0010000,2, 1,         0,    0,1000000000000000000000000000000000000000,0000000000000000000000010000000000001000,         0,         0,         0,         0,1, 0, 0, 0,2123505                       ,    0,         0,0,20190112 12:28:38,1532                          , 9999, 9999, 9999,  101,32767,     0,     0
 ED5.2,3017711                       ,1582                          ,REVISORIA CALLE     ,1949      ,                ,  101,                    ,                              , 0,2,20190112 12:35:33,    0,         0,         0,10865,   82,  101,2,                ,0010000,2, 1,         0,    0,1000000000000000000000000000000000000000,0000000000000000000000010000000000001000,         0,         0,         0,         0,1, 0, 0, 0,3017711                       ,    0,         0,0,20190112 12:35:33,1582                          , 9999, 9999, 9999,  101,32767,     0,     0
 ED5.2,3077711                       ,1582                          ,REVISORIA CALLE     ,1949      ,                ,  101,                    ,                              , 0,2,20190112 12:35:42,    0,         0,         0,10865,   82,  101,2,                ,0010000,2, 1,         0,    0,1000000000000000000000000000000000000000,0000000000000000000000010000000000001000,         0,         0,         0,         0,1, 0, 0, 0,3077711                       ,    0,         0,0,20190112 12:35:42,1582                          , 9999, 9999, 9999,  101,32767,     0,     0
 ED5.2,3077011                       ,1582                          ,REVISORIA CALLE     ,1949      ,                ,  101,                    ,                              , 0,2,20190112 12:36:21,    0,         0,        34,10865,   82,  101,2,                ,0010000,2, 1,         0,    0,1000000000000000000000000000000000000000,0000000000000000000000010000000000001000,         0,         0,         0,         0,1, 0, 0, 0,3077011                       ,    0,         0,0,20190112 12:35:47,1582                          , 9999, 9999, 9999,  101,32767,     0,     0
 ED5.2,3077011                       ,1582                          ,REVISORIA CALLE     ,1949      ,                ,  101,                    ,                              , 0,2,20190112 12:37:02,    0,         0,        39,10865,   82,  101,2,                ,0010000,2, 1,         0,    0,1000000000000000000000000000000000000000,0000000000000000000000010000000000001000,         0,         0,         0,         0,1, 0, 0, 0,3077011                       ,    0,         0,0,20190112 12:36:23,1582                          , 9999, 9999, 9999,  101,32767,     0,     0
 ED5.2,3818300                       ,FS020                         ,ETB                 ,          ,                ,  101,                    ,                              , 4,2,20190112 12:37:53,    0,         0,         4,  120,   20,  101,2,                ,0000000,2, 1,         0,    0,0000000000000000000000000000000000000000,0000000000000000000000010000000000000000,         0,         0,         0,         0,1, 0, 0, 0,A800                          ,    4,         0,0,20190112 12:37:49,                              , 9999, 9999, 9999, 9999,32767,     0,     0
 ED5.2,7322726                       ,3107                          ,MARYURY PIRA        ,1672      ,                ,  101,                    ,                              , 0,2,20190112 12:38:02,    0,         0,         0,10001,   11,  101,2,                ,0010000,2, 1,         0,    0,1000000000000000000000000000000000000000,0000000000000000000000010000000000001000,         0,         0,         0,         0,1, 0, 0, 0,7322726                       ,    0,         0,0,20190112 12:38:02,3107                          , 9999, 9999, 9999,  101,32767,     0,     0
 ED5.2,4002                          ,4003                          ,                    ,2952      ,                ,  101,                    ,                              ,14,0,20190112 12:38:48,    0,         0,         0,65535,65535, 9999,2,                ,0000000,0, 0,         0,    0,0000000000000000000000000000000000000000,0000000000000000000000000000000000000000,         0,         0,         0,         0,1, 0, 0, 0,4002                          ,    0,         0,0,20190112 12:38:48,4003                          ,  101, 9999,  101,  101,    0,     0,     0
 ED5.2,7322726                       ,3107                          ,MARYURY PIRA        ,1672      ,                ,  101,                    ,                              , 0,2,20190112 12:40:23,    0,         0,       133,  120,   20,  101,2,                ,0010000,2, 1,         0,    0,1000000000000000000000000000000000000000,0000000000000000000000010000000000001000,         0,         0,         0,         0,1, 0, 0, 0,7322726                       ,    0,         0,0,20190112 12:38:10,3107                          , 9999, 9999, 9999,  101,32767,     0,     0
 ED5.2,6684999                       ,1680                          ,CESAR AUGUST LIE    ,1425      ,                ,  101,                    ,                              , 4,2,20190112 12:41:13,    0,         0,        63,  121,   20,  101,2,                ,0000000,2, 0,         0,    0,0000000000000000000000000000000000000000,0000000000000000000000010000000000000000,         0,         0,         0,         0,1, 0, 0, 0,A800                          ,   63,         0,1,20190112 12:40:10,                              , 9999, 9999, 9999, 9999,32767,     0,     0
 ED5.2,2123505                       ,1532                          ,ESTEPHANIA CARO     ,1632      ,                ,  101,                    ,                              , 0,2,20190112 12:41:16,    0,         0,         0,10002,   11,  101,2,                ,0010000,2, 1,         0,    0,1000000000000000000000000000000000000000,0000000000000000000000010000000000001000,         0,         0,         0,         0,1, 0, 0, 0,2123505                       ,    0,         0,0,20190112 12:41:16,1532                          , 9999, 9999, 9999,  101,32767,     0,     0
 ED5.2,2123505                       ,1534                          ,JULY PAULINE SAN    ,1632      ,                ,  101,                    ,                              , 0,2,20190112 12:41:40,    0,         0,         0,10003,   11,  101,2,                ,0010000,2, 1,         0,    0,1000000000000000000000000000000000000000,0000000000000000000000010000000000001000,         0,         0,         0,         0,1, 0, 0, 0,2123505                       ,    0,         0,0,20190112 12:41:40,1534                          , 9999, 9999, 9999,  101,32767,     0,     0
 ED5.2,2123505                       ,1439                          ,SANDRA LOREN ROZ    ,1632      ,                ,  101,                    ,                              , 0,2,20190112 12:41:49,    0,         0,       185,10001,   11,  101,2,                ,0010000,2, 1,         0,    0,1000000000000000000000000000000000000000,0000000000000000000000010000000000001000,         0,         0,         0,         0,1, 0, 0, 0,2123505                       ,    0,         0,0,20190112 12:38:44,1439                          , 9999, 9999, 9999,  101,32767,     0,     0
 ED5.2,1559                          ,2061                          ,                    ,4632      ,                ,  101,                    ,                              ,14,0,20190112 12:41:52,    0,         0,       776,65535,65535, 9999,2,                ,0000000,0, 0,         0,    0,0000000000000000000000000000000000000000,0000000000000000000000000000000000000000,         0,         0,         0,         0,1, 0, 0, 0,1559                          ,    0,       776,0,20190112 12:28:56,2061                          ,  101, 9999,  101,  101,    0,     0,     0
 ED5.2,1699                          ,16398080                      ,                    ,          ,                ,  101,                    ,                              , 7,2,20190112 12:42:15,    0,         0,         0,10003,   11,  101,2,                ,0010000,2, 1,         0,    0,1000000000000000000000000000000000000000,0000000000000000000000010000000000000000,         0,         0,         0,         0,1, 0, 0, 0,                              ,    0,         0,0,20190112 12:42:15,                              , 9999, 9999, 9999, 9999,32767,     0,     0
 ED5.2,2123505                       ,1532                          ,ESTEPHANIA CARO     ,1632      ,                ,  101,                    ,                              , 0,2,20190112 12:42:21,    0,         0,        31,10002,   11,  101,2,                ,0010000,2, 1,         0,    0,1000000000000000000000000000000000000000,0000000000000000000000010000000000001000,         0,         0,         0,         0,1, 0, 0, 0,2123505                       ,    0,         0,0,20190112 12:41:50,1532                          , 9999, 9999, 9999,  101,32767,     0,     0
 ED5.2,                              ,7500                          ,Recep Bogota        ,          ,                ,  101,                    ,                              , 4,1,20190112 12:45:41,    0,         0,         0,  377,   21,  101,2,                ,0000000,0, 0,         0,    0,0000000000000000000000000000000000000000,0000000000000000000000010000000000000000,         0,         0,         0,         0,1, 0, 0, 0,                              ,   17,         0,1,20190112 12:45:41,                              , 9999, 9999, 9999, 9999,32767,     0,     0
 ED5.2,2123505                       ,1534                          ,JULY PAULINE SAN    ,1632      ,                ,  101,                    ,                              , 0,2,20190112 12:45:56,    0,         0,       218,10001,   11,  101,2,                ,0010000,2, 1,         0,    0,1000000000000000000000000000000000000000,0000000000000000000000010000000000001000,         0,         0,         0,         0,1, 0, 0, 0,2123505                       ,    0,         0,0,20190112 12:42:18,1534                          , 9999, 9999, 9999,  101,32767,     0,     0
 ED5.2,7710861                       ,1582                          ,REVISORIA CALLE     ,1949      ,                ,  101,                    ,                              , 0,2,20190112 12:48:02,    0,         0,         0,10865,   82,  101,2,                ,0010000,2, 1,         0,    0,1000000000000000000000000000000000000000,0000000000000000000000010000000000001000,         0,         0,         0,         0,1, 0, 0, 0,7710861                       ,    0,         0,0,20190112 12:48:02,1582                          , 9999, 9999, 9999,  101,32767,     0,     0
 ED5.2,2068                          ,2093                          ,                    ,4632      ,                ,  101,                    ,                              ,14,0,20190112 12:48:53,    0,         0,        58,65535,65535, 9999,2,                ,0000000,0, 0,         0,    0,0000000000000000000000000000000000000000,0000000000000000000000000000000000000000,         0,         0,         0,         0,1, 0, 0, 0,2068                          ,    0,        58,0,20190112 12:47:55,2093                          ,  101, 9999,  101,  101,    0,     0,     0
 ED5.2,7710861                       ,1582                          ,REVISORIA CALLE     ,1949      ,                ,  101,                    ,                              , 0,2,20190112 12:49:45,    0,         0,        74,10865,   82,  101,2,                ,0010000,2, 1,         0,    0,1000000000000000000000000000000000000000,0000000000000000000000010000000000001000,         0,         0,         0,         0,1, 0, 0, 0,7710861                       ,    0,         0,0,20190112 12:48:31,1582                          , 9999, 9999, 9999,  101,32767,     0,     0
 ED5.2,5170051                       ,1024                          ,DANIEL ANDRE TAN    ,1638      ,                ,  101,                    ,                              , 0,2,20190112 12:50:35,    0,         0,       331,10002,   11,  101,2,                ,0010000,2, 1,         0,    0,1000000000000000000000000000000000000000,0000000000000000000000010000000000001000,         0,         0,         0,         0,1, 0, 0, 0,5170051                       ,    0,         0,0,20190112 12:45:04,1024                          , 9999, 9999, 9999,  101,32767,     0,     0
 ED5.2,2061                          ,1364                          ,                    ,1632      ,                ,  101,                    ,                              ,14,0,20190112 12:54:02,    0,         0,         0,65535,65535, 9999,2,                ,0000000,0, 0,         0,    0,0000000000000000000000000000000000000000,0000000000000000000000000000000000000000,         0,         0,         0,         0,1, 0, 0, 0,2061                          ,    0,         0,0,20190112 12:54:02,1364                          ,  101, 9999,  101,  101,    0,     0,     0
 ED5.2,1559                          ,2061                          ,                    ,4632      ,                ,  101,                    ,                              ,14,0,20190112 12:56:49,    0,         0,       186,65535,65535, 9999,2,                ,0000000,0, 0,         0,    0,0000000000000000000000000000000000000000,0000000000000000000000000000000000000000,         0,         0,         0,         0,1, 0, 0, 0,1559                          ,    0,       186,0,20190112 12:53:43,2061                          ,  101, 9999,  101,  101,    0,     0,     0
 ED5.2,7777                          ,2093                          ,                    ,4632      ,                ,  101,                    ,                              , 3,0,20190112 12:59:03,    0,         0,         0,65535,65535, 9999,2,                ,0000000,0, 0,         0,    0,0000000000000000000000000000000000000000,0000000000000000000000000000000000000000,         0,         0,         0,         0,1, 0, 0, 0,7777                          ,    0,         0,0,20190112 12:59:03,2093                          ,  101, 9999,  101,  101,    0,     0,     0
 ED5.2,1364                          ,2061                          ,                    ,4632      ,                ,  101,                    ,                              ,14,0,20190112 13:03:45,    0,         0,       408,65535,65535, 9999,2,                ,0000000,0, 0,         0,    0,0000000000000000000000000000000000000000,0000000000000000000000000000000000000000,         0,         0,         0,         0,1, 0, 0, 0,1364                          ,    0,       408,0,20190112 12:56:57,2061                          ,  101, 9999,  101,  101,    0,     0,     0
