 ED5.2,3048803                       ,1394                          ,CLARA YANETH MAN    ,1638      ,                ,  101,                    ,                              , 0,2,20181119 21:01:32,    0,         0,         0, 1951,   11,  101,2,                ,0010000,2, 1,         0,    0,1000000000000000000000000000000000000000,0000000000000000000000010000000000001000,         0,         0,         0,         0,1, 0, 0, 0,3048803                       ,    0,         0,0,20181119 21:01:32,1394                          , 9999, 9999, 9999,  101,32767,     0,     0
 ED5.2,3048803                       ,1394                          ,CLARA YANETH MAN    ,1638      ,                ,  101,                    ,                              , 0,2,20181119 21:01:39,    0,         0,         0,  120,   20,  101,2,                ,0010000,2, 1,         0,    0,1000000000000000000000000000000000000000,0000000000000000000000010000000000001000,         0,         0,         0,         0,1, 0, 0, 0,3048803                       ,    0,         0,0,20181119 21:01:39,1394                          , 9999, 9999, 9999,  101,32767,     0,     0
 ED5.2,3048808                       ,1394                          ,CLARA YANETH MAN    ,1638      ,                ,  101,                    ,                              , 0,2,20181119 21:01:56,    0,         0,         0, 1951,   11,  101,2,                ,0010000,2, 1,         0,    0,1000000000000000000000000000000000000000,0000000000000000000000010000000000001000,         0,         0,         0,         0,1, 0, 0, 0,3048808                       ,    0,         0,0,20181119 21:01:56,1394                          , 9999, 9999, 9999,  101,32767,     0,     0
 ED5.2,4444444                       ,2030                          ,LIBRE LIBRE         ,4952      ,                ,  101,                    ,                              , 0,2,20181119 21:10:27,    0,         0,        59,  323,   65,  101,2,                ,0010000,2, 1,         0,    0,1000000000000000000000000000000000000000,0000000000000000000000010000000000001000,         0,         0,         0,         0,1, 0, 0, 0,4444444                       ,    0,         0,0,20181119 21:09:28,2030                          , 9999, 9999, 9999,  101,32767,     0,     0
 ED5.2,4349213                       ,1314                          ,INGENIERO DESARR    ,1945      ,                ,  101,                    ,                              , 0,2,20181119 21:10:57,    0,         0,       195, 1951,   11,  101,2,                ,0010000,2, 1,         0,    0,1000000000000000000000000000000000000000,0000000000000000000000010000000000001000,         0,         0,         0,         0,1, 0, 0, 0,4349213                       ,    0,         0,0,20181119 21:07:42,1314                          , 9999, 9999, 9999,  101,32767,     0,     0
 ED5.2,3209461429                    ,1351                          ,LILIANA BARRERA     ,1949      ,                ,  101,                    ,                              , 0,1,20181119 21:15:19,    0,         0,        41,  377,   21,  101,2,                ,0010000,0, 0,         0,    0,0000000000000000000000000000000000000000,0000000000000000000000010000000000001000,         0,         0,         0,         0,1, 0, 0, 0,033209461429                  ,    0,         0,0,20181119 21:14:38,1351                          , 9999, 9999, 9999,  101,32767,     0,     0
 ED5.2,1596                          ,1402                          ,                    ,1952      ,                ,  101,                    ,                              ,14,0,20181119 21:26:48,    0,         0,         0,65535,65535, 9999,2,                ,0000000,0, 0,         0,    0,0000000000000000000000000000000000000000,0000000000000000000000000000000000000000,         0,         0,         0,         0,1, 0, 0, 0,1596                          ,    0,         0,0,20181119 21:26:48,1402                          ,  101, 9999,  101,  101,    0,     0,     0
 ED5.2,1593                          ,1402                          ,                    ,1952      ,                ,  101,                    ,                              ,14,0,20181119 21:27:21,    0,         0,        27,65535,65535, 9999,2,                ,0000000,0, 0,         0,    0,0000000000000000000000000000000000000000,0000000000000000000000000000000000000000,         0,         0,         0,         0,1, 0, 0, 0,1593                          ,    0,        27,0,20181119 21:26:54,1402                          ,  101, 9999,  101,  101,    0,     0,     0
 ED5.2,3045902502                    ,1622                          ,LEIDY XIOMAR RAM    ,1422      ,                ,  101,                    ,                              , 0,1,20181119 21:27:44,    0,         0,        25,  378,   21,  101,2,                ,0010000,0, 0,         0,    0,0000000000000000000000000000000000000000,0000000000000000000000010000000000001000,         0,         0,         0,         0,1, 0, 0, 0,033045902502                  ,    0,         0,0,20181119 21:27:19,1622                          , 9999, 9999, 9999,  101,32767,     0,     0
 ED5.2,1340                          ,1271                          ,                    ,1952      ,                ,  101,                    ,                              ,14,0,20181119 21:54:12,    0,         0,         0,65535,65535, 9999,2,                ,0000000,0, 0,         0,    0,0000000000000000000000000000000000000000,0000000000000000000000000000000000000000,         0,         0,         0,         0,1, 0, 0, 0,1340                          ,    0,         0,0,20181119 21:54:12,1271                          ,  101, 9999,  101,  101,    0,     0,     0
 ED5.2,88                            ,1271                          ,                    ,1952      ,                ,  101,                    ,                              ,14,0,20181119 21:54:15,    0,         0,         3,65535,65535, 9999,2,                ,0000000,0, 0,         0,    0,0000000000000000000000000000000000000000,0000000000000000000000000000000000000000,         0,         0,         0,         0,1, 0, 0, 0,1340                          ,    0,         3,1,20181119 21:54:12,1271                          ,  101, 9999,  101,  101,    0,     0,     0
 ED5.2,1340                          ,1271                          ,                    ,1952      ,                ,  101,                    ,                              ,14,0,20181119 21:54:42,    0,         0,         0,65535,65535, 9999,2,                ,0000000,0, 0,         0,    0,0000000000000000000000000000000000000000,0000000000000000000000000000000000000000,         0,         0,         0,         0,1, 0, 0, 0,1736                          ,    0,         0,1,20181119 21:54:42,1271                          ,  101, 9999,  101,  101,    0,     0,     0
 ED5.2,88                            ,1271                          ,                    ,1952      ,                ,  101,                    ,                              ,14,0,20181119 21:54:44,    0,         0,         2,65535,65535, 9999,2,                ,0000000,0, 0,         0,    0,0000000000000000000000000000000000000000,0000000000000000000000000000000000000000,         0,         0,         0,         0,1, 0, 0, 0,1736                          ,    0,         2,1,20181119 21:54:42,1271                          ,  101, 9999,  101,  101,    0,     0,     0
 ED5.2,1593                          ,1402                          ,                    ,1952      ,                ,  101,                    ,                              ,14,0,20181119 22:05:59,    0,         0,         0,65535,65535, 9999,2,                ,0000000,0, 0,         0,    0,0000000000000000000000000000000000000000,0000000000000000000000000000000000000000,         0,         0,         0,         0,1, 0, 0, 0,1593                          ,    0,         0,0,20181119 22:05:59,1402                          ,  101, 9999,  101,  101,    0,     0,     0
