 ED5.2,6059898                       ,FS020                         ,ETB                 ,          ,                ,  101,                    ,                              , 4,2,20181119 06:24:31,    0,         0,         4,  120,   20,  101,2,                ,0000000,2, 0,         0,    0,0000000000000000000000000000000000000000,0000000000000000000000010000000000000000,         0,         0,         0,         0,1, 0, 0, 0,A800                          ,    4,         0,0,20181119 06:24:27,                              , 9999, 9999, 9999, 9999,32767,     0,     0
 ED5.2,7684093                       ,1104                          ,ANGIE CAMILA RUB    ,1426      ,                ,  101,                    ,                              , 0,2,20181119 06:25:15,    0,         0,         0, 1951,   11,  101,2,                ,0010000,2, 1,         0,    0,1000000000000000000000000000000000000000,0000000000000000000000010000000000001000,         0,         0,         0,         0,1, 0, 0, 0,7684093                       ,    0,         0,0,20181119 06:25:15,1104                          , 9999, 9999, 9999,  101,32767,     0,     0
 ED5.2,3158173705                    ,1104                          ,ANGIE CAMILA RUB    ,1426      ,                ,  101,                    ,                              , 0,1,20181119 06:26:11,    0,         0,        11,  378,   21,  101,2,                ,0010000,0, 0,         0,    0,0000000000000000000000000000000000000000,0000000000000000000000010000000000001000,         0,         0,         0,         0,1, 0, 0, 0,033158173705                  ,    0,         0,0,20181119 06:26:00,1104                          , 9999, 9999, 9999,  101,32767,     0,     0
 ED5.2,2654239                       ,1104                          ,ANGIE CAMILA RUB    ,1426      ,                ,  101,                    ,                              , 0,2,20181119 06:27:11,    0,         0,         0, 1951,   11,  101,2,                ,0010000,2, 1,         0,    0,1000000000000000000000000000000000000000,0000000000000000000000010000000000001000,         0,         0,         0,         0,1, 0, 0, 0,2654239                       ,    0,         0,0,20181119 06:27:11,1104                          , 9999, 9999, 9999,  101,32767,     0,     0
 ED5.2,3143164222                    ,1104                          ,ANGIE CAMILA RUB    ,1426      ,                ,  101,                    ,                              , 0,1,20181119 06:29:18,    0,         0,       108,  377,   21,  101,2,                ,0010000,0, 0,         0,    0,0000000000000000000000000000000000000000,0000000000000000000000010000000000001000,         0,         0,         0,         0,1, 0, 0, 0,033143164222                  ,    0,         0,0,20181119 06:27:30,1104                          , 9999, 9999, 9999,  101,32767,     0,     0
 ED5.2,7968329                       ,3217                          ,JOSE MARIA PENA     ,1675      ,                ,  101,                    ,                              , 0,2,20181119 06:30:56,    0,         0,         0, 2815,   82,  101,2,                ,0010000,2, 1,         0,    0,1000000000000000000000000000000000000000,0000000000000000000000010000000000001000,         0,         0,         0,         0,1, 0, 0, 0,7968329                       ,    0,         0,0,20181119 06:30:56,3217                          , 9999, 9999, 9999,  101,32767,     0,     0
 ED5.2,4435373                       ,2042                          ,ERIKA ANDREA TRU    ,4425      ,                ,  101,                    ,                              , 0,2,20181119 06:37:11,    0,         0,       138,  327,   65,  101,2,                ,0010000,2, 1,         0,    0,1000000000000000000000000000000000000000,0000000000000000000000010000000000001000,         0,         0,         0,         0,1, 0, 0, 0,4435373                       ,    0,         0,0,20181119 06:34:53,2042                          , 9999, 9999, 9999,  101,32767,     0,     0
 ED5.2,7962983                       ,3217                          ,JOSE MARIA PENA     ,1675      ,                ,  101,                    ,                              , 0,2,20181119 06:37:45,    0,         0,       383, 2815,   82,  101,2,                ,0010000,2, 1,         0,    0,1000000000000000000000000000000000000000,0000000000000000000000010000000000001000,         0,         0,         0,         0,1, 0, 0, 0,7962983                       ,    0,         0,0,20181119 06:31:22,3217                          , 9999, 9999, 9999,  101,32767,     0,     0
 ED5.2,4071                          ,4039                          ,                    ,2425      ,                ,  101,                    ,                              ,14,0,20181119 06:47:34,    0,         0,         0,65535,65535, 9999,2,                ,0000000,0, 0,         0,    0,0000000000000000000000000000000000000000,0000000000000000000000000000000000000000,         0,         0,         0,         0,1, 0, 0, 0,4071                          ,    0,         0,1,20181119 06:47:34,4039                          ,  101, 9999,  101,  101,    0,     0,     0
 ED5.2,                              ,3612                          ,ISABEL BANQUEZ      ,3675      ,                ,  101,                    ,                              , 4,1,20181119 06:55:16,    0,         0,    212995,   94,   91,  101,2,                ,0000000,0, 0,         0,    0,0000000000000000000000000000000000000000,0000000000000000000000010000000000000000,         0,         0,         0,         0,1, 0, 0, 0,                              ,16384,         3,1,20181116 19:45:21,                              , 9999, 9999, 9999, 9999,32767,     0,     0
 ED5.2,663156398191                  ,1591                          ,GISELA ALVAREZ      ,1952      ,                ,  101,                    ,                              , 4,2,20181119 07:02:52,    0,         0,       234,  120,   20,  101,2,                ,0000000,2, 1,         0,    0,0000000000000000000000000000000000000000,0000000000000000000000010000000000000000,         0,         0,         0,         0,1, 0, 0, 0,A800                          ,  234,         0,1,20181119 06:58:58,                              , 9999, 9999, 9999, 9999,32767,     0,     0
