 ED5.2,7940024                       ,FS082                         ,SIPsalida           ,          ,                ,  101,                    ,                              , 4,2,20181215 08:11:45,    0,         0,         2,10865,   82,  101,2,                ,0000000,2, 0,         0,    0,0000000000000000000000000000000000000000,0000000000000000000000010000000000000000,         0,         0,         0,         0,1, 0, 0, 0,A500                          ,    2,         0,0,20181215 08:11:43,                              , 9999, 9999, 9999, 9999,32767,     0,     0
 ED5.2,7940024                       ,FS082                         ,SIPsalida           ,          ,                ,  101,                    ,                              , 4,2,20181215 08:15:46,    0,         0,         3,10865,   82,  101,2,                ,0000000,2, 0,         0,    0,0000000000000000000000000000000000000000,0000000000000000000000010000000000000000,         0,         0,         0,         0,1, 0, 0, 0,A500                          ,    3,         0,0,20181215 08:15:43,                              , 9999, 9999, 9999, 9999,32767,     0,     0
 ED5.2,                              ,FS020                         ,ETB                 ,          ,                ,  101,                    ,                              , 4,2,20181215 08:23:48,    0,         0,         4,  121,   20,  101,2,                ,0000000,3, 0,         0,    0,0000000000000000000000000000000000000000,0000000000000000000000010000000000000000,         0,         0,         0,         0,1, 0, 0, 0,A800                          ,    4,         0,0,20181215 08:23:44,                              , 9999, 9999, 9999, 9999,32767,     0,     0
 ED5.2,5336225                       ,1014                          ,RECEPCION LO COU    ,1635      ,                ,  101,                    ,                              , 4,2,20181215 08:25:08,    0,         0,       119,  120,   20,  101,2,                ,0000000,3, 0,         0,    0,0000000000000000000000000000000000000000,0000000000000000000000010000000000000000,         0,         0,         0,         0,1, 0, 0, 0,A800                          ,  119,         0,1,20181215 08:23:09,                              , 9999, 9999, 9999, 9999,32767,     0,     0
 ED5.2,5336225                       ,FS020                         ,ETB                 ,          ,                ,  101,                    ,                              , 4,2,20181215 08:26:25,    0,         0,        47,  120,   20,  101,2,                ,0000000,3, 0,         0,    0,0000000000000000000000000000000000000000,0000000000000000000000010000000000000000,         0,         0,         0,         0,1, 0, 0, 0,A800                          ,   48,         0,0,20181215 08:25:38,                              , 9999, 9999, 9999, 9999,32767,     0,     0
 ED5.2,663003181129                  ,FS020                         ,ETB                 ,          ,                ,  101,                    ,                              , 4,2,20181215 08:26:56,    0,         0,        11,  120,   20,  101,2,                ,0000000,2, 0,         0,    0,0000000000000000000000000000000000000000,0000000000000000000000010000000000000000,         0,         0,         0,         0,1, 0, 0, 0,A800                          ,   11,         0,0,20181215 08:26:45,                              , 9999, 9999, 9999, 9999,32767,     0,     0
 ED5.2,663003181129                  ,FS020                         ,ETB                 ,          ,                ,  101,                    ,                              , 4,2,20181215 08:27:59,    0,         0,        53,  120,   20,  101,2,                ,0000000,2, 0,         0,    0,0000000000000000000000000000000000000000,0000000000000000000000010000000000000000,         0,         0,         0,         0,1, 0, 0, 0,A800                          ,   54,         0,1,20181215 08:27:06,                              , 9999, 9999, 9999, 9999,32767,     0,     0
 ED5.2,4859797                       ,FS020                         ,ETB                 ,          ,                ,  101,                    ,                              , 4,2,20181215 08:28:04,    0,         0,         8,  121,   20,  101,2,                ,0000000,2, 0,         0,    0,0000000000000000000000000000000000000000,0000000000000000000000010000000000000000,         0,         0,         0,         0,1, 0, 0, 0,A800                          ,    8,         0,0,20181215 08:27:56,                              , 9999, 9999, 9999, 9999,32767,     0,     0
 ED5.2,663002415265                  ,FS020                         ,ETB                 ,          ,                ,  101,                    ,                              , 4,2,20181215 08:30:13,    0,         0,        51,  120,   20,  101,2,                ,0000000,2, 0,         0,    0,0000000000000000000000000000000000000000,0000000000000000000000010000000000000000,         0,         0,         0,         0,1, 0, 0, 0,A800                          ,   52,         0,1,20181215 08:29:22,                              , 9999, 9999, 9999, 9999,32767,     0,     0
 ED5.2,663212150619                  ,FS020                         ,ETB                 ,          ,                ,  101,                    ,                              , 4,2,20181215 08:31:09,    0,         0,        40,  120,   20,  101,2,                ,0000000,2, 1,         0,    0,0000000000000000000000000000000000000000,0000000000000000000000010000000000000000,         0,         0,         0,         0,1, 0, 0, 0,A800                          ,   40,         0,1,20181215 08:30:29,                              , 9999, 9999, 9999, 9999,32767,     0,     0
 ED5.2,663175004630                  ,FS020                         ,ETB                 ,          ,                ,  101,                    ,                              , 4,2,20181215 08:32:02,    0,         0,         4,  120,   20,  101,2,                ,0000000,3, 0,         0,    0,0000000000000000000000000000000000000000,0000000000000000000000010000000000000000,         0,         0,         0,         0,1, 0, 0, 0,A800                          ,    5,         0,0,20181215 08:31:58,                              , 9999, 9999, 9999, 9999,32767,     0,     0
 ED5.2,663232291559                  ,1506                          ,JUAN GUILLER MAN    ,1952      ,                ,  101,                    ,                              , 4,2,20181215 08:38:18,    0,         0,        62,10865,   82,  101,2,                ,0000000,2, 0,         0,    0,0000000000000000000000000000000000000000,0000000000000000000000010000000000000000,         0,         0,         0,         0,1, 0, 0, 0,A500                          ,   63,         0,1,20181215 08:37:16,                              , 9999, 9999, 9999, 9999,32767,     0,     0
 ED5.2,663103075418                  ,1736                          ,RECEPCION 2 MORA    ,1635      ,                ,  101,                    ,                              , 4,2,20181215 08:39:30,    0,         0,       150,  120,   20,  101,2,                ,0000000,2, 1,         0,    0,0000000000000000000000000000000000000000,0000000000000000000000010000000000000000,         0,         0,         0,         0,1, 0, 0, 0,A800                          ,  151,         0,1,20181215 08:37:00,                              , 9999, 9999, 9999, 9999,32767,     0,     0
 ED5.2,663133295802                  ,FS020                         ,ETB                 ,          ,                ,  101,                    ,                              , 4,2,20181215 08:42:50,    0,         0,         7,  120,   20,  101,2,                ,0000000,2, 1,         0,    0,0000000000000000000000000000000000000000,0000000000000000000000010000000000000000,         0,         0,         0,         0,1, 0, 0, 0,A800                          ,    7,         0,0,20181215 08:42:43,                              , 9999, 9999, 9999, 9999,32767,     0,     0
 ED5.2,663172259294                  ,FS065                         ,Fidu-Cali           ,          ,                ,  101,                    ,                              , 4,2,20181215 08:44:19,    0,         0,         0,  326,   65,  101,2,                ,0000000,3, 0,         0,    0,0000000000000000000000000000000000000000,0000000000000000000000010000000000000000,         0,         0,         0,         0,1, 0, 0, 0,A600                          ,    1,         0,0,20181215 08:44:19,                              , 9999, 9999, 9999, 9999,32767,     0,     0
 ED5.2,3424313                       ,2014                          ,RECEPCION 2 CALI    ,4635      ,                ,  101,                    ,                              , 4,2,20181215 08:45:42,    0,         0,        64,  327,   65,  101,2,                ,0000000,3, 0,         0,    0,0000000000000000000000000000000000000000,0000000000000000000000010000000000000000,         0,         0,         0,         0,1, 0, 0, 0,A600                          ,   65,         0,1,20181215 08:44:38,                              , 9999, 9999, 9999, 9999,32767,     0,     0
 ED5.2,663133295802                  ,1014                          ,RECEPCION LO COU    ,1635      ,                ,  101,                    ,                              , 4,2,20181215 08:46:24,    0,         0,       208,  120,   20,  101,2,                ,0000000,2, 1,         0,    0,0000000000000000000000000000000000000000,0000000000000000000000010000000000000000,         0,         0,         0,         0,1, 0, 0, 0,A800                          ,  208,         0,1,20181215 08:42:56,                              , 9999, 9999, 9999, 9999,32767,     0,     0
 ED5.2,3100031                       ,3501                          ,RECEPCION AUXILI    ,4675      ,                ,  101,                    ,                              , 4,2,20181215 08:48:53,    0,         0,        60,  328,   65,  101,2,                ,0000000,3, 0,         0,    0,0000000000000000000000000000000000000000,0000000000000000000000010000000000000000,         0,         0,         0,         0,1, 0, 0, 0,A600                          ,   60,         0,1,20181215 08:47:53,                              , 9999, 9999, 9999, 9999,32767,     0,     0
 ED5.2,55743092                      ,5110                          ,RECEPCION 2 BQUI    ,3843      ,                ,  101,                    ,                              , 4,2,20181215 08:54:26,    0,         0,       159,10865,   82,  101,2,                ,0000000,2, 0,         0,    0,0000000000000000000000000000000000000000,0000000000000000000000010000000000000000,         0,         0,         0,         0,1, 0, 0, 0,A900                          ,  160,         0,1,20181215 08:51:47,                              , 9999, 9999, 9999, 9999,32767,     0,     0
 ED5.2,3583282                       ,FS082                         ,SIPsalida           ,          ,                ,  101,                    ,                              , 4,2,20181215 09:00:18,    0,         0,         8,10865,   82,  101,2,                ,0000000,2, 0,         0,    0,0000000000000000000000000000000000000000,0000000000000000000000010000000000000000,         0,         0,         0,         0,1, 0, 0, 0,A500                          ,    8,         0,0,20181215 09:00:10,                              , 9999, 9999, 9999, 9999,32767,     0,     0
