 ED5.2,1264                          ,1455                          ,                    ,1952      ,                ,  101,                    ,                              ,14,0,20181205 19:00:56,    0,         0,         0,65535,65535, 9999,2,                ,0000000,0, 0,         0,    0,0000000000000000000000000000000000000000,0000000000000000000000000000000000000000,         0,         0,         0,         0,1, 0, 0, 0,1264                          ,    0,         0,0,20181205 19:00:56,1455                          ,  101, 9999,  101,  101,    0,     0,     0
 ED5.2,1264                          ,1455                          ,                    ,1952      ,                ,  101,                    ,                              ,14,0,20181205 19:00:58,    0,         0,         0,65535,65535, 9999,2,                ,0000000,0, 0,         0,    0,0000000000000000000000000000000000000000,0000000000000000000000000000000000000000,         0,         0,         0,         0,1, 0, 0, 0,1264                          ,    0,         0,0,20181205 19:00:58,1455                          ,  101, 9999,  101,  101,    0,     0,     0
 ED5.2,1671                          ,1832                          ,                    ,1632      ,                ,  101,                    ,                              ,14,0,20181205 19:00:59,    0,         0,        34,65535,65535, 9999,2,                ,0000000,0, 0,         0,    0,0000000000000000000000000000000000000000,0000000000000000000000000000000000000000,         0,         0,         0,         0,1, 0, 0, 0,1671                          ,    0,        34,0,20181205 19:00:25,1832                          ,  101, 9999,  101,  101,    0,     0,     0
 ED5.2,1384                          ,1582                          ,                    ,1949      ,                ,  101,                    ,                              ,14,0,20181205 19:01:06,    0,         0,         0,65535,65535, 9999,2,                ,0000000,0, 0,         0,    0,0000000000000000000000000000000000000000,0000000000000000000000000000000000000000,         0,         0,         0,         0,1, 0, 0, 0,1384                          ,    0,         0,0,20181205 19:01:06,1582                          ,  101, 9999,  101,  101,    0,     0,     0
 ED5.2,1265                          ,1582                          ,                    ,1949      ,                ,  101,                    ,                              ,14,0,20181205 19:01:07,    0,         0,         0,65535,65535, 9999,2,                ,0000000,0, 0,         0,    0,0000000000000000000000000000000000000000,0000000000000000000000000000000000000000,         0,         0,         0,         0,1, 0, 0, 0,1384                          ,    0,         0,1,20181205 19:01:07,1582                          ,  101, 9999,  101,  101,    0,     0,     0
 ED5.2,7484888                       ,1474                          ,JAIME ANDRES ROM    ,1154      ,                ,  101,                    ,                              , 0,2,20181205 19:02:16,    0,         0,       363,10004,   11,  101,2,                ,0010000,2, 1,         0,    0,1000000000000000000000000000000000000000,0000000000000000000000010000000000001000,         0,         0,         0,         0,1, 0, 0, 0,7484888                       ,    0,         0,0,20181205 18:56:13,1474                          , 9999, 9999, 9999,  101,32767,     0,     0
 ED5.2,3215055256                    ,4040                          ,YURLEY VANES GUA    ,2425      ,                ,  101,                    ,                              , 0,2,20181205 19:02:45,    0,         0,       226,10349,   66,  101,2,                ,0010000,2, 1,         0,    0,1000000000000000000000000000000000000000,0000000000000000000000010000000000001000,         0,         0,         0,         0,1, 0, 0, 0,033215055256                  ,    0,         0,0,20181205 18:58:59,4040                          , 9999, 9999, 9999,  101,32767,     0,     0
 ED5.2,8017                          ,8012                          ,                    ,6949      ,                ,  101,                    ,                              ,14,0,20181205 19:02:50,    0,         0,        12,65535,65535, 9999,2,                ,0000000,0, 0,         0,    0,0000000000000000000000000000000000000000,0000000000000000000000000000000000000000,         0,         0,         0,         0,1, 0, 0, 0,8017                          ,    0,        12,0,20181205 19:02:38,8012                          ,  101, 9999,  101,  101,    0,     0,     0
 ED5.2,7420719                       ,1600                          ,RECEPCION COUNTR    ,1635      ,                ,  101,                    ,                              , 4,2,20181205 19:02:57,    0,         0,        40,  120,   20,  101,2,                ,0000000,3, 0,         0,    0,0000000000000000000000000000000000000000,0000000000000000000000010000000000000000,         0,         0,         0,         0,1, 0, 0, 0,A800                          ,   41,         0,1,20181205 19:02:17,                              , 9999, 9999, 9999, 9999,32767,     0,     0
 ED5.2,4024                          ,4069                          ,                    ,2952      ,                ,  101,                    ,                              ,14,0,20181205 19:04:24,    0,         0,        11,65535,65535, 9999,2,                ,0000000,0, 0,         0,    0,0000000000000000000000000000000000000000,0000000000000000000000000000000000000000,         0,         0,         0,         0,1, 0, 0, 0,4024                          ,    0,        11,0,20181205 19:04:13,4069                          ,  101, 9999,  101,  101,    0,     0,     0
 ED5.2,1363                          ,4064                          ,                    ,2843      ,                ,  101,                    ,                              ,14,0,20181205 19:04:41,    0,         0,         0,65535,65535, 9999,2,                ,0000000,0, 0,         0,    0,0000000000000000000000000000000000000000,0000000000000000000000000000000000000000,         0,         0,         0,         0,1, 0, 0, 0,1363                          ,    0,         0,0,20181205 19:04:41,4064                          ,  101, 9999,  101,  101,    0,     0,     0
 ED5.2,1374                          ,4064                          ,                    ,2843      ,                ,  101,                    ,                              ,14,0,20181205 19:04:44,    0,         0,         0,65535,65535, 9999,2,                ,0000000,0, 0,         0,    0,0000000000000000000000000000000000000000,0000000000000000000000000000000000000000,         0,         0,         0,         0,1, 0, 0, 0,1363                          ,    0,         0,1,20181205 19:04:44,4064                          ,  101, 9999,  101,  101,    0,     0,     0
 ED5.2,5120                          ,5155                          ,                    ,3952      ,                ,  101,                    ,                              ,14,0,20181205 19:06:27,    0,         0,       309,65535,65535, 9999,2,                ,0000000,0, 0,         0,    0,0000000000000000000000000000000000000000,0000000000000000000000000000000000000000,         0,         0,         0,         0,1, 0, 0, 0,5120                          ,    0,       309,0,20181205 19:01:18,5155                          ,  101, 9999,  101,  101,    0,     0,     0
 ED5.2,4008                          ,4038                          ,                    ,2952      ,                ,  101,                    ,                              ,14,0,20181205 19:06:31,    0,         0,        24,65535,65535, 9999,2,                ,0000000,0, 0,         0,    0,0000000000000000000000000000000000000000,0000000000000000000000000000000000000000,         0,         0,         0,         0,1, 0, 0, 0,4008                          ,    0,        24,0,20181205 19:06:07,4038                          ,  101, 9999,  101,  101,    0,     0,     0
 ED5.2,3196166984                    ,4042                          ,DARIO GOMEZ LO      ,2949      ,                ,  101,                    ,                              , 0,2,20181205 19:06:37,    0,         0,       845,10350,   66,  101,2,                ,0010000,2, 1,         0,    0,1000000000000000000000000000000000000000,0000000000000000000000010000000000001000,         0,         0,         0,         0,1, 0, 0, 0,033196166984                  ,    0,         0,0,20181205 18:52:32,4042                          , 9999, 9999, 9999,  101,32767,     0,     0
 ED5.2,4719724                       ,1228                          ,COORD PROCES ADI    ,1949      ,                ,  101,                    ,                              , 0,2,20181205 19:06:41,    0,         0,        73,10865,   82,  101,2,                ,0010000,2, 1,         0,    0,1000000000000000000000000000000000000000,0000000000000000000000010000000000001000,         0,         0,         0,         0,1, 0, 0, 0,4719724                       ,    0,         0,0,20181205 19:05:28,1228                          , 9999, 9999, 9999,  101,32767,     0,     0
 ED5.2,4178836                       ,4042                          ,DARIO GOMEZ LO      ,2949      ,                ,  101,                    ,                              , 0,2,20181205 19:06:50,    0,         0,         0,10349,   66,  101,2,                ,0010000,2, 1,         0,    0,1000000000000000000000000000000000000000,0000000000000000000000010000000000001000,         0,         0,         0,         0,1, 0, 0, 0,034178836                     ,    0,         0,0,20181205 19:06:50,4042                          , 9999, 9999, 9999,  101,32767,     0,     0
 ED5.2,5131                          ,5100                          ,                    ,3635      ,                ,  101,                    ,                              ,14,0,20181205 19:07:02,    0,         0,        10,65535,65535, 9999,2,                ,0000000,0, 0,         0,    0,0000000000000000000000000000000000000000,0000000000000000000000000000000000000000,         0,         0,         0,         0,1, 0, 0, 0,5131                          ,    0,        10,0,20181205 19:06:52,5100                          ,  101, 9999,  101,  101,    0,     0,     0
 ED5.2,1214                          ,1468                          ,                    ,1638      ,                ,  101,                    ,                              ,14,0,20181205 19:07:03,    0,         0,         0,65535,65535, 9999,2,                ,0000000,0, 0,         0,    0,0000000000000000000000000000000000000000,0000000000000000000000000000000000000000,         0,         0,         0,         0,1, 0, 0, 0,1214                          ,    0,         0,0,20181205 19:07:03,1468                          ,  101, 9999,  101,  101,    0,     0,     0
 ED5.2,1212                          ,1468                          ,                    ,1638      ,                ,  101,                    ,                              ,14,0,20181205 19:07:04,    0,         0,         0,65535,65535, 9999,2,                ,0000000,0, 0,         0,    0,0000000000000000000000000000000000000000,0000000000000000000000000000000000000000,         0,         0,         0,         0,1, 0, 0, 0,1214                          ,    0,         0,1,20181205 19:07:04,1468                          ,  101, 9999,  101,  101,    0,     0,     0
 ED5.2,4178836                       ,4042                          ,DARIO GOMEZ LO      ,2949      ,                ,  101,                    ,                              , 0,1,20181205 19:07:12,    0,         0,         4,  378,   21,  101,2,                ,0010000,0, 0,         0,    0,0000000000000000000000000000000000000000,0000000000000000000000010000000000001000,         0,         0,         0,         0,1, 0, 0, 0,034178836                     ,    0,         0,0,20181205 19:07:08,4042                          , 9999, 9999, 9999,  101,32767,     0,     0
 ED5.2,1865                          ,1025                          ,                    ,1638      ,                ,  101,                    ,                              ,14,0,20181205 19:07:33,    0,         0,        35,65535,65535, 9999,2,                ,0000000,0, 0,         0,    0,0000000000000000000000000000000000000000,0000000000000000000000000000000000000000,         0,         0,         0,         0,1, 0, 0, 0,1865                          ,    0,        35,0,20181205 19:06:58,1025                          ,  101, 9999,  101,  101,    0,     0,     0
 ED5.2,1369                          ,1322                          ,                    ,1952      ,                ,  101,                    ,                              ,14,0,20181205 19:07:47,    0,         0,         0,65535,65535, 9999,2,                ,0000000,0, 0,         0,    0,0000000000000000000000000000000000000000,0000000000000000000000000000000000000000,         0,         0,         0,         0,1, 0, 0, 0,1369                          ,    0,         0,0,20181205 19:07:47,1322                          ,  101, 9999,  101,  101,    0,     0,     0
 ED5.2,1233                          ,1322                          ,                    ,1952      ,                ,  101,                    ,                              ,14,0,20181205 19:07:48,    0,         0,         0,65535,65535, 9999,2,                ,0000000,0, 0,         0,    0,0000000000000000000000000000000000000000,0000000000000000000000000000000000000000,         0,         0,         0,         0,1, 0, 0, 0,1369                          ,    0,         0,1,20181205 19:07:48,1322                          ,  101, 9999,  101,  101,    0,     0,     0
 ED5.2,3138239063                    ,3103                          ,WILLIAM FERN ZAM    ,1979      ,                ,  101,                    ,                              , 0,1,20181205 19:09:06,    0,         0,       190,  377,   21,  101,2,                ,0010000,0, 0,         0,    0,0000000000000000000000000000000000000000,0000000000000000000000010000000000001000,         0,         0,         0,         0,1, 0, 0, 0,033138239063                  ,    0,         0,0,20181205 19:05:56,3103                          , 9999, 9999, 9999,  101,32767,     0,     0
 ED5.2,3164581224                    ,1600                          ,RECEPCION COUNTR    ,1635      ,                ,  101,                    ,                              , 0,2,20181205 19:09:53,    0,         0,         0,10350,   66,  101,2,                ,0010000,2, 1,         0,    0,1000000000000000000000000000000000000000,0000000000000000000000010000000000001000,         0,         0,         0,         0,1, 0, 0, 0,033164581224                  ,    0,         0,0,20181205 19:09:53,1600                          , 9999, 9999, 9999,  101,32767,     0,     0
 ED5.2,1468                          ,1427                          ,                    ,1638      ,                ,  101,                    ,                              ,14,0,20181205 19:10:01,    0,         0,        70,65535,65535, 9999,2,                ,0000000,0, 0,         0,    0,0000000000000000000000000000000000000000,0000000000000000000000000000000000000000,         0,         0,         0,         0,1, 0, 0, 0,1468                          ,    0,        70,0,20181205 19:08:51,1427                          ,  101, 9999,  101,  101,    0,     0,     0
 ED5.2,5117                          ,5103                          ,                    ,3741      ,                ,  101,                    ,                              ,14,0,20181205 19:10:14,    0,         0,        70,65535,65535, 9999,2,                ,0000000,0, 0,         0,    0,0000000000000000000000000000000000000000,0000000000000000000000000000000000000000,         0,         0,         0,         0,1, 0, 0, 0,5117                          ,    0,        70,0,20181205 19:09:04,5103                          ,  101, 9999,  101,  101,    0,     0,     0
 ED5.2,1402                          ,1593                          ,                    ,1952      ,                ,  101,                    ,                              ,14,0,20181205 19:10:52,    0,         0,        52,65535,65535, 9999,2,                ,0000000,0, 0,         0,    0,0000000000000000000000000000000000000000,0000000000000000000000000000000000000000,         0,         0,         0,         0,1, 0, 0, 0,1402                          ,    0,        52,0,20181205 19:10:00,1593                          ,  101, 9999,  101,  101,    0,     0,     0
 ED5.2,3224505147                    ,1600                          ,RECEPCION COUNTR    ,1635      ,                ,  101,                    ,                              , 0,2,20181205 19:11:02,    0,         0,        31,10351,   66,  101,2,                ,0010000,2, 1,         0,    0,1000000000000000000000000000000000000000,0000000000000000000000010000000000001000,         0,         0,         0,         0,1, 0, 0, 0,033224505147                  ,    0,         0,0,20181205 19:10:31,1600                          , 9999, 9999, 9999,  101,32767,     0,     0
 ED5.2,1590                          ,1567                          ,                    ,1952      ,                ,  101,                    ,                              ,14,0,20181205 19:11:32,    0,         0,       100,65535,65535, 9999,2,                ,0000000,0, 0,         0,    0,0000000000000000000000000000000000000000,0000000000000000000000000000000000000000,         0,         0,         0,         0,1, 0, 0, 0,1590                          ,    0,       100,0,20181205 19:09:52,1567                          ,  101, 9999,  101,  101,    0,     0,     0
 ED5.2,3023703136                    ,4042                          ,DARIO GOMEZ LO      ,2949      ,                ,  101,                    ,                              , 0,2,20181205 19:11:41,    0,         0,       249,10349,   66,  101,2,                ,0010000,2, 1,         0,    0,1000000000000000000000000000000000000000,0000000000000000000000010000000000001000,         0,         0,         0,         0,1, 0, 0, 0,033023703136                  ,    0,         0,0,20181205 19:07:32,4042                          , 9999, 9999, 9999,  101,32767,     0,     0
 ED5.2,4074                          ,4049                          ,                    ,2952      ,                ,  101,                    ,                              ,14,0,20181205 19:11:49,    0,         0,       273,65535,65535, 9999,2,                ,0000000,0, 0,         0,    0,0000000000000000000000000000000000000000,0000000000000000000000000000000000000000,         0,         0,         0,         0,1, 0, 0, 0,4074                          ,    0,       273,0,20181205 19:07:16,4049                          ,  101, 9999,  101,  101,    0,     0,     0
 ED5.2,1699                          ,16398080                      ,                    ,          ,                ,  101,                    ,                              , 7,2,20181205 19:12:01,    0,         0,         0,10006,   11,  101,2,                ,0010000,2, 1,         0,    0,1000000000000000000000000000000000000000,0000000000000000000000010000000000000000,         0,         0,         0,         0,1, 0, 0, 0,                              ,    0,         0,0,20181205 19:12:01,                              , 9999, 9999, 9999, 9999,32767,     0,     0
 ED5.2,3293                          ,1736                          ,                    ,1635      ,                ,  101,                    ,                              ,14,0,20181205 19:12:25,    0,         0,         8,65535,65535, 9999,2,                ,0000000,0, 0,         0,    0,0000000000000000000000000000000000000000,0000000000000000000000000000000000000000,         0,         0,         0,         0,1, 0, 0, 0,3293                          ,    0,         8,0,20181205 19:12:17,1736                          ,  101, 9999,  101,  101,    0,     0,     0
 ED5.2,8017                          ,8018                          ,                    ,6425      ,                ,  101,                    ,                              ,14,0,20181205 19:12:28,    0,         0,       332,65535,65535, 9999,2,                ,0000000,0, 0,         0,    0,0000000000000000000000000000000000000000,0000000000000000000000000000000000000000,         0,         0,         0,         0,1, 0, 0, 0,8017                          ,    0,       332,0,20181205 19:06:56,8018                          ,  101, 9999,  101,  101,    0,     0,     0
 ED5.2,1671                          ,3293                          ,                    ,1632      ,                ,  101,                    ,                              ,14,0,20181205 19:12:28,    0,         0,         0,65535,65535, 9999,2,                ,0000000,0, 0,         0,    0,0000000000000000000000000000000000000000,0000000000000000000000000000000000000000,         0,         0,         0,         0,1, 0, 0, 0,1671                          ,    0,         0,0,20181205 19:12:28,3293                          ,  101, 9999,  101,  101,    0,     0,     0
 ED5.2,1456                          ,1591                          ,                    ,1952      ,                ,  101,                    ,                              ,14,0,20181205 19:12:33,    0,         0,        74,65535,65535, 9999,2,                ,0000000,0, 0,         0,    0,0000000000000000000000000000000000000000,0000000000000000000000000000000000000000,         0,         0,         0,         0,1, 0, 0, 0,1456                          ,    0,        74,0,20181205 19:11:19,1591                          ,  101, 9999,  101,  101,    0,     0,     0
 ED5.2,1832                          ,3293                          ,                    ,1632      ,                ,  101,                    ,                              ,14,0,20181205 19:12:46,    0,         0,        13,65535,65535, 9999,2,                ,0000000,0, 0,         0,    0,0000000000000000000000000000000000000000,0000000000000000000000000000000000000000,         0,         0,         0,         0,1, 0, 0, 0,1832                          ,    0,        13,0,20181205 19:12:33,3293                          ,  101, 9999,  101,  101,    0,     0,     0
 ED5.2,9081247                       ,1671                          ,MARISELA PINEDA     ,1633      ,                ,  101,                    ,                              , 0,2,20181205 19:13:11,    0,         0,        64,10004,   11,  101,2,                ,0010000,2, 1,         0,    0,1000000000000000000000000000000000000000,0000000000000000000000010000000000001000,         0,         0,         0,         0,1, 0, 0, 0,9081247                       ,    0,         0,0,20181205 19:12:07,1671                          , 9999, 9999, 9999,  101,32767,     0,     0
 ED5.2,3293                          ,1671                          ,                    ,1633      ,                ,  101,                    ,                              ,14,0,20181205 19:13:27,    0,         0,        12,65535,65535, 9999,2,                ,0000000,0, 0,         0,    0,0000000000000000000000000000000000000000,0000000000000000000000000000000000000000,         0,         0,         0,         0,1, 0, 0, 0,3293                          ,    0,        12,0,20181205 19:13:15,1671                          ,  101, 9999,  101,  101,    0,     0,     0
 ED5.2,3173436859                    ,3433                          ,DIANA PATRIC ZUL    ,2979      ,                ,  101,                    ,                              , 0,1,20181205 19:13:32,    0,         0,         0,  524,   68,  101,2,                ,0010000,0, 0,         0,    0,0000000000000000000000000000000000000000,0000000000000000000000010000000000001000,         0,         0,         0,         0,1, 0, 0, 0,033173436859                  ,    0,         0,0,20181205 19:13:32,3433                          , 9999, 9999, 9999,  101,32767,     0,     0
 ED5.2,5117                          ,5142                          ,                    ,3638      ,                ,  101,                    ,                              ,14,0,20181205 19:14:00,    0,         0,        74,65535,65535, 9999,2,                ,0000000,0, 0,         0,    0,0000000000000000000000000000000000000000,0000000000000000000000000000000000000000,         0,         0,         0,         0,1, 0, 0, 0,5117                          ,    0,        74,0,20181205 19:12:46,5142                          ,  101, 9999,  101,  101,    0,     0,     0
 ED5.2,8021155                       ,1063                          ,CLAUDIA ALEX ROM    ,1949      ,                ,  101,                    ,                              , 0,2,20181205 19:15:23,    0,         0,       718,10002,   11,  101,2,                ,0010000,2, 1,         0,    0,1000000000000000000000000000000000000000,0000000000000000000000010000000000001000,         0,         0,         0,         0,1, 0, 0, 0,8021155                       ,    0,         0,0,20181205 19:03:25,1063                          , 9999, 9999, 9999,  101,32767,     0,     0
 ED5.2,1590                          ,1567                          ,                    ,1952      ,                ,  101,                    ,                              ,14,0,20181205 19:15:41,    0,         0,        22,65535,65535, 9999,2,                ,0000000,0, 0,         0,    0,0000000000000000000000000000000000000000,0000000000000000000000000000000000000000,         0,         0,         0,         0,1, 0, 0, 0,1590                          ,    0,        22,0,20181205 19:15:19,1567                          ,  101, 9999,  101,  101,    0,     0,     0
 ED5.2,1590                          ,1567                          ,                    ,1952      ,                ,  101,                    ,                              ,14,0,20181205 19:15:53,    0,         0,         0,65535,65535, 9999,2,                ,0000000,0, 0,         0,    0,0000000000000000000000000000000000000000,0000000000000000000000000000000000000000,         0,         0,         0,         0,1, 0, 0, 0,1590                          ,    0,         0,0,20181205 19:15:53,1567                          ,  101, 9999,  101,  101,    0,     0,     0
 ED5.2,4005                          ,4000                          ,                    ,2952      ,                ,  101,                    ,                              ,14,0,20181205 19:17:03,    0,         0,         0,65535,65535, 9999,2,                ,0000000,0, 0,         0,    0,0000000000000000000000000000000000000000,0000000000000000000000000000000000000000,         0,         0,         0,         0,1, 0, 0, 0,4005                          ,    0,         0,0,20181205 19:17:03,4000                          ,  101, 9999,  101,  101,    0,     0,     0
 ED5.2,4008                          ,4000                          ,                    ,2952      ,                ,  101,                    ,                              ,14,0,20181205 19:17:13,    0,         0,         5,65535,65535, 9999,2,                ,0000000,0, 0,         0,    0,0000000000000000000000000000000000000000,0000000000000000000000000000000000000000,         0,         0,         0,         0,1, 0, 0, 0,4008                          ,    0,         5,0,20181205 19:17:08,4000                          ,  101, 9999,  101,  101,    0,     0,     0
 ED5.2,4038                          ,4008                          ,                    ,2952      ,                ,  101,                    ,                              ,14,0,20181205 19:17:23,    0,         0,         6,65535,65535, 9999,2,                ,0000000,0, 0,         0,    0,0000000000000000000000000000000000000000,0000000000000000000000000000000000000000,         0,         0,         0,         0,1, 0, 0, 0,4038                          ,    0,         6,0,20181205 19:17:17,4008                          ,  101, 9999,  101,  101,    0,     0,     0
 ED5.2,3204947026                    ,1119                          ,ACH FONDOS          ,1949      ,                ,  101,                    ,                              , 0,1,20181205 19:17:47,    0,         0,       147,  377,   21,  101,2,                ,0010000,0, 0,         0,    0,0000000000000000000000000000000000000000,0000000000000000000000010000000000001000,         0,         0,         0,         0,1, 0, 0, 0,033204947026                  ,    0,         0,0,20181205 19:15:20,1119                          , 9999, 9999, 9999,  101,32767,     0,     0
 ED5.2,3871123                       ,1042                          ,SANDY MILENA VAR    ,1632      ,                ,  101,                    ,                              , 0,2,20181205 19:18:00,    0,         0,      1744,10003,   11,  101,2,                ,0010000,2, 1,         0,    0,1000000000000000000000000000000000000000,0000000000000000000000010000000000001000,         0,         0,         0,         0,1, 0, 0, 0,3871123                       ,    0,         0,0,20181205 18:48:56,1042                          , 9999, 9999, 9999,  101,32767,     0,     0
 ED5.2,6604869                       ,1150                          ,LINA VANESA GALI    ,1952      ,                ,  101,                    ,                              , 0,2,20181205 19:18:09,    0,         0,       120,10002,   11,  101,2,                ,0010000,2, 1,         0,    0,1000000000000000000000000000000000000000,0000000000000000000000010000000000001000,         0,         0,         0,         0,1, 0, 0, 0,6604869                       ,    0,         0,0,20181205 19:16:09,1150                          , 9999, 9999, 9999,  101,32767,     0,     0
 ED5.2,3103                          ,3239                          ,                    ,1979      ,                ,  101,                    ,                              ,14,0,20181205 19:18:09,    0,         0,       350,65535,65535, 9999,2,                ,0000000,0, 0,         0,    0,0000000000000000000000000000000000000000,0000000000000000000000000000000000000000,         0,         0,         0,         0,1, 0, 0, 0,3103                          ,    0,       350,0,20181205 19:12:19,3239                          ,  101, 9999,  101,  101,    0,     0,     0
 ED5.2,8021155                       ,1063                          ,CLAUDIA ALEX ROM    ,1949      ,                ,  101,                    ,                              , 0,2,20181205 19:18:22,    0,         0,       119,10004,   11,  101,2,                ,0010000,2, 1,         0,    0,1000000000000000000000000000000000000000,0000000000000000000000010000000000001000,         0,         0,         0,         0,1, 0, 0, 0,8021155                       ,    0,         0,0,20181205 19:16:23,1063                          , 9999, 9999, 9999,  101,32767,     0,     0
 ED5.2,3344030                       ,4027                          ,LILIANA MARIN RI    ,1952      ,                ,  101,                    ,                              , 0,2,20181205 19:18:43,    0,         0,        14,10445,   15,  101,2,                ,0010000,2, 1,         0,    0,1000000000000000000000000000000000000000,0000000000000000000000010000000000001000,         0,         0,         0,         0,1, 0, 0, 0,3344030                       ,    0,         0,0,20181205 19:18:29,4027                          , 9999, 9999, 9999,  101,32767,     0,     0
 ED5.2,3023703136                    ,4042                          ,DARIO GOMEZ LO      ,2949      ,                ,  101,                    ,                              , 0,2,20181205 19:18:44,    0,         0,       198,10349,   66,  101,2,                ,0010000,2, 1,         0,    0,1000000000000000000000000000000000000000,0000000000000000000000010000000000001000,         0,         0,         0,         0,1, 0, 0, 0,033023703136                  ,    0,         0,0,20181205 19:15:26,4042                          , 9999, 9999, 9999,  101,32767,     0,     0
 ED5.2,1444                          ,1448                          ,                    ,1952      ,                ,  101,                    ,                              ,14,0,20181205 19:18:58,    0,         0,         0,65535,65535, 9999,2,                ,0000000,0, 0,         0,    0,0000000000000000000000000000000000000000,0000000000000000000000000000000000000000,         0,         0,         0,         0,1, 0, 0, 0,1444                          ,    0,         0,0,20181205 19:18:58,1448                          ,  101, 9999,  101,  101,    0,     0,     0
 ED5.2,018000091100                  ,4044                          ,MONICA MARIA ARR    ,2949      ,                ,  101,                    ,                              , 0,2,20181205 19:19:01,    0,         0,         0,10445,   15,  101,2,                ,0010000,2, 1,         0,    0,1000000000000000000000000000000000000000,0000000000000000000000010000000000001000,         0,         0,         0,         0,1, 0, 0, 0,018000091100                  ,    0,         0,0,20181205 19:19:01,4044                          , 9999, 9999, 9999,  101,32767,     0,     0
 ED5.2,6080467                       ,1420                          ,CAJA 16             ,1949      ,                ,  101,                    ,                              , 0,2,20181205 19:19:03,    0,         0,       409,10865,   82,  101,2,                ,0010000,2, 1,         0,    0,1000000000000000000000000000000000000000,0000000000000000000000010000000000001000,         0,         0,         0,         0,1, 0, 0, 0,6080467                       ,    0,         0,0,20181205 19:12:14,1420                          , 9999, 9999, 9999,  101,32767,     0,     0
 ED5.2,018000091100                  ,4044                          ,MONICA MARIA ARR    ,2949      ,                ,  101,                    ,                              , 0,2,20181205 19:19:10,    0,         0,         0,10446,   15,  101,2,                ,0010000,2, 1,         0,    0,1000000000000000000000000000000000000000,0000000000000000000000010000000000001000,         0,         0,         0,         0,1, 0, 0, 0,018000091100                  ,    0,         0,0,20181205 19:19:10,4044                          , 9999, 9999, 9999,  101,32767,     0,     0
 ED5.2,1211                          ,1216                          ,                    ,1952      ,                ,  101,                    ,                              ,14,0,20181205 19:19:20,    0,         0,        98,65535,65535, 9999,2,                ,0000000,0, 0,         0,    0,0000000000000000000000000000000000000000,0000000000000000000000000000000000000000,         0,         0,         0,         0,1, 0, 0, 0,1211                          ,    0,        98,0,20181205 19:17:42,1216                          ,  101, 9999,  101,  101,    0,     0,     0
 ED5.2,018000091100                  ,4044                          ,MONICA MARIA ARR    ,2949      ,                ,  101,                    ,                              , 0,2,20181205 19:19:21,    0,         0,         0,10446,   15,  101,2,                ,0010000,2, 1,         0,    0,1000000000000000000000000000000000000000,0000000000000000000000010000000000001000,         0,         0,         0,         0,1, 0, 0, 0,018000091100                  ,    0,         0,0,20181205 19:19:21,4044                          , 9999, 9999, 9999,  101,32767,     0,     0
 ED5.2,1671                          ,1832                          ,                    ,1632      ,                ,  101,                    ,                              ,14,0,20181205 19:19:35,    0,         0,        82,65535,65535, 9999,2,                ,0000000,0, 0,         0,    0,0000000000000000000000000000000000000000,0000000000000000000000000000000000000000,         0,         0,         0,         0,1, 0, 0, 0,1671                          ,    0,        82,0,20181205 19:18:13,1832                          ,  101, 9999,  101,  101,    0,     0,     0
 ED5.2,018000091100                  ,4044                          ,MONICA MARIA ARR    ,2949      ,                ,  101,                    ,                              , 0,2,20181205 19:19:49,    0,         0,         0,10446,   15,  101,2,                ,0010000,2, 1,         0,    0,1000000000000000000000000000000000000000,0000000000000000000000010000000000001000,         0,         0,         0,         0,1, 0, 0, 0,018000091100                  ,    0,         0,0,20181205 19:19:49,4044                          , 9999, 9999, 9999,  101,32767,     0,     0
 ED5.2,1526                          ,1448                          ,                    ,1952      ,                ,  101,                    ,                              ,14,0,20181205 19:19:50,    0,         0,        50,65535,65535, 9999,2,                ,0000000,0, 0,         0,    0,0000000000000000000000000000000000000000,0000000000000000000000000000000000000000,         0,         0,         0,         0,1, 0, 0, 0,1444                          ,    0,        50,1,20181205 19:19:00,1448                          ,  101, 9999,  101,  101,    0,     0,     0
 ED5.2,018000091100                  ,4044                          ,MONICA MARIA ARR    ,2949      ,                ,  101,                    ,                              , 0,2,20181205 19:19:59,    0,         0,         0,10446,   15,  101,2,                ,0010000,2, 1,         0,    0,1000000000000000000000000000000000000000,0000000000000000000000010000000000001000,         0,         0,         0,         0,1, 0, 0, 0,018000091100                  ,    0,         0,0,20181205 19:19:59,4044                          , 9999, 9999, 9999,  101,32767,     0,     0
 ED5.2,4072                          ,4065                          ,                    ,2843      ,                ,  101,                    ,                              ,14,0,20181205 19:20:20,    0,         0,        17,65535,65535, 9999,2,                ,0000000,0, 0,         0,    0,0000000000000000000000000000000000000000,0000000000000000000000000000000000000000,         0,         0,         0,         0,1, 0, 0, 0,4072                          ,    0,        17,0,20181205 19:20:03,4065                          ,  101, 9999,  101,  101,    0,     0,     0
 ED5.2,018000091100                  ,4044                          ,MONICA MARIA ARR    ,2949      ,                ,  101,                    ,                              , 0,2,20181205 19:20:24,    0,         0,         0,10446,   15,  101,2,                ,0010000,2, 1,         0,    0,1000000000000000000000000000000000000000,0000000000000000000000010000000000001000,         0,         0,         0,         0,1, 0, 0, 0,018000091100                  ,    0,         0,0,20181205 19:20:24,4044                          , 9999, 9999, 9999,  101,32767,     0,     0
 ED5.2,01800093090                   ,4044                          ,MONICA MARIA ARR    ,2949      ,                ,  101,                    ,                              , 0,2,20181205 19:20:38,    0,         0,         0,10446,   15,  101,2,                ,0010000,2, 1,         0,    0,1000000000000000000000000000000000000000,0000000000000000000000010000000000001000,         0,         0,         0,         0,1, 0, 0, 0,01800093090                   ,    0,         0,0,20181205 19:20:38,4044                          , 9999, 9999, 9999,  101,32767,     0,     0
 ED5.2,6962760                       ,8017                          ,CARMEN SOFIA CAD    ,6952      ,                ,  101,                    ,                              , 0,1,20181205 19:20:39,    0,         0,        17,  400,   80,  101,2,                ,0010000,0, 0,         0,    0,0000000000000000000000000000000000000000,0000000000000000000000010000000000001000,         0,         0,         0,         0,1, 0, 0, 0,6962760                       ,    0,         0,0,20181205 19:20:22,8017                          , 9999, 9999, 9999,  101,32767,     0,     0
 ED5.2,6962760                       ,8017                          ,CARMEN SOFIA CAD    ,6952      ,                ,  101,                    ,                              , 0,1,20181205 19:21:20,    0,         0,        27,  401,   80,  101,2,                ,0010000,0, 0,         0,    0,0000000000000000000000000000000000000000,0000000000000000000000010000000000001000,         0,         0,         0,         0,1, 0, 0, 0,6962760                       ,    0,         0,0,20181205 19:20:53,8017                          , 9999, 9999, 9999,  101,32767,     0,     0
 ED5.2,1455                          ,1264                          ,                    ,1952      ,                ,  101,                    ,                              ,14,0,20181205 19:21:35,    0,         0,        41,65535,65535, 9999,2,                ,0000000,0, 0,         0,    0,0000000000000000000000000000000000000000,0000000000000000000000000000000000000000,         0,         0,         0,         0,1, 0, 0, 0,1455                          ,    0,        41,0,20181205 19:20:54,1264                          ,  101, 9999,  101,  101,    0,     0,     0
 ED5.2,2972231                       ,4003                          ,JUDY FRANCEL JAR    ,2952      ,                ,  101,                    ,                              , 0,2,20181205 19:22:06,    0,         0,       170,10445,   15,  101,2,                ,0010000,2, 1,         0,    0,1000000000000000000000000000000000000000,0000000000000000000000010000000000001000,         0,         0,         0,         0,1, 0, 0, 0,2972231                       ,    0,         0,0,20181205 19:19:16,4003                          , 9999, 9999, 9999,  101,32767,     0,     0
 ED5.2,4323739                       ,1119                          ,ACH FONDOS          ,1949      ,                ,  101,                    ,                              , 0,2,20181205 19:22:20,    0,         0,        76,10002,   11,  101,2,                ,0010000,2, 1,         0,    0,1000000000000000000000000000000000000000,0000000000000000000000010000000000001000,         0,         0,         0,         0,1, 0, 0, 0,4323739                       ,    0,         0,0,20181205 19:21:04,1119                          , 9999, 9999, 9999,  101,32767,     0,     0
 ED5.2,3006333060                    ,5100                          ,RECEPCION BQUILL    ,3635      ,                ,  101,                    ,                              , 0,1,20181205 19:22:42,    0,         0,         2,  378,   21,  101,2,                ,0010000,0, 0,         0,    0,0000000000000000000000000000000000000000,0000000000000000000000010000000000001000,         0,         0,         0,         0,1, 0, 0, 0,033006333060                  ,    0,         0,0,20181205 19:22:40,5100                          , 9999, 9999, 9999,  101,32767,     0,     0
 ED5.2,018000930930                  ,4044                          ,MONICA MARIA ARR    ,2949      ,                ,  101,                    ,                              , 0,2,20181205 19:23:06,    0,         0,       138,10446,   15,  101,2,                ,0010000,2, 1,         0,    0,1000000000000000000000000000000000000000,0000000000000000000000010000000000001000,         0,         0,         0,         0,1, 0, 0, 0,018000930930                  ,    0,         0,0,20181205 19:20:48,4044                          , 9999, 9999, 9999,  101,32767,     0,     0
 ED5.2,3106403836                    ,5100                          ,RECEPCION BQUILL    ,3635      ,                ,  101,                    ,                              , 0,1,20181205 19:23:28,    0,         0,        24,  378,   21,  101,2,                ,0010000,0, 0,         0,    0,0000000000000000000000000000000000000000,0000000000000000000000010000000000001000,         0,         0,         0,         0,1, 0, 0, 0,033106403836                  ,    0,         0,0,20181205 19:23:04,5100                          , 9999, 9999, 9999,  101,32767,     0,     0
 ED5.2,3035534                       ,4034                          ,JENITH ALEJA ESP    ,2952      ,                ,  101,                    ,                              , 0,2,20181205 19:23:56,    0,         0,        21,10445,   15,  101,2,                ,0010000,2, 1,         0,    0,1000000000000000000000000000000000000000,0000000000000000000000010000000000001000,         0,         0,         0,         0,1, 0, 0, 0,3035534                       ,    0,         0,0,20181205 19:23:35,4034                          , 9999, 9999, 9999,  101,32767,     0,     0
 ED5.2,1699                          ,16398080                      ,                    ,          ,                ,  101,                    ,                              , 7,2,20181205 19:25:13,    0,         0,         0,10003,   11,  101,2,                ,0010000,2, 1,         0,    0,1000000000000000000000000000000000000000,0000000000000000000000010000000000000000,         0,         0,         0,         0,1, 0, 0, 0,                              ,    0,         0,0,20181205 19:25:13,                              , 9999, 9999, 9999, 9999,32767,     0,     0
 ED5.2,1339                          ,3243                          ,                    ,1949      ,                ,  101,                    ,                              ,14,0,20181205 19:25:50,    0,         0,         0,65535,65535, 9999,2,                ,0000000,0, 0,         0,    0,0000000000000000000000000000000000000000,0000000000000000000000000000000000000000,         0,         0,         0,         0,1, 0, 0, 0,1339                          ,    0,         0,0,20181205 19:25:50,3243                          ,  101, 9999,  101,  101,    0,     0,     0
 ED5.2,88                            ,3243                          ,                    ,1949      ,                ,  101,                    ,                              ,14,0,20181205 19:25:52,    0,         0,         2,65535,65535, 9999,2,                ,0000000,0, 0,         0,    0,0000000000000000000000000000000000000000,0000000000000000000000000000000000000000,         0,         0,         0,         0,1, 0, 0, 0,1339                          ,    0,         2,1,20181205 19:25:50,3243                          ,  101, 9999,  101,  101,    0,     0,     0
 ED5.2,5365315                       ,1492                          ,JULIAN DAVID GOM    ,1952      ,                ,  101,                    ,                              , 0,2,20181205 19:26:18,    0,         0,       146,10002,   11,  101,2,                ,0010000,2, 1,         0,    0,1000000000000000000000000000000000000000,0000000000000000000000010000000000001000,         0,         0,         0,         0,1, 0, 0, 0,5365315                       ,    0,         0,0,20181205 19:23:52,1492                          , 9999, 9999, 9999,  101,32767,     0,     0
 ED5.2,3134048086                    ,1119                          ,ACH FONDOS          ,1949      ,                ,  101,                    ,                              , 0,1,20181205 19:26:36,    0,         0,       233,  377,   21,  101,2,                ,0010000,0, 0,         0,    0,0000000000000000000000000000000000000000,0000000000000000000000010000000000001000,         0,         0,         0,         0,1, 0, 0, 0,033134048086                  ,    0,         0,0,20181205 19:22:43,1119                          , 9999, 9999, 9999,  101,32767,     0,     0
 ED5.2,018000930930                  ,4044                          ,MONICA MARIA ARR    ,2949      ,                ,  101,                    ,                              , 0,2,20181205 19:27:22,    0,         0,       139,10445,   15,  101,2,                ,0010000,2, 1,         0,    0,1000000000000000000000000000000000000000,0000000000000000000000010000000000001000,         0,         0,         0,         0,1, 0, 0, 0,018000930930                  ,    0,         0,0,20181205 19:25:03,4044                          , 9999, 9999, 9999,  101,32767,     0,     0
 ED5.2,1455                          ,1487                          ,                    ,1952      ,                ,  101,                    ,                              ,14,0,20181205 19:27:44,    0,         0,       153,65535,65535, 9999,2,                ,0000000,0, 0,         0,    0,0000000000000000000000000000000000000000,0000000000000000000000000000000000000000,         0,         0,         0,         0,1, 0, 0, 0,1455                          ,    0,       153,0,20181205 19:25:11,1487                          ,  101, 9999,  101,  101,    0,     0,     0
 ED5.2,018000930930                  ,4044                          ,MONICA MARIA ARR    ,2949      ,                ,  101,                    ,                              , 0,2,20181205 19:28:53,    0,         0,        82,10445,   15,  101,2,                ,0010000,2, 1,         0,    0,1000000000000000000000000000000000000000,0000000000000000000000010000000000001000,         0,         0,         0,         0,1, 0, 0, 0,018000930930                  ,    0,         0,0,20181205 19:27:31,4044                          , 9999, 9999, 9999,  101,32767,     0,     0
 ED5.2,8070417                       ,1380                          ,JORGE EDUARD GON    ,1952      ,                ,  101,                    ,                              , 0,2,20181205 19:29:50,    0,         0,       236,10003,   11,  101,2,                ,0010000,2, 1,         0,    0,1000000000000000000000000000000000000000,0000000000000000000000010000000000001000,         0,         0,         0,         0,1, 0, 0, 0,8070417                       ,    0,         0,0,20181205 19:25:54,1380                          , 9999, 9999, 9999,  101,32767,     0,     0
 ED5.2,072691280                     ,4017                          ,MARIBEL CANO ARA    ,2843      ,                ,  101,                    ,                              , 4,2,20181205 19:30:16,    0,         0,        68,10445,   15,  101,2,                ,0000000,2, 0,         0,    0,0000000000000000000000000000000000000000,0000000000000000000000010000000000000000,         0,         0,         0,         0,1, 0, 0, 0,A800                          ,   69,         0,1,20181205 19:29:08,                              , 9999, 9999, 9999, 9999,32767,     0,     0
 ED5.2,1455                          ,1487                          ,                    ,1952      ,                ,  101,                    ,                              ,14,0,20181205 19:30:20,    0,         0,         0,65535,65535, 9999,2,                ,0000000,0, 0,         0,    0,0000000000000000000000000000000000000000,0000000000000000000000000000000000000000,         0,         0,         0,         0,1, 0, 0, 0,1455                          ,    0,         0,0,20181205 19:30:20,1487                          ,  101, 9999,  101,  101,    0,     0,     0
 ED5.2,1593                          ,1455                          ,                    ,1952      ,                ,  101,                    ,                              ,14,0,20181205 19:30:48,    0,         0,        96,65535,65535, 9999,2,                ,0000000,0, 0,         0,    0,0000000000000000000000000000000000000000,0000000000000000000000000000000000000000,         0,         0,         0,         0,1, 0, 0, 0,1593                          ,    0,        96,0,20181205 19:29:12,1455                          ,  101, 9999,  101,  101,    0,     0,     0
 ED5.2,6604874                       ,1122                          ,OSWALDO FARI BOR    ,1952      ,                ,  101,                    ,                              , 0,2,20181205 19:31:06,    0,         0,        63,10002,   11,  101,2,                ,0010000,2, 1,         0,    0,1000000000000000000000000000000000000000,0000000000000000000000010000000000001000,         0,         0,         0,         0,1, 0, 0, 0,6604874                       ,    0,         0,0,20181205 19:30:03,1122                          , 9999, 9999, 9999,  101,32767,     0,     0
 ED5.2,8102916                       ,1982                          ,SALA 2 MORAT        ,1635      ,                ,  101,                    ,                              , 0,2,20181205 19:31:32,    0,         0,         0,10004,   11,  101,2,                ,0010000,2, 1,         0,    0,1000000000000000000000000000000000000000,0000000000000000000000010000000000001000,         0,         0,         0,         0,1, 0, 0, 0,8102916                       ,    0,         0,0,20181205 19:31:32,1982                          , 9999, 9999, 9999,  101,32767,     0,     0
 ED5.2,6604869                       ,1526                          ,DIEGO ALEXAN LOP    ,1632      ,                ,  101,                    ,                              , 0,2,20181205 19:32:03,    0,         0,        56,10003,   11,  101,2,                ,0010000,2, 1,         0,    0,1000000000000000000000000000000000000000,0000000000000000000000010000000000001000,         0,         0,         0,         0,1, 0, 0, 0,6604869                       ,    0,         0,0,20181205 19:31:07,1526                          , 9999, 9999, 9999,  101,32767,     0,     0
 ED5.2,4003                          ,4017                          ,                    ,2843      ,                ,  101,                    ,                              ,14,0,20181205 19:32:18,    0,         0,        26,65535,65535, 9999,2,                ,0000000,0, 0,         0,    0,0000000000000000000000000000000000000000,0000000000000000000000000000000000000000,         0,         0,         0,         0,1, 0, 0, 0,4003                          ,    0,        26,0,20181205 19:31:52,4017                          ,  101, 9999,  101,  101,    0,     0,     0
 ED5.2,1455                          ,1487                          ,                    ,1952      ,                ,  101,                    ,                              ,14,0,20181205 19:32:32,    0,         0,       101,65535,65535, 9999,2,                ,0000000,0, 0,         0,    0,0000000000000000000000000000000000000000,0000000000000000000000000000000000000000,         0,         0,         0,         0,1, 0, 0, 0,1455                          ,    0,       101,0,20181205 19:30:51,1487                          ,  101, 9999,  101,  101,    0,     0,     0
 ED5.2,072691280                     ,4038                          ,DORA MARLENY BET    ,2952      ,                ,  101,                    ,                              , 4,2,20181205 19:32:40,    0,         0,        47,10445,   15,  101,2,                ,0000000,2, 0,         0,    0,0000000000000000000000000000000000000000,0000000000000000000000010000000000000000,         0,         0,         0,         0,1, 0, 0, 0,A800                          ,   47,         0,1,20181205 19:31:53,                              , 9999, 9999, 9999, 9999,32767,     0,     0
 ED5.2,6815856                       ,1487                          ,HEIDY LILIAN ANG    ,1952      ,                ,  101,                    ,                              , 0,2,20181205 19:32:53,    0,         0,         0,10002,   11,  101,2,                ,0010000,2, 1,         0,    0,1000000000000000000000000000000000000000,0000000000000000000000010000000000001000,         0,         0,         0,         0,1, 0, 0, 0,6815856                       ,    0,         0,0,20181205 19:32:53,1487                          , 9999, 9999, 9999,  101,32767,     0,     0
 ED5.2,1238                          ,1339                          ,                    ,1945      ,                ,  101,                    ,                              ,14,0,20181205 19:33:11,    0,         0,        78,65535,65535, 9999,2,                ,0000000,0, 0,         0,    0,0000000000000000000000000000000000000000,0000000000000000000000000000000000000000,         0,         0,         0,         0,1, 0, 0, 0,1238                          ,    0,        78,0,20181205 19:31:53,1339                          ,  101, 9999,  101,  101,    0,     0,     0
 ED5.2,4003                          ,4017                          ,                    ,2843      ,                ,  101,                    ,                              ,14,0,20181205 19:34:26,    0,         0,        13,65535,65535, 9999,2,                ,0000000,0, 0,         0,    0,0000000000000000000000000000000000000000,0000000000000000000000000000000000000000,         0,         0,         0,         0,1, 0, 0, 0,4003                          ,    0,        13,0,20181205 19:34:13,4017                          ,  101, 9999,  101,  101,    0,     0,     0
 ED5.2,6604869                       ,1487                          ,HEIDY LILIAN ANG    ,1952      ,                ,  101,                    ,                              , 0,2,20181205 19:35:40,    0,         0,       153,10002,   11,  101,2,                ,0010000,2, 1,         0,    0,1000000000000000000000000000000000000000,0000000000000000000000010000000000001000,         0,         0,         0,         0,1, 0, 0, 0,6604869                       ,    0,         0,0,20181205 19:33:07,1487                          , 9999, 9999, 9999,  101,32767,     0,     0
 ED5.2,3269                          ,1339                          ,                    ,1945      ,                ,  101,                    ,                              ,14,0,20181205 19:35:48,    0,         0,        59,65535,65535, 9999,2,                ,0000000,0, 0,         0,    0,0000000000000000000000000000000000000000,0000000000000000000000000000000000000000,         0,         0,         0,         0,1, 0, 0, 0,3269                          ,    0,        59,0,20181205 19:34:49,1339                          ,  101, 9999,  101,  101,    0,     0,     0
 ED5.2,3206888884                    ,4040                          ,YURLEY VANES GUA    ,2425      ,                ,  101,                    ,                              , 0,2,20181205 19:39:30,    0,         0,      1746,10350,   66,  101,2,                ,0010000,2, 1,         0,    0,1000000000000000000000000000000000000000,0000000000000000000000010000000000001000,         0,         0,         0,         0,1, 0, 0, 0,033206888884                  ,    0,         0,0,20181205 19:10:24,4040                          , 9999, 9999, 9999,  101,32767,     0,     0
 ED5.2,4025                          ,4000                          ,                    ,2952      ,                ,  101,                    ,                              ,14,0,20181205 19:42:22,    0,         0,         0,65535,65535, 9999,2,                ,0000000,0, 0,         0,    0,0000000000000000000000000000000000000000,0000000000000000000000000000000000000000,         0,         0,         0,         0,1, 0, 0, 0,4025                          ,    0,         0,0,20181205 19:42:22,4000                          ,  101, 9999,  101,  101,    0,     0,     0
 ED5.2,8102916                       ,1202                          ,JORGE ARMAND DIA    ,1949      ,                ,  101,                    ,                              , 0,2,20181205 19:43:20,    0,         0,        14,10002,   11,  101,2,                ,0010000,2, 1,         0,    0,1000000000000000000000000000000000000000,0000000000000000000000010000000000001000,         0,         0,         0,         0,1, 0, 0, 0,8102916                       ,    0,         0,0,20181205 19:43:06,1202                          , 9999, 9999, 9999,  101,32767,     0,     0
 ED5.2,4058                          ,4000                          ,                    ,2952      ,                ,  101,                    ,                              ,14,0,20181205 19:43:34,    0,         0,        30,65535,65535, 9999,2,                ,0000000,0, 0,         0,    0,0000000000000000000000000000000000000000,0000000000000000000000000000000000000000,         0,         0,         0,         0,1, 0, 0, 0,4058                          ,    0,        30,0,20181205 19:43:04,4000                          ,  101, 9999,  101,  101,    0,     0,     0
 ED5.2,1526                          ,1736                          ,                    ,1635      ,                ,  101,                    ,                              ,14,0,20181205 19:45:04,    0,         0,        10,65535,65535, 9999,2,                ,0000000,0, 0,         0,    0,0000000000000000000000000000000000000000,0000000000000000000000000000000000000000,         0,         0,         0,         0,1, 0, 0, 0,1526                          ,    0,        10,0,20181205 19:44:54,1736                          ,  101, 9999,  101,  101,    0,     0,     0
 ED5.2,1456                          ,1736                          ,                    ,1635      ,                ,  101,                    ,                              ,14,0,20181205 19:45:15,    0,         0,         6,65535,65535, 9999,2,                ,0000000,0, 0,         0,    0,0000000000000000000000000000000000000000,0000000000000000000000000000000000000000,         0,         0,         0,         0,1, 0, 0, 0,1456                          ,    0,         6,0,20181205 19:45:09,1736                          ,  101, 9999,  101,  101,    0,     0,     0
 ED5.2,4069                          ,4072                          ,                    ,2952      ,                ,  101,                    ,                              ,14,0,20181205 19:46:01,    0,         0,       115,65535,65535, 9999,2,                ,0000000,0, 0,         0,    0,0000000000000000000000000000000000000000,0000000000000000000000000000000000000000,         0,         0,         0,         0,1, 0, 0, 0,4069                          ,    0,       115,0,20181205 19:44:06,4072                          ,  101, 9999,  101,  101,    0,     0,     0
 ED5.2,------------------------------,******************************,                    ,**********,                ,  101,                    ,******************************, 4,2,20181205 19:47:09,    0,         0,         3,  120,   20,  101,2,                ,0000000,3, 0,         0,    0,0100000000000000000000000000000000000000,0000000000000000000000010000000000000000,         0,         0,         0,         0,1, 0, 0, 0,------------------------------,   15,         3,1,20181205 19:47:06,******************************, 9999, 9999, 9999, 9999,32767,     0,     0
 ED5.2,44353*3                       ,2042                          ,ERIKA ANDREA TRU    ,4425      ,                ,  101,                    ,                              , 0,2,20181205 19:49:57,    0,         0,         0,  319,   65,  101,2,                ,0010000,2, 1,         0,    0,1000000000000000000000000000000000000000,0000000000000000000000010000000000001000,         0,         0,         0,         0,1, 0, 0, 0,44353*3                       ,    0,         0,0,20181205 19:49:57,2042                          , 9999, 9999, 9999,  101,32767,     0,     0
 ED5.2,4435373                       ,2042                          ,ERIKA ANDREA TRU    ,4425      ,                ,  101,                    ,                              , 0,2,20181205 19:50:26,    0,         0,        11,  320,   65,  101,2,                ,0010000,2, 1,         0,    0,1000000000000000000000000000000000000000,0000000000000000000000010000000000001000,         0,         0,         0,         0,1, 0, 0, 0,4435373                       ,    0,         0,0,20181205 19:50:15,2042                          , 9999, 9999, 9999,  101,32767,     0,     0
 ED5.2,3927571                       ,1428                          ,HELBERT MAUR AGU    ,1949      ,                ,  101,                    ,                              , 0,2,20181205 19:50:39,    0,         0,       444,10003,   11,  101,2,                ,0010000,2, 1,         0,    0,1000000000000000000000000000000000000000,0000000000000000000000010000000000001000,         0,         0,         0,         0,1, 0, 0, 0,3927571                       ,    0,         0,0,20181205 19:43:15,1428                          , 9999, 9999, 9999,  101,32767,     0,     0
 ED5.2,1033                          ,1446                          ,                    ,1633      ,                ,  101,                    ,                              ,14,0,20181205 19:51:00,    0,         0,         0,65535,65535, 9999,2,                ,0000000,0, 0,         0,    0,0000000000000000000000000000000000000000,0000000000000000000000000000000000000000,         0,         0,         0,         0,1, 0, 0, 0,1033                          ,    0,         0,0,20181205 19:51:00,1446                          ,  101, 9999,  101,  101,    0,     0,     0
 ED5.2,1819                          ,1564                          ,                    ,1952      ,                ,  101,                    ,                              ,14,0,20181205 19:52:23,    0,         0,         6,65535,65535, 9999,2,                ,0000000,0, 0,         0,    0,0000000000000000000000000000000000000000,0000000000000000000000000000000000000000,         0,         0,         0,         0,1, 0, 0, 0,1819                          ,    0,         6,0,20181205 19:52:17,1564                          ,  101, 9999,  101,  101,    0,     0,     0
 ED5.2,5100                          ,5155                          ,                    ,3952      ,                ,  101,                    ,                              ,14,0,20181205 19:53:22,    0,         0,         0,65535,65535, 9999,2,                ,0000000,0, 0,         0,    0,0000000000000000000000000000000000000000,0000000000000000000000000000000000000000,         0,         0,         0,         0,1, 0, 0, 0,5100                          ,    0,         0,0,20181205 19:53:22,5155                          ,  101, 9999,  101,  101,    0,     0,     0
 ED5.2,5146                          ,5155                          ,                    ,3952      ,                ,  101,                    ,                              ,14,0,20181205 19:53:39,    0,         0,         0,65535,65535, 9999,2,                ,0000000,0, 0,         0,    0,0000000000000000000000000000000000000000,0000000000000000000000000000000000000000,         0,         0,         0,         0,1, 0, 0, 0,5146                          ,    0,         0,0,20181205 19:53:39,5155                          ,  101, 9999,  101,  101,    0,     0,     0
 ED5.2,5100                          ,5155                          ,                    ,3952      ,                ,  101,                    ,                              ,14,0,20181205 19:53:40,    0,         0,         0,65535,65535, 9999,2,                ,0000000,0, 0,         0,    0,0000000000000000000000000000000000000000,0000000000000000000000000000000000000000,         0,         0,         0,         0,1, 0, 0, 0,5146                          ,    0,         0,1,20181205 19:53:40,5155                          ,  101, 9999,  101,  101,    0,     0,     0
 ED5.2,5110                          ,5155                          ,                    ,3952      ,                ,  101,                    ,                              ,14,0,20181205 19:53:58,    0,         0,         0,65535,65535, 9999,2,                ,0000000,0, 0,         0,    0,0000000000000000000000000000000000000000,0000000000000000000000000000000000000000,         0,         0,         0,         0,1, 0, 0, 0,5110                          ,    0,         0,0,20181205 19:53:58,5155                          ,  101, 9999,  101,  101,    0,     0,     0
 ED5.2,5136                          ,5155                          ,                    ,3952      ,                ,  101,                    ,                              ,14,0,20181205 19:53:59,    0,         0,         0,65535,65535, 9999,2,                ,0000000,0, 0,         0,    0,0000000000000000000000000000000000000000,0000000000000000000000000000000000000000,         0,         0,         0,         0,1, 0, 0, 0,5110                          ,    0,         0,1,20181205 19:53:59,5155                          ,  101, 9999,  101,  101,    0,     0,     0
 ED5.2,1402                          ,1593                          ,                    ,1952      ,                ,  101,                    ,                              ,14,0,20181205 19:54:05,    0,         0,        42,65535,65535, 9999,2,                ,0000000,0, 0,         0,    0,0000000000000000000000000000000000000000,0000000000000000000000000000000000000000,         0,         0,         0,         0,1, 0, 0, 0,1402                          ,    0,        42,0,20181205 19:53:23,1593                          ,  101, 9999,  101,  101,    0,     0,     0
 ED5.2,5100                          ,5155                          ,                    ,3952      ,                ,  101,                    ,                              ,14,0,20181205 19:54:16,    0,         0,         0,65535,65535, 9999,2,                ,0000000,0, 0,         0,    0,0000000000000000000000000000000000000000,0000000000000000000000000000000000000000,         0,         0,         0,         0,1, 0, 0, 0,5100                          ,    0,         0,0,20181205 19:54:16,5155                          ,  101, 9999,  101,  101,    0,     0,     0
 ED5.2,5136                          ,5155                          ,                    ,3952      ,                ,  101,                    ,                              ,14,0,20181205 19:54:17,    0,         0,         0,65535,65535, 9999,2,                ,0000000,0, 0,         0,    0,0000000000000000000000000000000000000000,0000000000000000000000000000000000000000,         0,         0,         0,         0,1, 0, 0, 0,5100                          ,    0,         0,1,20181205 19:54:17,5155                          ,  101, 9999,  101,  101,    0,     0,     0
 ED5.2,5146                          ,5155                          ,                    ,3952      ,                ,  101,                    ,                              ,14,0,20181205 19:54:35,    0,         0,         0,65535,65535, 9999,2,                ,0000000,0, 0,         0,    0,0000000000000000000000000000000000000000,0000000000000000000000000000000000000000,         0,         0,         0,         0,1, 0, 0, 0,5146                          ,    0,         0,0,20181205 19:54:35,5155                          ,  101, 9999,  101,  101,    0,     0,     0
 ED5.2,5100                          ,5155                          ,                    ,3952      ,                ,  101,                    ,                              ,14,0,20181205 19:54:36,    0,         0,         0,65535,65535, 9999,2,                ,0000000,0, 0,         0,    0,0000000000000000000000000000000000000000,0000000000000000000000000000000000000000,         0,         0,         0,         0,1, 0, 0, 0,5146                          ,    0,         0,1,20181205 19:54:36,5155                          ,  101, 9999,  101,  101,    0,     0,     0
 ED5.2,6398080                       ,FS082                         ,SIPsalida           ,          ,                ,  101,                    ,                              , 4,2,20181205 19:55:23,    0,         0,        34,10865,   82,  101,2,                ,0000000,2, 0,         0,    0,0000000000000000000000000000000000000000,0000000000000000000000010000000000000000,         0,         0,         0,         0,1, 0, 0, 0,A500                          ,   34,         0,1,20181205 19:54:49,                              , 9999, 9999, 9999, 9999,32767,     0,     0
 ED5.2,2727532                       ,1216                          ,HARVEY DARIO ROD    ,1952      ,                ,  101,                    ,                              , 4,2,20181205 19:57:21,    0,         0,        24,  120,   20,  101,2,                ,0000000,3, 0,         0,    0,0000000000000000000000000000000000000000,0000000000000000000000010000000000000000,         0,         0,         0,         0,1, 0, 0, 0,A800                          ,   16,         8,0,20181205 19:56:57,                              , 9999, 9999, 9999, 9999,32767,     0,     0
 ED5.2,1593                          ,1455                          ,                    ,1952      ,                ,  101,                    ,                              ,14,0,20181205 19:57:59,    0,         0,         0,65535,65535, 9999,2,                ,0000000,0, 0,         0,    0,0000000000000000000000000000000000000000,0000000000000000000000000000000000000000,         0,         0,         0,         0,1, 0, 0, 0,1593                          ,    0,         0,0,20181205 19:57:59,1455                          ,  101, 9999,  101,  101,    0,     0,     0
 ED5.2,3500                          ,3501                          ,                    ,4675      ,                ,  101,                    ,                              ,14,0,20181205 19:59:44,    0,         0,         0,65535,65535, 9999,2,                ,0000000,0, 0,         0,    0,0000000000000000000000000000000000000000,0000000000000000000000000000000000000000,         0,         0,         0,         0,1, 0, 0, 0,3500                          ,    0,         0,0,20181205 19:59:44,3501                          ,  101, 9999,  101,  101,    0,     0,     0
 ED5.2,4801741                       ,1216                          ,HARVEY DARIO ROD    ,1952      ,                ,  101,                    ,                              , 4,2,20181205 20:00:32,    0,         0,       152,  120,   20,  101,2,                ,0000000,3, 0,         0,    0,0000000000000000000000000000000000000000,0000000000000000000000010000000000000000,         0,         0,         0,         0,1, 0, 0, 0,A800                          ,   17,       136,0,20181205 19:58:00,                              , 9999, 9999, 9999, 9999,32767,     0,     0
