 ED5.2,1458                          ,1736                          ,                    ,1635      ,                ,  101,                    ,                              ,14,0,20190126 11:01:29,    0,         0,        11,65535,65535, 9999,2,                ,0000000,0, 0,         0,    0,0000000000000000000000000000000000000000,0000000000000000000000000000000000000000,         0,         0,         0,         0,1, 0, 0, 0,1458                          ,    0,        11,0,20190126 11:01:18,1736                          ,  101, 9999,  101,  101,    0,     0,     0
 ED5.2,5395034                       ,FS015                         ,SIPMED F            ,          ,                ,  101,                    ,                              , 4,2,20190126 11:01:31,    0,         0,        33,10445,   15,  101,2,                ,0000000,2, 0,         0,    0,0000000000000000000000000000000000000000,0000000000000000000000010000000000000000,         0,         0,         0,         0,1, 0, 0, 0,A800                          ,   33,         0,1,20190126 11:00:58,                              , 9999, 9999, 9999, 9999,32767,     0,     0
 ED5.2,7450960                       ,8023                          ,JHONATAN CONMUTA    ,1635      ,                ,  101,                    ,                              , 4,2,20190126 11:03:09,    0,         0,        46,10865,   82,  101,2,                ,0000000,2, 0,         0,    0,0000000000000000000000000000000000000000,0000000000000000000000010000000000000000,         0,         0,         0,         0,1, 0, 0, 0,A500                          ,   46,         0,1,20190126 11:02:23,                              , 9999, 9999, 9999, 9999,32767,     0,     0
 ED5.2,663046791502                  ,1414                          ,WENDY YOLANN ROD    ,1952      ,                ,  101,                    ,                              , 4,2,20190126 11:03:27,    0,         0,        43,  120,   20,  101,2,                ,0000000,2, 0,         0,    0,0000000000000000000000000000000000000000,0000000000000000000000010000000000000000,         0,         0,         0,         0,1, 0, 0, 0,A800                          ,   44,         0,1,20190126 11:02:44,                              , 9999, 9999, 9999, 9999,32767,     0,     0
 ED5.2,53805338                      ,5110                          ,RECEPCION 2 BQUI    ,3843      ,                ,  101,                    ,                              , 4,2,20190126 11:04:12,    0,         0,        66,10866,   82,  101,2,                ,0000000,2, 0,         0,    0,0000000000000000000000000000000000000000,0000000000000000000000010000000000000000,         0,         0,         0,         0,1, 0, 0, 0,A900                          ,   67,         0,1,20190126 11:03:06,                              , 9999, 9999, 9999, 9999,32767,     0,     0
 ED5.2,7450960                       ,FS082                         ,SIPsalida           ,          ,                ,  101,                    ,                              , 4,2,20190126 11:04:53,    0,         0,        48,10865,   82,  101,2,                ,0000000,2, 0,         0,    0,0000000000000000000000000000000000000000,0000000000000000000000010000000000000000,         0,         0,         0,         0,1, 0, 0, 0,A500                          ,   49,         0,1,20190126 11:04:05,                              , 9999, 9999, 9999, 9999,32767,     0,     0
 ED5.2,7450960                       ,FS082                         ,SIPsalida           ,          ,                ,  101,                    ,                              , 4,2,20190126 11:06:11,    0,         0,        40,10865,   82,  101,2,                ,0000000,2, 0,         0,    0,0000000000000000000000000000000000000000,0000000000000000000000010000000000000000,         0,         0,         0,         0,1, 0, 0, 0,A500                          ,   41,         0,1,20190126 11:05:31,                              , 9999, 9999, 9999, 9999,32767,     0,     0
 ED5.2,8803064                       ,2020                          ,ESTEFANI XIO MON    ,4635      ,                ,  101,                    ,                              , 4,2,20190126 11:06:24,    0,         0,        55,  309,   65,  101,2,                ,0000000,3, 0,         0,    0,0000000000000000000000000000000000000000,0000000000000000000000010000000000000000,         0,         0,         0,         0,1, 0, 0, 0,A600                          ,   55,         0,0,20190126 11:05:29,                              , 9999, 9999, 9999, 9999,32767,     0,     0
 ED5.2,663019217                     ,4081                          ,JOHANA ANDRE MOL    ,2952      ,                ,  101,                    ,                              , 4,2,20190126 11:06:33,    0,         0,       116,10445,   15,  101,2,                ,0000000,2, 0,         0,    0,0000000000000000000000000000000000000000,0000000000000000000000010000000000000000,         0,         0,         0,         0,1, 0, 0, 0,A800                          ,   12,       104,0,20190126 11:04:37,                              , 9999, 9999, 9999, 9999,32767,     0,     0
 ED5.2,4053                          ,4056                          ,                    ,2635      ,                ,  101,                    ,                              ,14,0,20190126 11:06:43,    0,         0,        58,65535,65535, 9999,2,                ,0000000,0, 0,         0,    0,0000000000000000000000000000000000000000,0000000000000000000000000000000000000000,         0,         0,         0,         0,1, 0, 0, 0,4053                          ,    0,        58,0,20190126 11:05:45,4056                          ,  101, 9999,  101,  101,    0,     0,     0
 ED5.2,663106138152                  ,FS020                         ,ETB                 ,          ,                ,  101,                    ,                              , 4,2,20190126 11:07:31,    0,         0,         6,  120,   20,  101,2,                ,0000000,2, 1,         0,    0,0000000000000000000000000000000000000000,0000000000000000000000010000000000000000,         0,         0,         0,         0,1, 0, 0, 0,A800                          ,    7,         0,0,20190126 11:07:25,                              , 9999, 9999, 9999, 9999,32767,     0,     0
 ED5.2,4056                          ,4053                          ,                    ,2318      ,                ,  101,                    ,                              ,14,0,20190126 11:09:50,    0,         0,       137,65535,65535, 9999,2,                ,0000000,0, 0,         0,    0,0000000000000000000000000000000000000000,0000000000000000000000000000000000000000,         0,         0,         0,         0,1, 0, 0, 0,4056                          ,    0,       137,0,20190126 11:07:33,4053                          ,  101, 9999,  101,  101,    0,     0,     0
 ED5.2,4076                          ,4081                          ,                    ,2952      ,                ,  101,                    ,                              ,14,0,20190126 11:10:23,    0,         0,         0,65535,65535, 9999,2,                ,0000000,0, 0,         0,    0,0000000000000000000000000000000000000000,0000000000000000000000000000000000000000,         0,         0,         0,         0,1, 0, 0, 0,4054                          ,    0,         0,1,20190126 11:10:23,4081                          ,  101, 9999,  101,  101,    0,     0,     0
 ED5.2,4056                          ,4081                          ,                    ,2952      ,                ,  101,                    ,                              ,14,0,20190126 11:11:25,    0,         0,        39,65535,65535, 9999,2,                ,0000000,0, 0,         0,    0,0000000000000000000000000000000000000000,0000000000000000000000000000000000000000,         0,         0,         0,         0,1, 0, 0, 0,4056                          ,    0,        39,0,20190126 11:10:46,4081                          ,  101, 9999,  101,  101,    0,     0,     0
 ED5.2,3818300                       ,FS020                         ,ETB                 ,          ,                ,  101,                    ,                              , 4,2,20190126 11:12:35,    0,         0,         4,  120,   20,  101,2,                ,0000000,2, 1,         0,    0,0000000000000000000000000000000000000000,0000000000000000000000010000000000000000,         0,         0,         0,         0,1, 0, 0, 0,A800                          ,    5,         0,0,20190126 11:12:31,                              , 9999, 9999, 9999, 9999,32767,     0,     0
 ED5.2,3174395889                    ,4083                          ,MARIA ISABEL ROL    ,2214      ,                ,  101,                    ,                              , 0,2,20190126 11:14:24,    0,         0,        29,10349,   66,  101,2,                ,0010000,2, 1,         0,    0,1000000000000000000000000000000000000000,0000000000000000000000010000000000001000,         0,         0,         0,         0,1, 0, 0, 0,033174395889                  ,    0,         0,0,20190126 11:13:55,4083                          , 9999, 9999, 9999,  101,32767,     0,     0
 ED5.2,3174395659                    ,4083                          ,MARIA ISABEL ROL    ,2214      ,                ,  101,                    ,                              , 0,2,20190126 11:14:55,    0,         0,         0,10349,   66,  101,2,                ,0010000,2, 1,         0,    0,1000000000000000000000000000000000000000,0000000000000000000000010000000000001000,         0,         0,         0,         0,1, 0, 0, 0,033174395659                  ,    0,         0,0,20190126 11:14:55,4083                          , 9999, 9999, 9999,  101,32767,     0,     0
 ED5.2,4037                          ,4002                          ,                    ,2843      ,                ,  101,                    ,                              ,14,0,20190126 11:17:19,    0,         0,        12,65535,65535, 9999,2,                ,0000000,0, 0,         0,    0,0000000000000000000000000000000000000000,0000000000000000000000000000000000000000,         0,         0,         0,         0,1, 0, 0, 0,4037                          ,    0,        12,0,20190126 11:17:07,4002                          ,  101, 9999,  101,  101,    0,     0,     0
 ED5.2,4056                          ,4042                          ,                    ,2949      ,                ,  101,                    ,                              ,14,0,20190126 11:18:29,    0,         0,        49,65535,65535, 9999,2,                ,0000000,0, 0,         0,    0,0000000000000000000000000000000000000000,0000000000000000000000000000000000000000,         0,         0,         0,         0,1, 0, 0, 0,4056                          ,    0,        49,0,20190126 11:17:40,4042                          ,  101, 9999,  101,  101,    0,     0,     0
 ED5.2,3174                          ,4083                          ,MARIA ISABEL ROL    ,2214      ,                ,  101,                    ,                              , 0,2,20190126 11:19:26,    0,         0,         0,10350,   66,  101,2,                ,0010000,2, 1,         0,    0,1000000000000000000000000000000000000000,0000000000000000000000010000000000001000,         0,         0,         0,         0,1, 0, 0, 0,033174                        ,    0,         0,0,20190126 11:19:26,4083                          , 9999, 9999, 9999,  101,32767,     0,     0
 ED5.2,3312714                       ,2020                          ,ESTEFANI XIO MON    ,4635      ,                ,  101,                    ,                              , 4,2,20190126 11:19:30,    0,         0,       451,  310,   65,  101,2,                ,0000000,3, 0,         0,    0,0000000000000000000000000000000000000000,0000000000000000000000010000000000000000,         0,         0,         0,         0,1, 0, 0, 0,A600                          ,  452,         0,0,20190126 11:11:59,                              , 9999, 9999, 9999, 9999,32767,     0,     0
 ED5.2,3174                          ,4083                          ,MARIA ISABEL ROL    ,2214      ,                ,  101,                    ,                              , 0,1,20190126 11:19:33,    0,         0,         0,  377,   21,  101,2,                ,0010000,0, 0,         0,    0,0000000000000000000000000000000000000000,0000000000000000000000010000000000001000,         0,         0,         0,         0,1, 0, 0, 0,033174                        ,    0,         0,0,20190126 11:19:33,4083                          , 9999, 9999, 9999,  101,32767,     0,     0
 ED5.2,3158403940                    ,4042                          ,DARIO GOMEZ LO      ,2949      ,                ,  101,                    ,                              , 0,2,20190126 11:19:39,    0,         0,        41,10349,   66,  101,2,                ,0010000,2, 1,         0,    0,1000000000000000000000000000000000000000,0000000000000000000000010000000000001000,         0,         0,         0,         0,1, 0, 0, 0,033158403940                  ,    0,         0,0,20190126 11:18:58,4042                          , 9999, 9999, 9999,  101,32767,     0,     0
 ED5.2,3174395859                    ,4083                          ,MARIA ISABEL ROL    ,2214      ,                ,  101,                    ,                              , 0,2,20190126 11:20:12,    0,         0,         0,10349,   66,  101,2,                ,0010000,2, 1,         0,    0,1000000000000000000000000000000000000000,0000000000000000000000010000000000001000,         0,         0,         0,         0,1, 0, 0, 0,033174395859                  ,    0,         0,0,20190126 11:20:12,4083                          , 9999, 9999, 9999,  101,32767,     0,     0
 ED5.2,663153863587                  ,1174                          ,RUDY ALEXAND MOR    ,1952      ,                ,  101,                    ,                              , 4,2,20190126 11:20:14,    0,         0,       104,  120,   20,  101,2,                ,0000000,2, 1,         0,    0,0000000000000000000000000000000000000000,0000000000000000000000010000000000000000,         0,         0,         0,         0,1, 0, 0, 0,A800                          ,  104,         0,1,20190126 11:18:30,                              , 9999, 9999, 9999, 9999,32767,     0,     0
 ED5.2,7666810                       ,FS020                         ,ETB                 ,          ,                ,  101,                    ,                              , 4,2,20190126 11:21:12,    0,         0,         7,  120,   20,  101,2,                ,0000000,3, 0,         0,    0,0000000000000000000000000000000000000000,0000000000000000000000010000000000000000,         0,         0,         0,         0,1, 0, 0, 0,A800                          ,    7,         0,0,20190126 11:21:05,                              , 9999, 9999, 9999, 9999,32767,     0,     0
 ED5.2,3089911                       ,1014                          ,RECEPCION LO COU    ,1635      ,                ,  101,                    ,                              , 4,2,20190126 11:22:24,    0,         0,       227,  121,   20,  101,2,                ,0000000,3, 0,         0,    0,0000000000000000000000000000000000000000,0000000000000000000000010000000000000000,         0,         0,         0,         0,1, 0, 0, 0,A800                          ,  227,         0,1,20190126 11:18:37,                              , 9999, 9999, 9999, 9999,32767,     0,     0
 ED5.2,6044535                       ,4056                          ,IVAN LOPEZ HE       ,2635      ,                ,  101,                    ,                              , 0,2,20190126 11:24:24,    0,         0,       207,10445,   15,  101,2,                ,0010000,2, 1,         0,    0,1000000000000000000000000000000000000000,0000000000000000000000010000000000001000,         0,         0,         0,         0,1, 0, 0, 0,6044535                       ,    0,         0,0,20190126 11:20:57,4056                          , 9999, 9999, 9999,  101,32767,     0,     0
 ED5.2,0722862942                    ,1381                          ,NICOLAS DAVI MOR    ,1952      ,                ,  101,                    ,                              , 4,2,20190126 11:27:19,    0,         0,        69,  120,   20,  101,2,                ,0000000,3, 0,         0,    0,0000000000000000000000000000000000000000,0000000000000000000000010000000000000000,         0,         0,         0,         0,1, 0, 0, 0,A800                          ,   69,         0,0,20190126 11:26:10,                              , 9999, 9999, 9999, 9999,32767,     0,     0
 ED5.2,0722862942                    ,FS020                         ,ETB                 ,          ,                ,  101,                    ,                              , 4,2,20190126 11:27:38,    0,         0,        12,  120,   20,  101,2,                ,0000000,3, 0,         0,    0,0000000000000000000000000000000000000000,0000000000000000000000010000000000000000,         0,         0,         0,         0,1, 0, 0, 0,A800                          ,   13,         0,0,20190126 11:27:26,                              , 9999, 9999, 9999, 9999,32767,     0,     0
 ED5.2,53789178                      ,5208                          ,KELLY SOFIA GONZ    ,7843      ,                ,  101,                    ,                              , 4,2,20190126 11:27:43,    0,         0,        78,10865,   82,  101,2,                ,0000000,2, 0,         0,    0,0000000000000000000000000000000000000000,0000000000000000000000010000000000000000,         0,         0,         0,         0,1, 0, 0, 0,A900                          ,   79,         0,1,20190126 11:26:25,                              , 9999, 9999, 9999, 9999,32767,     0,     0
 ED5.2,0722862942                    ,1340                          ,RECEPCION MORATO    ,1635      ,                ,  101,                    ,                              , 4,2,20190126 11:28:59,    0,         0,        74,  120,   20,  101,2,                ,0000000,3, 0,         0,    0,0000000000000000000000000000000000000000,0000000000000000000000010000000000000000,         0,         0,         0,         0,1, 0, 0, 0,A800                          ,   75,         0,1,20190126 11:27:45,                              , 9999, 9999, 9999, 9999,32767,     0,     0
 ED5.2,53580448                      ,5162                          ,MANUEL ENRIQ MAR    ,3952      ,                ,  101,                    ,                              , 4,2,20190126 11:32:57,    0,         0,        42,10865,   82,  101,2,                ,0000000,2, 0,         0,    0,0000000000000000000000000000000000000000,0000000000000000000000010000000000000000,         0,         0,         0,         0,1, 0, 0, 0,A900                          ,    9,        34,0,20190126 11:32:15,                              , 9999, 9999, 9999, 9999,32767,     0,     0
 ED5.2,663186620843                  ,4020                          ,MARISOL BETANCUR    ,2952      ,                ,  101,                    ,                              , 4,2,20190126 11:33:37,    0,         0,        91,10445,   15,  101,2,                ,0000000,2, 0,         0,    0,0000000000000000000000000000000000000000,0000000000000000000000010000000000000000,         0,         0,         0,         0,1, 0, 0, 0,A800                          ,   91,         0,1,20190126 11:32:06,                              , 9999, 9999, 9999, 9999,32767,     0,     0
 ED5.2,5160500                       ,FS020                         ,ETB                 ,          ,                ,  101,                    ,                              , 4,2,20190126 11:35:04,    0,         0,        52,  120,   20,  101,2,                ,0000000,3, 0,         0,    0,0000000000000000000000000000000000000000,0000000000000000000000010000000000000000,         0,         0,         0,         0,1, 0, 0, 0,A800                          ,   52,         0,1,20190126 11:34:12,                              , 9999, 9999, 9999, 9999,32767,     0,     0
 ED5.2,663112778601                  ,FS020                         ,ETB                 ,          ,                ,  101,                    ,                              , 4,2,20190126 11:35:18,    0,         0,         5,  120,   20,  101,2,                ,0000000,2, 0,         0,    0,0000000000000000000000000000000000000000,0000000000000000000000010000000000000000,         0,         0,         0,         0,1, 0, 0, 0,A800                          ,    6,         0,0,20190126 11:35:13,                              , 9999, 9999, 9999, 9999,32767,     0,     0
 ED5.2,663112778601                  ,FS020                         ,ETB                 ,          ,                ,  101,                    ,                              , 4,2,20190126 11:35:32,    0,         0,         0,  120,   20,  101,2,                ,0000000,2, 0,         0,    0,0000000000000000000000000000000000000000,0000000000000000000000010000000000000000,         0,         0,         0,         0,1, 0, 0, 0,A800                          ,    0,         0,0,20190126 11:35:32,                              , 9999, 9999, 9999, 9999,32767,     0,     0
 ED5.2,05991                         ,FS020                         ,ETB                 ,          ,                ,  101,                    ,                              , 4,2,20190126 11:39:45,    0,         0,        45,  120,   20,  101,2,                ,0000000,3, 0,         0,    0,0000000000000000000000000000000000000000,0000000000000000000000010000000000000000,         0,         0,         0,         0,1, 0, 0, 0,A800                          ,   45,         0,1,20190126 11:39:00,                              , 9999, 9999, 9999, 9999,32767,     0,     0
 ED5.2,663178201741                  ,5136                          ,RECEPCION 3 BQUI    ,3635      ,                ,  101,                    ,                              , 4,2,20190126 11:44:30,    0,         0,        62,10865,   82,  101,2,                ,0000000,2, 0,         0,    0,0000000000000000000000000000000000000000,0000000000000000000000010000000000000000,         0,         0,         0,         0,1, 0, 0, 0,A900                          ,   63,         0,1,20190126 11:43:28,                              , 9999, 9999, 9999, 9999,32767,     0,     0
 ED5.2,663178201741                  ,5100                          ,RECEPCION BQUILL    ,3635      ,                ,  101,                    ,                              , 4,2,20190126 11:45:35,    0,         0,        57,10865,   82,  101,2,                ,0000000,2, 0,         0,    0,0000000000000000000000000000000000000000,0000000000000000000000010000000000000000,         0,         0,         0,         0,1, 0, 0, 0,A900                          ,   57,         0,1,20190126 11:44:38,                              , 9999, 9999, 9999, 9999,32767,     0,     0
 ED5.2,------------------------------,******************************,                    ,**********,                ,  101,                    ,******************************, 4,2,20190126 11:48:38,    0,         0,        27,11361,  201,  101,2,                ,0000000,2, 0,         0,    0,0000000000000000000000000000000000000000,0000000000000000000000010000000000000000,         0,         0,         0,         0,1, 0, 0, 0,------------------------------,   26,         2,1,20190126 11:48:11,******************************, 9999, 9999, 9999, 9999,32767,     0,     0
 ED5.2,663217225074                  ,3400                          ,SARA VILLA RA       ,2675      ,                ,  101,                    ,                              , 4,2,20190126 11:49:45,    0,         0,        57,11361,  201,  101,2,                ,0000000,2, 0,         0,    0,0000000000000000000000000000000000000000,0000000000000000000000010000000000000000,         0,         0,         0,         0,1, 0, 0, 0,7764                          ,   58,         0,0,20190126 11:48:48,                              , 9999, 9999, 9999, 9999,32767,     0,     0
 ED5.2,1032                          ,1146                          ,                    ,1635      ,                ,  101,                    ,                              ,14,0,20190126 11:50:53,    0,         0,         0,65535,65535, 9999,2,                ,0000000,0, 0,         0,    0,0000000000000000000000000000000000000000,0000000000000000000000000000000000000000,         0,         0,         0,         0,1, 0, 0, 0,1032                          ,    0,         0,0,20190126 11:50:53,1146                          ,  101, 9999,  101,  101,    0,     0,     0
 ED5.2,1449                          ,1146                          ,                    ,1635      ,                ,  101,                    ,                              ,14,0,20190126 11:51:09,    0,         0,         0,65535,65535, 9999,2,                ,0000000,0, 0,         0,    0,0000000000000000000000000000000000000000,0000000000000000000000000000000000000000,         0,         0,         0,         0,1, 0, 0, 0,1032                          ,    0,         0,1,20190126 11:51:09,1146                          ,  101, 9999,  101,  101,    0,     0,     0
 ED5.2,1365                          ,1146                          ,                    ,1635      ,                ,  101,                    ,                              ,14,0,20190126 11:51:14,    0,         0,         0,65535,65535, 9999,2,                ,0000000,0, 0,         0,    0,0000000000000000000000000000000000000000,0000000000000000000000000000000000000000,         0,         0,         0,         0,1, 0, 0, 0,1032                          ,    0,         0,1,20190126 11:51:14,1146                          ,  101, 9999,  101,  101,    0,     0,     0
 ED5.2,3818300                       ,FS020                         ,ETB                 ,          ,                ,  101,                    ,                              , 4,2,20190126 11:52:55,    0,         0,         3,  120,   20,  101,2,                ,0000000,2, 1,         0,    0,0000000000000000000000000000000000000000,0000000000000000000000010000000000000000,         0,         0,         0,         0,1, 0, 0, 0,A800                          ,    4,         0,0,20190126 11:52:52,                              , 9999, 9999, 9999, 9999,32767,     0,     0
 ED5.2,4321480                       ,FS020                         ,ETB                 ,          ,                ,  101,                    ,                              , 4,2,20190126 11:55:15,    0,         0,         4,  120,   20,  101,2,                ,0000000,3, 0,         0,    0,0000000000000000000000000000000000000000,0000000000000000000000010000000000000000,         0,         0,         0,         0,1, 0, 0, 0,A800                          ,    5,         0,0,20190126 11:55:11,                              , 9999, 9999, 9999, 9999,32767,     0,     0
 ED5.2,6340055                       ,1582                          ,REVISORIA CALLE     ,1949      ,                ,  101,                    ,                              , 0,2,20190126 11:56:18,    0,         0,         0,10866,   82,  101,2,                ,0010000,2, 1,         0,    0,1000000000000000000000000000000000000000,0000000000000000000000010000000000001000,         0,         0,         0,         0,1, 0, 0, 0,6340055                       ,    0,         0,0,20190126 11:56:18,1582                          , 9999, 9999, 9999,  101,32767,     0,     0
 ED5.2,6340555                       ,1582                          ,REVISORIA CALLE     ,1949      ,                ,  101,                    ,                              , 0,2,20190126 11:56:48,    0,         0,        25,10866,   82,  101,2,                ,0010000,2, 1,         0,    0,1000000000000000000000000000000000000000,0000000000000000000000010000000000001000,         0,         0,         0,         0,1, 0, 0, 0,6340555                       ,    0,         0,0,20190126 11:56:23,1582                          , 9999, 9999, 9999,  101,32767,     0,     0
 ED5.2,------------------------------,******************************,                    ,**********,                ,  101,                    ,******************************, 4,2,20190126 11:56:54,    0,         0,        11,  120,   20,  101,2,                ,0000000,3, 0,         0,    0,0100000000000000000000000000000000000000,0000000000000000000000010000000000000000,         0,         0,         0,         0,1, 0, 0, 0,------------------------------,   16,        11,1,20190126 11:56:43,******************************, 9999, 9999, 9999, 9999,32767,     0,     0
 ED5.2,6849999                       ,1869                          ,REVISORIA 2         ,1949      ,                ,  101,                    ,                              , 0,2,20190126 11:57:59,    0,         0,         0,10001,   11,  101,2,                ,0010000,2, 1,         0,    0,1000000000000000000000000000000000000000,0000000000000000000000010000000000001000,         0,         0,         0,         0,1, 0, 0, 0,6849999                       ,    0,         0,0,20190126 11:57:59,1869                          , 9999, 9999, 9999,  101,32767,     0,     0
 ED5.2,53580448                      ,5163                          ,KELLY MARIA RAMI    ,3952      ,                ,  101,                    ,                              , 4,2,20190126 11:59:15,    0,         0,       361,10865,   82,  101,2,                ,0000000,2, 0,         0,    0,0000000000000000000000000000000000000000,0000000000000000000000010000000000000000,         0,         0,         0,         0,1, 0, 0, 0,A900                          ,  362,         0,1,20190126 11:53:14,                              , 9999, 9999, 9999, 9999,32767,     0,     0
 ED5.2,3580848                       ,5162                          ,MANUEL ENRIQ MAR    ,3952      ,                ,  101,                    ,                              , 0,2,20190126 12:00:57,    0,         0,         0,10865,   82,  101,2,                ,0010000,2, 1,         0,    0,1000000000000000000000000000000000000000,0000000000000000000000010000000000001000,         0,         0,         0,         0,1, 0, 0, 0,3580848                       ,    0,         0,0,20190126 12:00:57,5162                          , 9999, 9999, 9999,  101,32767,     0,     0
