 ED5.2,3902971                       ,1869                          ,REVISORIA 2         ,1949      ,                ,  101,                    ,                              , 4,2,20190214 20:02:04,    0,         0,        44,  120,   20,  101,2,                ,0000000,3, 0,         0,    0,0000000000000000000000000000000000000000,0000000000000000000000010000000000000000,         0,         0,         0,         0,1, 0, 0, 0,A800                          ,    8,        36,0,20190214 20:01:20,                              , 9999, 9999, 9999, 9999,32767,     0,     0
 ED5.2,1820                          ,1736                          ,                    ,1635      ,                ,  101,                    ,                              ,14,0,20190214 20:03:07,    0,         0,         0,65535,65535, 9999,2,                ,0000000,0, 0,         0,    0,0000000000000000000000000000000000000000,0000000000000000000000000000000000000000,         0,         0,         0,         0,1, 0, 0, 0,1820                          ,    0,         0,0,20190214 20:03:07,1736                          ,  101, 9999,  101,  101,    0,     0,     0
 ED5.2,1449                          ,1736                          ,                    ,1635      ,                ,  101,                    ,                              ,14,0,20190214 20:03:22,    0,         0,         0,65535,65535, 9999,2,                ,0000000,0, 0,         0,    0,0000000000000000000000000000000000000000,0000000000000000000000000000000000000000,         0,         0,         0,         0,1, 0, 0, 0,1820                          ,    0,         0,1,20190214 20:03:22,1736                          ,  101, 9999,  101,  101,    0,     0,     0
 ED5.2,1032                          ,1736                          ,                    ,1635      ,                ,  101,                    ,                              ,14,0,20190214 20:03:33,    0,         0,         0,65535,65535, 9999,2,                ,0000000,0, 0,         0,    0,0000000000000000000000000000000000000000,0000000000000000000000000000000000000000,         0,         0,         0,         0,1, 0, 0, 0,1820                          ,    0,         0,1,20190214 20:03:33,1736                          ,  101, 9999,  101,  101,    0,     0,     0
 ED5.2,3107                          ,1736                          ,                    ,1635      ,                ,  101,                    ,                              ,14,0,20190214 20:03:51,    0,         0,        12,65535,65535, 9999,2,                ,0000000,0, 0,         0,    0,0000000000000000000000000000000000000000,0000000000000000000000000000000000000000,         0,         0,         0,         0,1, 0, 0, 0,3107                          ,    0,        12,0,20190214 20:03:39,1736                          ,  101, 9999,  101,  101,    0,     0,     0
 ED5.2,3107                          ,1736                          ,                    ,1635      ,                ,  101,                    ,                              ,14,0,20190214 20:04:15,    0,         0,         0,65535,65535, 9999,2,                ,0000000,0, 0,         0,    0,0000000000000000000000000000000000000000,0000000000000000000000000000000000000000,         0,         0,         0,         0,1, 0, 0, 0,3107                          ,    0,         0,0,20190214 20:04:15,1736                          ,  101, 9999,  101,  101,    0,     0,     0
 ED5.2,1393                          ,1736                          ,                    ,1635      ,                ,  101,                    ,                              ,14,0,20190214 20:04:38,    0,         0,        10,65535,65535, 9999,2,                ,0000000,0, 0,         0,    0,0000000000000000000000000000000000000000,0000000000000000000000000000000000000000,         0,         0,         0,         0,1, 0, 0, 0,1393                          ,    0,        10,0,20190214 20:04:28,1736                          ,  101, 9999,  101,  101,    0,     0,     0
 ED5.2,1820                          ,1736                          ,                    ,1635      ,                ,  101,                    ,                              ,14,0,20190214 20:04:57,    0,         0,         0,65535,65535, 9999,2,                ,0000000,0, 0,         0,    0,0000000000000000000000000000000000000000,0000000000000000000000000000000000000000,         0,         0,         0,         0,1, 0, 0, 0,1820                          ,    0,         0,0,20190214 20:04:57,1736                          ,  101, 9999,  101,  101,    0,     0,     0
 ED5.2,1449                          ,1736                          ,                    ,1635      ,                ,  101,                    ,                              ,14,0,20190214 20:05:12,    0,         0,         0,65535,65535, 9999,2,                ,0000000,0, 0,         0,    0,0000000000000000000000000000000000000000,0000000000000000000000000000000000000000,         0,         0,         0,         0,1, 0, 0, 0,1820                          ,    0,         0,1,20190214 20:05:12,1736                          ,  101, 9999,  101,  101,    0,     0,     0
 ED5.2,1032                          ,1736                          ,                    ,1635      ,                ,  101,                    ,                              ,14,0,20190214 20:05:26,    0,         0,         0,65535,65535, 9999,2,                ,0000000,0, 0,         0,    0,0000000000000000000000000000000000000000,0000000000000000000000000000000000000000,         0,         0,         0,         0,1, 0, 0, 0,1820                          ,    0,         0,1,20190214 20:05:26,1736                          ,  101, 9999,  101,  101,    0,     0,     0
 ED5.2,1736                          ,1820                          ,                    ,1632      ,                ,  101,                    ,                              ,14,0,20190214 20:05:27,    0,         0,         0,65535,65535, 9999,2,                ,0000000,0, 0,         0,    0,0000000000000000000000000000000000000000,0000000000000000000000000000000000000000,         0,         0,         0,         0,1, 0, 0, 0,1736                          ,    0,         0,0,20190214 20:05:27,1820                          ,  101, 9999,  101,  101,    0,     0,     0
 ED5.2,1736                          ,1820                          ,                    ,1632      ,                ,  101,                    ,                              ,14,0,20190214 20:05:33,    0,         0,         0,65535,65535, 9999,2,                ,0000000,0, 0,         0,    0,0000000000000000000000000000000000000000,0000000000000000000000000000000000000000,         0,         0,         0,         0,1, 0, 0, 0,1736                          ,    0,         0,0,20190214 20:05:33,1820                          ,  101, 9999,  101,  101,    0,     0,     0
 ED5.2,1466                          ,1736                          ,                    ,1635      ,                ,  101,                    ,                              ,14,0,20190214 20:05:45,    0,         0,         0,65535,65535, 9999,2,                ,0000000,0, 0,         0,    0,0000000000000000000000000000000000000000,0000000000000000000000000000000000000000,         0,         0,         0,         0,1, 0, 0, 0,1466                          ,    0,         0,0,20190214 20:05:45,1736                          ,  101, 9999,  101,  101,    0,     0,     0
 ED5.2,1393                          ,1736                          ,                    ,1635      ,                ,  101,                    ,                              ,14,0,20190214 20:06:01,    0,         0,         0,65535,65535, 9999,2,                ,0000000,0, 0,         0,    0,0000000000000000000000000000000000000000,0000000000000000000000000000000000000000,         0,         0,         0,         0,1, 0, 0, 0,1466                          ,    0,         0,1,20190214 20:06:01,1736                          ,  101, 9999,  101,  101,    0,     0,     0
 ED5.2,1253                          ,1736                          ,                    ,1635      ,                ,  101,                    ,                              ,14,0,20190214 20:06:16,    0,         0,         0,65535,65535, 9999,2,                ,0000000,0, 0,         0,    0,0000000000000000000000000000000000000000,0000000000000000000000000000000000000000,         0,         0,         0,         0,1, 0, 0, 0,1466                          ,    0,         0,1,20190214 20:06:16,1736                          ,  101, 9999,  101,  101,    0,     0,     0
 ED5.2,1427                          ,1736                          ,                    ,1635      ,                ,  101,                    ,                              ,14,0,20190214 20:06:31,    0,         0,         0,65535,65535, 9999,2,                ,0000000,0, 0,         0,    0,0000000000000000000000000000000000000000,0000000000000000000000000000000000000000,         0,         0,         0,         0,1, 0, 0, 0,1466                          ,    0,         0,1,20190214 20:06:31,1736                          ,  101, 9999,  101,  101,    0,     0,     0
 ED5.2,3463782                       ,1297                          ,JEIMY CAROLI ARI    ,1318      ,                ,  101,                    ,                              , 0,2,20190214 20:06:32,    0,         0,       213,10001,   11,  101,2,                ,0010000,2, 1,         0,    0,1000000000000000000000000000000000000000,0000000000000000000000010000000000001000,         0,         0,         0,         0,1, 0, 0, 0,3463782                       ,    0,         0,0,20190214 20:02:59,1297                          , 9999, 9999, 9999,  101,32767,     0,     0
 ED5.2,3036382                       ,3239                          ,JOSE ANTONIO ECH    ,1979      ,                ,  101,                    ,                              , 0,2,20190214 20:06:50,    0,         0,        13,10004,   11,  101,2,                ,0010000,2, 1,         0,    0,1000000000000000000000000000000000000000,0000000000000000000000010000000000001000,         0,         0,         0,         0,1, 0, 0, 0,3036382                       ,    0,         0,0,20190214 20:06:37,3239                          , 9999, 9999, 9999,  101,32767,     0,     0
 ED5.2,1820                          ,1736                          ,                    ,1635      ,                ,  101,                    ,                              ,14,0,20190214 20:07:00,    0,         0,         0,65535,65535, 9999,2,                ,0000000,0, 0,         0,    0,0000000000000000000000000000000000000000,0000000000000000000000000000000000000000,         0,         0,         0,         0,1, 0, 0, 0,1820                          ,    0,         0,0,20190214 20:07:00,1736                          ,  101, 9999,  101,  101,    0,     0,     0
 ED5.2,6604876                       ,1369                          ,JUAN ANDRES CARV    ,1632      ,                ,  101,                    ,                              , 0,2,20190214 20:07:04,    0,         0,       100,10003,   11,  101,2,                ,0010000,2, 1,         0,    0,1000000000000000000000000000000000000000,0000000000000000000000010000000000001000,         0,         0,         0,         0,1, 0, 0, 0,6604876                       ,    0,         0,0,20190214 20:05:24,1369                          , 9999, 9999, 9999,  101,32767,     0,     0
 ED5.2,1449                          ,1736                          ,                    ,1635      ,                ,  101,                    ,                              ,14,0,20190214 20:07:14,    0,         0,         0,65535,65535, 9999,2,                ,0000000,0, 0,         0,    0,0000000000000000000000000000000000000000,0000000000000000000000000000000000000000,         0,         0,         0,         0,1, 0, 0, 0,1820                          ,    0,         0,1,20190214 20:07:14,1736                          ,  101, 9999,  101,  101,    0,     0,     0
 ED5.2,4077                          ,4078                          ,                    ,2741      ,                ,  101,                    ,                              ,14,0,20190214 20:07:22,    0,         0,         0,65535,65535, 9999,2,                ,0000000,0, 0,         0,    0,0000000000000000000000000000000000000000,0000000000000000000000000000000000000000,         0,         0,         0,         0,1, 0, 0, 0,4077                          ,    0,         0,0,20190214 20:07:22,4078                          ,  101, 9999,  101,  101,    0,     0,     0
 ED5.2,4082                          ,4078                          ,                    ,2741      ,                ,  101,                    ,                              ,14,0,20190214 20:07:24,    0,         0,         0,65535,65535, 9999,2,                ,0000000,0, 0,         0,    0,0000000000000000000000000000000000000000,0000000000000000000000000000000000000000,         0,         0,         0,         0,1, 0, 0, 0,4077                          ,    0,         0,1,20190214 20:07:24,4078                          ,  101, 9999,  101,  101,    0,     0,     0
 ED5.2,7516696                       ,1371                          ,FABIAN RICAR QUI    ,1632      ,                ,  101,                    ,                              , 0,2,20190214 20:07:45,    0,         0,       607,10002,   11,  101,2,                ,0010000,2, 1,         0,    0,1000000000000000000000000000000000000000,0000000000000000000000010000000000001000,         0,         0,         0,         0,1, 0, 0, 0,7516696                       ,    0,         0,0,20190214 19:57:38,1371                          , 9999, 9999, 9999,  101,32767,     0,     0
 ED5.2,4078                          ,4077                          ,                    ,2952      ,                ,  101,                    ,                              ,14,0,20190214 20:07:54,    0,         0,        21,65535,65535, 9999,2,                ,0000000,0, 0,         0,    0,0000000000000000000000000000000000000000,0000000000000000000000000000000000000000,         0,         0,         0,         0,1, 0, 0, 0,4078                          ,    0,        21,0,20190214 20:07:33,4077                          ,  101, 9999,  101,  101,    0,     0,     0
