 ED5.2,3136                          ,1736                          ,                    ,1635      ,                ,  101,                    ,                              ,14,0,20181226 22:00:14,    0,         0,         0,65535,65535, 9999,2,                ,0000000,0, 0,         0,    0,0000000000000000000000000000000000000000,0000000000000000000000000000000000000000,         0,         0,         0,         0,1, 0, 0, 0,3136                          ,    0,         0,0,20181226 22:00:14,1736                          ,  101, 9999,  101,  101,    0,     0,     0
 ED5.2,074210783                     ,3228                          ,ALBA ROSA BOTERO    ,1979      ,                ,  101,                    ,                              , 4,2,20181226 22:00:58,    0,         0,      1928,11361,  201,  101,2,                ,0000000,2, 0,         0,    0,0000000000000000000000000000000000000000,0000000000000000000000010000000000000000,         0,         0,         0,         0,1, 0, 0, 0,7764                          ,   19,      1909,0,20181226 21:28:50,                              , 9999, 9999, 9999, 9999,32767,     0,     0
 ED5.2,1145                          ,1127                          ,                    ,1952      ,                ,  101,                    ,                              ,14,0,20181226 22:01:18,    0,         0,         0,65535,65535, 9999,2,                ,0000000,0, 0,         0,    0,0000000000000000000000000000000000000000,0000000000000000000000000000000000000000,         0,         0,         0,         0,1, 0, 0, 0,1145                          ,    0,         0,0,20181226 22:01:18,1127                          ,  101, 9999,  101,  101,    0,     0,     0
 ED5.2,1373                          ,1127                          ,                    ,1952      ,                ,  101,                    ,                              ,14,0,20181226 22:01:25,    0,         0,         0,65535,65535, 9999,2,                ,0000000,0, 0,         0,    0,0000000000000000000000000000000000000000,0000000000000000000000000000000000000000,         0,         0,         0,         0,1, 0, 0, 0,1145                          ,    0,         0,1,20181226 22:01:25,1127                          ,  101, 9999,  101,  101,    0,     0,     0
 ED5.2,89                            ,1029                          ,                    ,1091      ,                ,  101,                    ,                              ,14,0,20181226 22:01:45,    0,         0,         0,65535,65535, 9999,2,                ,0000000,0, 0,         0,    0,0000000000000000000000000000000000000000,0000000000000000000000000000000000000000,         0,         0,         0,         0,1, 0, 0, 0,89                            ,    0,         0,0,20181226 22:01:45,1029                          , 9999, 9999, 9999,  101,    0,     0,     0
 ED5.2,3107                          ,1736                          ,                    ,1635      ,                ,  101,                    ,                              ,14,0,20181226 22:02:38,    0,         0,       141,65535,65535, 9999,2,                ,0000000,0, 0,         0,    0,0000000000000000000000000000000000000000,0000000000000000000000000000000000000000,         0,         0,         0,         0,1, 0, 0, 0,3136                          ,    0,       141,1,20181226 22:00:17,1736                          ,  101, 9999,  101,  101,    0,     0,     0
 ED5.2,1378                          ,1024                          ,                    ,1638      ,                ,  101,                    ,                              ,14,0,20181226 22:02:49,    0,         0,       303,65535,65535, 9999,2,                ,0000000,0, 0,         0,    0,0000000000000000000000000000000000000000,0000000000000000000000000000000000000000,         0,         0,         0,         0,1, 0, 0, 0,1378                          ,    0,       303,0,20181226 21:57:46,1024                          ,  101, 9999,  101,  101,    0,     0,     0
 ED5.2,3107                          ,1736                          ,                    ,1635      ,                ,  101,                    ,                              ,14,0,20181226 22:04:48,    0,         0,        15,65535,65535, 9999,2,                ,0000000,0, 0,         0,    0,0000000000000000000000000000000000000000,0000000000000000000000000000000000000000,         0,         0,         0,         0,1, 0, 0, 0,3107                          ,    0,        15,0,20181226 22:04:33,1736                          ,  101, 9999,  101,  101,    0,     0,     0
 ED5.2,1585                          ,1005                          ,                    ,1949      ,                ,  101,                    ,                              ,14,0,20181226 22:05:22,    0,         0,        43,65535,65535, 9999,2,                ,0000000,0, 0,         0,    0,0000000000000000000000000000000000000000,0000000000000000000000000000000000000000,         0,         0,         0,         0,1, 0, 0, 0,1585                          ,    0,        43,0,20181226 22:04:39,1005                          ,  101, 9999,  101,  101,    0,     0,     0
 ED5.2,074210783                     ,3400                          ,SARA VILLA RA       ,2675      ,                ,  101,                    ,                              , 4,2,20181226 22:17:26,    0,         0,        43,11361,  201,  101,2,                ,0000000,2, 0,         0,    0,0000000000000000000000000000000000000000,0000000000000000000000010000000000000000,         0,         0,         0,         0,1, 0, 0, 0,7764                          ,   44,         0,0,20181226 22:16:43,                              , 9999, 9999, 9999, 9999,32767,     0,     0
 ED5.2,1466                          ,1024                          ,                    ,1638      ,                ,  101,                    ,                              ,14,0,20181226 22:19:09,    0,         0,        29,65535,65535, 9999,2,                ,0000000,0, 0,         0,    0,0000000000000000000000000000000000000000,0000000000000000000000000000000000000000,         0,         0,         0,         0,1, 0, 0, 0,1466                          ,    0,        29,0,20181226 22:18:40,1024                          ,  101, 9999,  101,  101,    0,     0,     0
 ED5.2,2972231                       ,4003                          ,JUDY FRANCEL JAR    ,2952      ,                ,  101,                    ,                              , 0,2,20181226 22:22:01,    0,         0,       123,10445,   15,  101,2,                ,0010000,2, 1,         0,    0,1000000000000000000000000000000000000000,0000000000000000000000010000000000001000,         0,         0,         0,         0,1, 0, 0, 0,2972231                       ,    0,         0,0,20181226 22:19:58,4003                          , 9999, 9999, 9999,  101,32767,     0,     0
 ED5.2,1145                          ,1127                          ,                    ,1952      ,                ,  101,                    ,                              ,14,0,20181226 22:36:02,    0,         0,         0,65535,65535, 9999,2,                ,0000000,0, 0,         0,    0,0000000000000000000000000000000000000000,0000000000000000000000000000000000000000,         0,         0,         0,         0,1, 0, 0, 0,1145                          ,    0,         0,0,20181226 22:36:02,1127                          ,  101, 9999,  101,  101,    0,     0,     0
 ED5.2,1373                          ,1127                          ,                    ,1952      ,                ,  101,                    ,                              ,14,0,20181226 22:36:03,    0,         0,         0,65535,65535, 9999,2,                ,0000000,0, 0,         0,    0,0000000000000000000000000000000000000000,0000000000000000000000000000000000000000,         0,         0,         0,         0,1, 0, 0, 0,1145                          ,    0,         0,1,20181226 22:36:03,1127                          ,  101, 9999,  101,  101,    0,     0,     0
 ED5.2,1145                          ,1127                          ,                    ,1952      ,                ,  101,                    ,                              ,14,0,20181226 23:30:48,    0,         0,       109,65535,65535, 9999,2,                ,0000000,0, 0,         0,    0,0000000000000000000000000000000000000000,0000000000000000000000000000000000000000,         0,         0,         0,         0,1, 0, 0, 0,1145                          ,    0,       109,0,20181226 23:28:59,1127                          ,  101, 9999,  101,  101,    0,     0,     0
