 ED5.2,0946044535                    ,4061                          ,LUISA FERNAN ALE    ,2425      ,                ,  101,                    ,                              , 0,2,20181217 19:00:16,    0,         0,         0,10866,   82,  101,2,                ,0010000,2, 1,         0,    0,1000000000000000000000000000000000000000,0000000000000000000000010000000000001000,         0,         0,         0,         0,1, 0, 0, 0,6044535                       ,    0,         0,0,20181217 19:00:16,4061                          , 9999, 9999, 9999,  101,32767,     0,     0
 ED5.2,2123505                       ,1570                          ,ANGELA GINNE BET    ,1952      ,                ,  101,                    ,                              , 4,2,20181217 19:00:20,    0,         0,        23,  120,   20,  101,2,                ,0000000,3, 0,         0,    0,0000000000000000000000000000000000000000,0000000000000000000000010000000000000000,         0,         0,         0,         0,1, 0, 0, 0,A800                          ,   23,         0,1,20181217 18:59:57,                              , 9999, 9999, 9999, 9999,32767,     0,     0
 ED5.2,6044535                       ,4061                          ,LUISA FERNAN ALE    ,2425      ,                ,  101,                    ,                              , 0,2,20181217 19:00:31,    0,         0,         0,10445,   15,  101,2,                ,0010000,2, 1,         0,    0,1000000000000000000000000000000000000000,0000000000000000000000010000000000001000,         0,         0,         0,         0,1, 0, 0, 0,6044535                       ,    0,         0,0,20181217 19:00:31,4061                          , 9999, 9999, 9999,  101,32767,     0,     0
 ED5.2,0946044535                    ,4061                          ,LUISA FERNAN ALE    ,2425      ,                ,  101,                    ,                              , 0,2,20181217 19:00:32,    0,         0,         0,10867,   82,  101,2,                ,0010000,2, 1,         0,    0,1000000000000000000000000000000000000000,0000000000000000000000010000000000001000,         0,         0,         0,         0,1, 0, 0, 0,6044535                       ,    0,         0,0,20181217 19:00:32,4061                          , 9999, 9999, 9999,  101,32767,     0,     0
 ED5.2,2123505                       ,1427                          ,CINDY YERALD GAR    ,1638      ,                ,  101,                    ,                              , 4,2,20181217 19:00:45,    0,         0,        21,  120,   20,  101,2,                ,0000000,3, 0,         0,    0,0000000000000000000000000000000000000000,0000000000000000000000010000000000000000,         0,         0,         0,         0,1, 0, 0, 0,A800                          ,   22,         0,1,20181217 19:00:24,                              , 9999, 9999, 9999, 9999,32767,     0,     0
 ED5.2,6044535                       ,4061                          ,LUISA FERNAN ALE    ,2425      ,                ,  101,                    ,                              , 0,2,20181217 19:00:57,    0,         0,         0,10445,   15,  101,2,                ,0010000,2, 1,         0,    0,1000000000000000000000000000000000000000,0000000000000000000000010000000000001000,         0,         0,         0,         0,1, 0, 0, 0,6044535                       ,    0,         0,0,20181217 19:00:57,4061                          , 9999, 9999, 9999,  101,32767,     0,     0
 ED5.2,3174395859                    ,4044                          ,MONICA MARIA ARR    ,2949      ,                ,  101,                    ,                              , 0,2,20181217 19:00:57,    0,         0,         0,10349,   66,  101,2,                ,0010000,2, 1,         0,    0,1000000000000000000000000000000000000000,0000000000000000000000010000000000001000,         0,         0,         0,         0,1, 0, 0, 0,033174395859                  ,    0,         0,0,20181217 19:00:57,4044                          , 9999, 9999, 9999,  101,32767,     0,     0
 ED5.2,0946044535                    ,4061                          ,LUISA FERNAN ALE    ,2425      ,                ,  101,                    ,                              , 0,2,20181217 19:00:58,    0,         0,         0,10867,   82,  101,2,                ,0010000,2, 1,         0,    0,1000000000000000000000000000000000000000,0000000000000000000000010000000000001000,         0,         0,         0,         0,1, 0, 0, 0,6044535                       ,    0,         0,0,20181217 19:00:58,4061                          , 9999, 9999, 9999,  101,32767,     0,     0
 ED5.2,6044535                       ,4040                          ,YURLEY VANES GUA    ,2425      ,                ,  101,                    ,                              , 0,2,20181217 19:00:59,    0,         0,         0,10445,   15,  101,2,                ,0010000,2, 1,         0,    0,1000000000000000000000000000000000000000,0000000000000000000000010000000000001000,         0,         0,         0,         0,1, 0, 0, 0,6044535                       ,    0,         0,0,20181217 19:00:59,4040                          , 9999, 9999, 9999,  101,32767,     0,     0
 ED5.2,6398080                       ,FS082                         ,SIPsalida           ,          ,                ,  101,                    ,                              , 4,2,20181217 19:00:59,    0,         0,        34,10866,   82,  101,2,                ,0000000,2, 0,         0,    0,0000000000000000000000000000000000000000,0000000000000000000000010000000000000000,         0,         0,         0,         0,1, 0, 0, 0,A500                          ,   35,         0,1,20181217 19:00:25,                              , 9999, 9999, 9999, 9999,32767,     0,     0
 ED5.2,0946044535                    ,4040                          ,YURLEY VANES GUA    ,2425      ,                ,  101,                    ,                              , 0,2,20181217 19:01:00,    0,         0,         0,10867,   82,  101,2,                ,0010000,2, 1,         0,    0,1000000000000000000000000000000000000000,0000000000000000000000010000000000001000,         0,         0,         0,         0,1, 0, 0, 0,6044535                       ,    0,         0,0,20181217 19:01:00,4040                          , 9999, 9999, 9999,  101,32767,     0,     0
 ED5.2,6044535                       ,4004                          ,IVAN GARCIA S       ,2949      ,                ,  101,                    ,                              , 0,2,20181217 19:01:01,    0,         0,         0,10445,   15,  101,2,                ,0010000,2, 1,         0,    0,1000000000000000000000000000000000000000,0000000000000000000000010000000000001000,         0,         0,         0,         0,1, 0, 0, 0,6044535                       ,    0,         0,0,20181217 19:01:01,4004                          , 9999, 9999, 9999,  101,32767,     0,     0
 ED5.2,0946044535                    ,4004                          ,IVAN GARCIA S       ,2949      ,                ,  101,                    ,                              , 0,2,20181217 19:01:02,    0,         0,         0,10866,   82,  101,2,                ,0010000,2, 1,         0,    0,1000000000000000000000000000000000000000,0000000000000000000000010000000000001000,         0,         0,         0,         0,1, 0, 0, 0,6044535                       ,    0,         0,0,20181217 19:01:02,4004                          , 9999, 9999, 9999,  101,32767,     0,     0
 ED5.2,6044535                       ,4061                          ,LUISA FERNAN ALE    ,2425      ,                ,  101,                    ,                              , 0,2,20181217 19:01:04,    0,         0,         0,10445,   15,  101,2,                ,0010000,2, 1,         0,    0,1000000000000000000000000000000000000000,0000000000000000000000010000000000001000,         0,         0,         0,         0,1, 0, 0, 0,6044535                       ,    0,         0,0,20181217 19:01:04,4061                          , 9999, 9999, 9999,  101,32767,     0,     0
 ED5.2,0946044535                    ,4061                          ,LUISA FERNAN ALE    ,2425      ,                ,  101,                    ,                              , 0,2,20181217 19:01:05,    0,         0,         0,10866,   82,  101,2,                ,0010000,2, 1,         0,    0,1000000000000000000000000000000000000000,0000000000000000000000010000000000001000,         0,         0,         0,         0,1, 0, 0, 0,6044535                       ,    0,         0,0,20181217 19:01:05,4061                          , 9999, 9999, 9999,  101,32767,     0,     0
 ED5.2,2123505                       ,1334                          ,CAJERO RECAUDO      ,1949      ,                ,  101,                    ,                              , 4,2,20181217 19:01:06,    0,         0,        18,  120,   20,  101,2,                ,0000000,3, 0,         0,    0,0000000000000000000000000000000000000000,0000000000000000000000010000000000000000,         0,         0,         0,         0,1, 0, 0, 0,A800                          ,   18,         0,0,20181217 19:00:48,                              , 9999, 9999, 9999, 9999,32767,     0,     0
 ED5.2,6044535                       ,4061                          ,LUISA FERNAN ALE    ,2425      ,                ,  101,                    ,                              , 0,2,20181217 19:01:13,    0,         0,         0,10445,   15,  101,2,                ,0010000,2, 1,         0,    0,1000000000000000000000000000000000000000,0000000000000000000000010000000000001000,         0,         0,         0,         0,1, 0, 0, 0,6044535                       ,    0,         0,0,20181217 19:01:13,4061                          , 9999, 9999, 9999,  101,32767,     0,     0
 ED5.2,0946044535                    ,4061                          ,LUISA FERNAN ALE    ,2425      ,                ,  101,                    ,                              , 0,2,20181217 19:01:14,    0,         0,         0,10866,   82,  101,2,                ,0010000,2, 1,         0,    0,1000000000000000000000000000000000000000,0000000000000000000000010000000000001000,         0,         0,         0,         0,1, 0, 0, 0,6044535                       ,    0,         0,0,20181217 19:01:14,4061                          , 9999, 9999, 9999,  101,32767,     0,     0
 ED5.2,2031                          ,2039                          ,                    ,4952      ,                ,  101,                    ,                              ,14,0,20181217 19:01:17,    0,         0,       187,65535,65535, 9999,2,                ,0000000,0, 0,         0,    0,0000000000000000000000000000000000000000,0000000000000000000000000000000000000000,         0,         0,         0,         0,1, 0, 0, 0,2031                          ,    0,       187,0,20181217 18:58:10,2039                          ,  101, 9999,  101,  101,    0,     0,     0
 ED5.2,6044535                       ,4061                          ,LUISA FERNAN ALE    ,2425      ,                ,  101,                    ,                              , 0,2,20181217 19:01:17,    0,         0,         0,10445,   15,  101,2,                ,0010000,2, 1,         0,    0,1000000000000000000000000000000000000000,0000000000000000000000010000000000001000,         0,         0,         0,         0,1, 0, 0, 0,6044535                       ,    0,         0,0,20181217 19:01:17,4061                          , 9999, 9999, 9999,  101,32767,     0,     0
 ED5.2,0946044535                    ,4061                          ,LUISA FERNAN ALE    ,2425      ,                ,  101,                    ,                              , 0,2,20181217 19:01:18,    0,         0,         0,10866,   82,  101,2,                ,0010000,2, 1,         0,    0,1000000000000000000000000000000000000000,0000000000000000000000010000000000001000,         0,         0,         0,         0,1, 0, 0, 0,6044535                       ,    0,         0,0,20181217 19:01:18,4061                          , 9999, 9999, 9999,  101,32767,     0,     0
 ED5.2,6044535                       ,4061                          ,LUISA FERNAN ALE    ,2425      ,                ,  101,                    ,                              , 0,2,20181217 19:01:21,    0,         0,         0,10445,   15,  101,2,                ,0010000,2, 1,         0,    0,1000000000000000000000000000000000000000,0000000000000000000000010000000000001000,         0,         0,         0,         0,1, 0, 0, 0,6044535                       ,    0,         0,0,20181217 19:01:21,4061                          , 9999, 9999, 9999,  101,32767,     0,     0
 ED5.2,0946044535                    ,4061                          ,LUISA FERNAN ALE    ,2425      ,                ,  101,                    ,                              , 0,2,20181217 19:01:22,    0,         0,         0,10866,   82,  101,2,                ,0010000,2, 1,         0,    0,1000000000000000000000000000000000000000,0000000000000000000000010000000000001000,         0,         0,         0,         0,1, 0, 0, 0,6044535                       ,    0,         0,0,20181217 19:01:22,4061                          , 9999, 9999, 9999,  101,32767,     0,     0
 ED5.2,1444                          ,1820                          ,                    ,1632      ,                ,  101,                    ,                              ,14,0,20181217 19:01:36,    0,         0,         0,65535,65535, 9999,2,                ,0000000,0, 0,         0,    0,0000000000000000000000000000000000000000,0000000000000000000000000000000000000000,         0,         0,         0,         0,1, 0, 0, 0,1444                          ,    0,         0,0,20181217 19:01:36,1820                          ,  101, 9999,  101,  101,    0,     0,     0
 ED5.2,1820                          ,1239                          ,                    ,1949      ,                ,  101,                    ,                              ,14,0,20181217 19:01:36,    0,         0,       109,65535,65535, 9999,2,                ,0000000,0, 0,         0,    0,0000000000000000000000000000000000000000,0000000000000000000000000000000000000000,         0,         0,         0,         0,1, 0, 0, 0,1032                          ,    0,       109,1,20181217 18:59:47,1239                          ,  101, 9999,  101,  101,    0,     0,     0
 ED5.2,1444                          ,1239                          ,                    ,1949      ,                ,  101,                    ,1820                          ,14,0,20181217 19:01:51,    0,         0,         0,65535,65535, 9999,2,                ,0000000,0, 0,         0,    0,0000000000000000000000000000000000000000,0000000000000000000000000000000000000000,         0,         0,         0,         0,1, 0, 0, 0,                              ,    0,         0,0,20181217 19:01:51,1239                          ,  101,  101, 9999,  101,    0,     0,     0
 ED5.2,1526                          ,1239                          ,                    ,1949      ,                ,  101,                    ,                              ,14,0,20181217 19:02:06,    0,         0,         0,65535,65535, 9999,2,                ,0000000,0, 0,         0,    0,0000000000000000000000000000000000000000,0000000000000000000000000000000000000000,         0,         0,         0,         0,1, 0, 0, 0,1526                          ,    0,         0,1,20181217 19:02:06,1239                          ,  101, 9999,  101,  101,    0,     0,     0
 ED5.2,1244                          ,1820                          ,                    ,1632      ,                ,  101,                    ,                              ,14,0,20181217 19:02:14,    0,         0,         0,65535,65535, 9999,2,                ,0000000,0, 0,         0,    0,0000000000000000000000000000000000000000,0000000000000000000000000000000000000000,         0,         0,         0,         0,1, 0, 0, 0,1244                          ,    0,         0,0,20181217 19:02:14,1820                          ,  101, 9999,  101,  101,    0,     0,     0
 ED5.2,1438                          ,1239                          ,                    ,1949      ,                ,  101,                    ,                              ,14,0,20181217 19:02:22,    0,         0,         0,65535,65535, 9999,2,                ,0000000,0, 0,         0,    0,0000000000000000000000000000000000000000,0000000000000000000000000000000000000000,         0,         0,         0,         0,1, 0, 0, 0,1526                          ,    0,         0,1,20181217 19:02:22,1239                          ,  101, 9999,  101,  101,    0,     0,     0
 ED5.2,1590                          ,1489                          ,                    ,1214      ,                ,  101,                    ,                              ,14,0,20181217 19:02:34,    0,         0,        71,65535,65535, 9999,2,                ,0000000,0, 0,         0,    0,0000000000000000000000000000000000000000,0000000000000000000000000000000000000000,         0,         0,         0,         0,1, 0, 0, 0,1590                          ,    0,        71,0,20181217 19:01:23,1489                          ,  101, 9999,  101,  101,    0,     0,     0
 ED5.2,1526                          ,1239                          ,                    ,1949      ,                ,  101,                    ,                              ,14,0,20181217 19:02:37,    0,         0,         0,65535,65535, 9999,2,                ,0000000,0, 0,         0,    0,0000000000000000000000000000000000000000,0000000000000000000000000000000000000000,         0,         0,         0,         0,1, 0, 0, 0,1526                          ,    0,         0,1,20181217 19:02:37,1239                          ,  101, 9999,  101,  101,    0,     0,     0
 ED5.2,1438                          ,1239                          ,                    ,1949      ,                ,  101,                    ,                              ,14,0,20181217 19:02:53,    0,         0,         0,65535,65535, 9999,2,                ,0000000,0, 0,         0,    0,0000000000000000000000000000000000000000,0000000000000000000000000000000000000000,         0,         0,         0,         0,1, 0, 0, 0,1526                          ,    0,         0,1,20181217 19:02:53,1239                          ,  101, 9999,  101,  101,    0,     0,     0
 ED5.2,4716109                       ,1201                          ,NAYIBE PATRI BOL    ,1949      ,                ,  101,                    ,                              , 4,2,20181217 19:02:53,    0,         0,        54,  120,   20,  101,2,                ,0000000,3, 0,         0,    0,0000000000000000000000000000000000000000,0000000000000000000000010000000000000000,         0,         0,         0,         0,1, 0, 0, 0,A800                          ,   12,        43,0,20181217 19:01:59,                              , 9999, 9999, 9999, 9999,32767,     0,     0
 ED5.2,1526                          ,1239                          ,                    ,1949      ,                ,  101,                    ,                              ,14,0,20181217 19:03:08,    0,         0,         0,65535,65535, 9999,2,                ,0000000,0, 0,         0,    0,0000000000000000000000000000000000000000,0000000000000000000000000000000000000000,         0,         0,         0,         0,1, 0, 0, 0,1526                          ,    0,         0,1,20181217 19:03:08,1239                          ,  101, 9999,  101,  101,    0,     0,     0
 ED5.2,3138239063                    ,3103                          ,WILLIAM FERN ZAM    ,1979      ,                ,  101,                    ,                              , 0,1,20181217 19:03:11,    0,         0,       242,  378,   21,  101,2,                ,0010000,0, 0,         0,    0,0000000000000000000000000000000000000000,0000000000000000000000010000000000001000,         0,         0,         0,         0,1, 0, 0, 0,033138239063                  ,    0,         0,0,20181217 18:59:09,3103                          , 9999, 9999, 9999,  101,32767,     0,     0
 ED5.2,1438                          ,1239                          ,                    ,1949      ,                ,  101,                    ,                              ,14,0,20181217 19:03:24,    0,         0,         0,65535,65535, 9999,2,                ,0000000,0, 0,         0,    0,0000000000000000000000000000000000000000,0000000000000000000000000000000000000000,         0,         0,         0,         0,1, 0, 0, 0,1526                          ,    0,         0,1,20181217 19:03:24,1239                          ,  101, 9999,  101,  101,    0,     0,     0
 ED5.2,1355                          ,1441                          ,                    ,1632      ,                ,  101,                    ,                              ,14,0,20181217 19:03:24,    0,         0,       155,65535,65535, 9999,2,                ,0000000,0, 0,         0,    0,0000000000000000000000000000000000000000,0000000000000000000000000000000000000000,         0,         0,         0,         0,1, 0, 0, 0,1355                          ,    0,       155,0,20181217 19:00:49,1441                          ,  101, 9999,  101,  101,    0,     0,     0
 ED5.2,1526                          ,1239                          ,                    ,1949      ,                ,  101,                    ,                              ,14,0,20181217 19:03:39,    0,         0,         0,65535,65535, 9999,2,                ,0000000,0, 0,         0,    0,0000000000000000000000000000000000000000,0000000000000000000000000000000000000000,         0,         0,         0,         0,1, 0, 0, 0,1526                          ,    0,         0,1,20181217 19:03:39,1239                          ,  101, 9999,  101,  101,    0,     0,     0
 ED5.2,------------------------------,******************************,                    ,**********,                ,  101,                    ,******************************, 4,2,20181217 19:03:50,    0,         0,        30,10866,   82,  101,2,                ,0000000,2, 0,         0,    0,0000000000000000000000000000000000000000,0000000000000000000000010000000000000000,         0,         0,         0,         0,1, 0, 0, 0,------------------------------,   28,         2,1,20181217 19:03:20,******************************, 9999, 9999, 9999, 9999,32767,     0,     0
 ED5.2,1438                          ,1239                          ,                    ,1949      ,                ,  101,                    ,                              ,14,0,20181217 19:03:55,    0,         0,         0,65535,65535, 9999,2,                ,0000000,0, 0,         0,    0,0000000000000000000000000000000000000000,0000000000000000000000000000000000000000,         0,         0,         0,         0,1, 0, 0, 0,1526                          ,    0,         0,1,20181217 19:03:55,1239                          ,  101, 9999,  101,  101,    0,     0,     0
 ED5.2,1526                          ,1239                          ,                    ,1949      ,                ,  101,                    ,                              ,14,0,20181217 19:04:10,    0,         0,         0,65535,65535, 9999,2,                ,0000000,0, 0,         0,    0,0000000000000000000000000000000000000000,0000000000000000000000000000000000000000,         0,         0,         0,         0,1, 0, 0, 0,1526                          ,    0,         0,1,20181217 19:04:10,1239                          ,  101, 9999,  101,  101,    0,     0,     0
 ED5.2,1438                          ,1239                          ,                    ,1949      ,                ,  101,                    ,                              ,14,0,20181217 19:04:26,    0,         0,         0,65535,65535, 9999,2,                ,0000000,0, 0,         0,    0,0000000000000000000000000000000000000000,0000000000000000000000000000000000000000,         0,         0,         0,         0,1, 0, 0, 0,1526                          ,    0,         0,1,20181217 19:04:26,1239                          ,  101, 9999,  101,  101,    0,     0,     0
 ED5.2,3117362033                    ,4074                          ,MIGUEL ANGEL LOP    ,2952      ,                ,  101,                    ,                              , 0,2,20181217 19:04:29,    0,         0,         0,10349,   66,  101,2,                ,0010000,2, 1,         0,    0,1000000000000000000000000000000000000000,0000000000000000000000010000000000001000,         0,         0,         0,         0,1, 0, 0, 0,033117362033                  ,    0,         0,0,20181217 19:04:29,4074                          , 9999, 9999, 9999,  101,32767,     0,     0
 ED5.2,6044535                       ,4061                          ,LUISA FERNAN ALE    ,2425      ,                ,  101,                    ,                              , 0,2,20181217 19:04:32,    0,         0,         0,10445,   15,  101,2,                ,0010000,2, 1,         0,    0,1000000000000000000000000000000000000000,0000000000000000000000010000000000001000,         0,         0,         0,         0,1, 0, 0, 0,6044535                       ,    0,         0,0,20181217 19:04:32,4061                          , 9999, 9999, 9999,  101,32767,     0,     0
 ED5.2,0946044535                    ,4061                          ,LUISA FERNAN ALE    ,2425      ,                ,  101,                    ,                              , 0,2,20181217 19:04:33,    0,         0,         0,10866,   82,  101,2,                ,0010000,2, 1,         0,    0,1000000000000000000000000000000000000000,0000000000000000000000010000000000001000,         0,         0,         0,         0,1, 0, 0, 0,6044535                       ,    0,         0,0,20181217 19:04:33,4061                          , 9999, 9999, 9999,  101,32767,     0,     0
 ED5.2,6044535                       ,4061                          ,LUISA FERNAN ALE    ,2425      ,                ,  101,                    ,                              , 0,2,20181217 19:04:37,    0,         0,         0,10445,   15,  101,2,                ,0010000,2, 1,         0,    0,1000000000000000000000000000000000000000,0000000000000000000000010000000000001000,         0,         0,         0,         0,1, 0, 0, 0,6044535                       ,    0,         0,0,20181217 19:04:37,4061                          , 9999, 9999, 9999,  101,32767,     0,     0
 ED5.2,0946044535                    ,4061                          ,LUISA FERNAN ALE    ,2425      ,                ,  101,                    ,                              , 0,2,20181217 19:04:38,    0,         0,         0,10866,   82,  101,2,                ,0010000,2, 1,         0,    0,1000000000000000000000000000000000000000,0000000000000000000000010000000000001000,         0,         0,         0,         0,1, 0, 0, 0,6044535                       ,    0,         0,0,20181217 19:04:38,4061                          , 9999, 9999, 9999,  101,32767,     0,     0
 ED5.2,6044535                       ,4061                          ,LUISA FERNAN ALE    ,2425      ,                ,  101,                    ,                              , 0,2,20181217 19:04:40,    0,         0,         0,10445,   15,  101,2,                ,0010000,2, 1,         0,    0,1000000000000000000000000000000000000000,0000000000000000000000010000000000001000,         0,         0,         0,         0,1, 0, 0, 0,6044535                       ,    0,         0,0,20181217 19:04:40,4061                          , 9999, 9999, 9999,  101,32767,     0,     0
 ED5.2,1526                          ,1239                          ,                    ,1949      ,                ,  101,                    ,                              ,14,0,20181217 19:04:41,    0,         0,         0,65535,65535, 9999,2,                ,0000000,0, 0,         0,    0,0000000000000000000000000000000000000000,0000000000000000000000000000000000000000,         0,         0,         0,         0,1, 0, 0, 0,1526                          ,    0,         0,1,20181217 19:04:41,1239                          ,  101, 9999,  101,  101,    0,     0,     0
 ED5.2,0946044535                    ,4061                          ,LUISA FERNAN ALE    ,2425      ,                ,  101,                    ,                              , 0,2,20181217 19:04:41,    0,         0,         0,10866,   82,  101,2,                ,0010000,2, 1,         0,    0,1000000000000000000000000000000000000000,0000000000000000000000010000000000001000,         0,         0,         0,         0,1, 0, 0, 0,6044535                       ,    0,         0,0,20181217 19:04:41,4061                          , 9999, 9999, 9999,  101,32767,     0,     0
 ED5.2,1438                          ,1239                          ,                    ,1949      ,                ,  101,                    ,                              ,14,0,20181217 19:04:57,    0,         0,         0,65535,65535, 9999,2,                ,0000000,0, 0,         0,    0,0000000000000000000000000000000000000000,0000000000000000000000000000000000000000,         0,         0,         0,         0,1, 0, 0, 0,1526                          ,    0,         0,1,20181217 19:04:57,1239                          ,  101, 9999,  101,  101,    0,     0,     0
 ED5.2,3077027                       ,1569                          ,MAURICIO RENGIFO    ,1355      ,                ,  101,                    ,                              , 0,2,20181217 19:04:57,    0,         0,       576,10002,   11,  101,2,                ,0010000,2, 1,         0,    0,1000000000000000000000000000000000000000,0000000000000000000000010000000000001000,         0,         0,         0,         0,1, 0, 0, 0,3077027                       ,    0,         0,0,20181217 18:55:21,1569                          , 9999, 9999, 9999,  101,32767,     0,     0
 ED5.2,1526                          ,1239                          ,                    ,1949      ,                ,  101,                    ,                              ,14,0,20181217 19:04:57,    0,         0,         0,65535,65535, 9999,2,                ,0000000,0, 0,         0,    0,0000000000000000000000000000000000000000,0000000000000000000000000000000000000000,         0,         0,         0,         0,1, 0, 0, 0,1526                          ,    0,         0,1,20181217 19:04:57,1239                          ,  101, 9999,  101,  101,    0,     0,     0
 ED5.2,5138                          ,5108                          ,                    ,3952      ,                ,  101,                    ,                              ,14,0,20181217 19:05:07,    0,         0,        56,65535,65535, 9999,2,                ,0000000,0, 0,         0,    0,0000000000000000000000000000000000000000,0000000000000000000000000000000000000000,         0,         0,         0,         0,1, 0, 0, 0,5138                          ,    0,        56,0,20181217 19:04:11,5108                          ,  101, 9999,  101,  101,    0,     0,     0
 ED5.2,------------------------------,******************************,                    ,**********,                ,  101,                    ,******************************, 4,2,20181217 19:05:28,    0,         0,        29,10866,   82,  101,2,                ,0000000,2, 0,         0,    0,0000000000000000000000000000000000000000,0000000000000000000000010000000000000000,         0,         0,         0,         0,1, 0, 0, 0,------------------------------,   25,         5,1,20181217 19:04:59,******************************, 9999, 9999, 9999, 9999,32767,     0,     0
 ED5.2,5170051                       ,1024                          ,DANIEL ANDRE TAN    ,1638      ,                ,  101,                    ,                              , 0,2,20181217 19:06:25,    0,         0,       536,10001,   11,  101,2,                ,0010000,2, 1,         0,    0,1000000000000000000000000000000000000000,0000000000000000000000010000000000001000,         0,         0,         0,         0,1, 0, 0, 0,5170051                       ,    0,         0,0,20181217 18:57:29,1024                          , 9999, 9999, 9999,  101,32767,     0,     0
 ED5.2,6044535                       ,4040                          ,YURLEY VANES GUA    ,2425      ,                ,  101,                    ,                              , 0,2,20181217 19:07:40,    0,         0,         0,10445,   15,  101,2,                ,0010000,2, 1,         0,    0,1000000000000000000000000000000000000000,0000000000000000000000010000000000001000,         0,         0,         0,         0,1, 0, 0, 0,6044535                       ,    0,         0,0,20181217 19:07:40,4040                          , 9999, 9999, 9999,  101,32767,     0,     0
 ED5.2,0946044535                    ,4040                          ,YURLEY VANES GUA    ,2425      ,                ,  101,                    ,                              , 0,2,20181217 19:07:41,    0,         0,         0,10866,   82,  101,2,                ,0010000,2, 1,         0,    0,1000000000000000000000000000000000000000,0000000000000000000000010000000000001000,         0,         0,         0,         0,1, 0, 0, 0,6044535                       ,    0,         0,0,20181217 19:07:41,4040                          , 9999, 9999, 9999,  101,32767,     0,     0
 ED5.2,3214005236                    ,1120                          ,LUISA LEONOR MAR    ,1154      ,                ,  101,                    ,                              , 0,2,20181217 19:08:03,    0,         0,       157,10349,   66,  101,2,                ,0010000,2, 1,         0,    0,1000000000000000000000000000000000000000,0000000000000000000000010000000000001000,         0,         0,         0,         0,1, 0, 0, 0,033214005236                  ,    0,         0,0,20181217 19:05:26,1120                          , 9999, 9999, 9999,  101,32767,     0,     0
 ED5.2,3125597797                    ,1120                          ,LUISA LEONOR MAR    ,1154      ,                ,  101,                    ,                              , 0,2,20181217 19:08:27,    0,         0,         0,10349,   66,  101,2,                ,0010000,2, 1,         0,    0,1000000000000000000000000000000000000000,0000000000000000000000010000000000001000,         0,         0,         0,         0,1, 0, 0, 0,033125597797                  ,    0,         0,0,20181217 19:08:27,1120                          , 9999, 9999, 9999,  101,32767,     0,     0
 ED5.2,033125597797                  ,1120                          ,LUISA LEONOR MAR    ,1154      ,                ,  101,                    ,                              , 0,2,20181217 19:08:48,    0,         0,         2,10866,   82,  101,2,                ,0010000,2, 1,         0,    0,1000000000000000000000000000000000000000,0000000000000000000000010000000000001000,         0,         0,         0,         0,1, 0, 0, 0,033125597797                  ,    0,         0,0,20181217 19:08:46,1120                          , 9999, 9999, 9999,  101,32767,     0,     0
 ED5.2,033125597797                  ,1120                          ,LUISA LEONOR MAR    ,1154      ,                ,  101,                    ,                              , 0,2,20181217 19:09:02,    0,         0,         0,10866,   82,  101,2,                ,0010000,2, 1,         0,    0,1000000000000000000000000000000000000000,0000000000000000000000010000000000001000,         0,         0,         0,         0,1, 0, 0, 0,033125597797                  ,    0,         0,0,20181217 19:09:02,1120                          , 9999, 9999, 9999,  101,32767,     0,     0
 ED5.2,3224                          ,3338                          ,                    ,1979      ,                ,  101,                    ,                              ,14,0,20181217 19:09:24,    0,         0,       449,65535,65535, 9999,2,                ,0000000,0, 0,         0,    0,0000000000000000000000000000000000000000,0000000000000000000000000000000000000000,         0,         0,         0,         0,1, 0, 0, 0,3224                          ,    0,       449,0,20181217 19:01:55,3338                          ,  101, 9999,  101,  101,    0,     0,     0
 ED5.2,3036370                       ,3104                          ,VIVIANA ANDR MAR    ,1979      ,                ,  101,                    ,                              , 4,2,20181217 19:09:43,    0,         0,        40,10866,   82,  101,2,                ,0000000,2, 0,         0,    0,0000000000000000000000000000000000000000,0000000000000000000000010000000000000000,         0,         0,         0,         0,1, 0, 0, 0,A500                          ,   27,        14,1,20181217 19:09:03,                              , 9999, 9999, 9999, 9999,32767,     0,     0
 ED5.2,1820                          ,1583                          ,                    ,1215      ,                ,  101,                    ,                              ,14,0,20181217 19:11:30,    0,         0,       542,65535,65535, 9999,2,                ,0000000,0, 0,         0,    0,0000000000000000000000000000000000000000,0000000000000000000000000000000000000000,         0,         0,         0,         0,1, 0, 0, 0,1820                          ,    0,       542,0,20181217 19:02:28,1583                          ,  101, 9999,  101,  101,    0,     0,     0
 ED5.2,663204947026                  ,1119                          ,CAJA 24             ,1949      ,                ,  101,                    ,                              , 4,2,20181217 19:11:54,    0,         0,       221,  120,   20,  101,2,                ,0000000,2, 1,         0,    0,0000000000000000000000000000000000000000,0000000000000000000000010000000000000000,         0,         0,         0,         0,1, 0, 0, 0,A800                          ,    6,       215,0,20181217 19:08:13,                              , 9999, 9999, 9999, 9999,32767,     0,     0
 ED5.2,3344030                       ,4027                          ,LILIANA MARIN RI    ,1952      ,                ,  101,                    ,                              , 0,2,20181217 19:12:45,    0,         0,        17,10445,   15,  101,2,                ,0010000,2, 1,         0,    0,1000000000000000000000000000000000000000,0000000000000000000000010000000000001000,         0,         0,         0,         0,1, 0, 0, 0,3344030                       ,    0,         0,0,20181217 19:12:28,4027                          , 9999, 9999, 9999,  101,32767,     0,     0
 ED5.2,3214005236                    ,1120                          ,LUISA LEONOR MAR    ,1154      ,                ,  101,                    ,                              , 0,2,20181217 19:14:01,    0,         0,       276,10349,   66,  101,2,                ,0010000,2, 1,         0,    0,1000000000000000000000000000000000000000,0000000000000000000000010000000000001000,         0,         0,         0,         0,1, 0, 0, 0,033214005236                  ,    0,         0,0,20181217 19:09:25,1120                          , 9999, 9999, 9999,  101,32767,     0,     0
 ED5.2,6604869                       ,1150                          ,LINA VANESA GALI    ,1952      ,                ,  101,                    ,                              , 0,2,20181217 19:14:56,    0,         0,       465,10001,   11,  101,2,                ,0010000,2, 1,         0,    0,1000000000000000000000000000000000000000,0000000000000000000000010000000000001000,         0,         0,         0,         0,1, 0, 0, 0,6604869                       ,    0,         0,0,20181217 19:07:11,1150                          , 9999, 9999, 9999,  101,32767,     0,     0
 ED5.2,6044535                       ,4040                          ,YURLEY VANES GUA    ,2425      ,                ,  101,                    ,                              , 0,2,20181217 19:16:34,    0,         0,         0,10445,   15,  101,2,                ,0010000,2, 1,         0,    0,1000000000000000000000000000000000000000,0000000000000000000000010000000000001000,         0,         0,         0,         0,1, 0, 0, 0,6044535                       ,    0,         0,0,20181217 19:16:34,4040                          , 9999, 9999, 9999,  101,32767,     0,     0
 ED5.2,0946044535                    ,4040                          ,YURLEY VANES GUA    ,2425      ,                ,  101,                    ,                              , 0,2,20181217 19:16:35,    0,         0,         0,10867,   82,  101,2,                ,0010000,2, 1,         0,    0,1000000000000000000000000000000000000000,0000000000000000000000010000000000001000,         0,         0,         0,         0,1, 0, 0, 0,6044535                       ,    0,         0,0,20181217 19:16:35,4040                          , 9999, 9999, 9999,  101,32767,     0,     0
 ED5.2,1420                          ,1583                          ,                    ,1215      ,                ,  101,                    ,                              ,14,0,20181217 19:16:59,    0,         0,       157,65535,65535, 9999,2,                ,0000000,0, 0,         0,    0,0000000000000000000000000000000000000000,0000000000000000000000000000000000000000,         0,         0,         0,         0,1, 0, 0, 0,1420                          ,    0,       157,0,20181217 19:14:22,1583                          ,  101, 9999,  101,  101,    0,     0,     0
 ED5.2,1820                          ,1583                          ,                    ,1215      ,                ,  101,                    ,                              ,14,0,20181217 19:17:21,    0,         0,         0,65535,65535, 9999,2,                ,0000000,0, 0,         0,    0,0000000000000000000000000000000000000000,0000000000000000000000000000000000000000,         0,         0,         0,         0,1, 0, 0, 0,1820                          ,    0,         0,0,20181217 19:17:21,1583                          ,  101, 9999,  101,  101,    0,     0,     0
 ED5.2,1821                          ,1583                          ,                    ,1215      ,                ,  101,                    ,                              ,14,0,20181217 19:17:25,    0,         0,         0,65535,65535, 9999,2,                ,0000000,0, 0,         0,    0,0000000000000000000000000000000000000000,0000000000000000000000000000000000000000,         0,         0,         0,         0,1, 0, 0, 0,1820                          ,    0,         0,1,20181217 19:17:25,1583                          ,  101, 9999,  101,  101,    0,     0,     0
 ED5.2,4719724                       ,1228                          ,COORD PROCES ADI    ,1949      ,                ,  101,                    ,                              , 0,2,20181217 19:17:30,    0,         0,       120,10866,   82,  101,2,                ,0010000,2, 1,         0,    0,1000000000000000000000000000000000000000,0000000000000000000000010000000000001000,         0,         0,         0,         0,1, 0, 0, 0,4719724                       ,    0,         0,0,20181217 19:15:30,1228                          , 9999, 9999, 9999,  101,32767,     0,     0
 ED5.2,1443                          ,1583                          ,                    ,1215      ,                ,  101,                    ,                              ,14,0,20181217 19:17:52,    0,         0,        21,65535,65535, 9999,2,                ,0000000,0, 0,         0,    0,0000000000000000000000000000000000000000,0000000000000000000000000000000000000000,         0,         0,         0,         0,1, 0, 0, 0,1443                          ,    0,        21,0,20181217 19:17:31,1583                          ,  101, 9999,  101,  101,    0,     0,     0
 ED5.2,1820                          ,1443                          ,                    ,1632      ,                ,  101,                    ,                              ,14,0,20181217 19:18:09,    0,         0,         2,65535,65535, 9999,2,                ,0000000,0, 0,         0,    0,0000000000000000000000000000000000000000,0000000000000000000000000000000000000000,         0,         0,         0,         0,1, 0, 0, 0,1820                          ,    0,         2,0,20181217 19:18:07,1443                          ,  101, 9999,  101,  101,    0,     0,     0
 ED5.2,1443                          ,1583                          ,                    ,1215      ,                ,  101,                    ,                              ,14,0,20181217 19:18:09,    0,         0,        17,65535,65535, 9999,2,                ,0000000,0, 0,         0,    0,0000000000000000000000000000000000000000,0000000000000000000000000000000000000000,         0,         0,         0,         0,1, 0, 0, 0,1443                          ,    0,        17,0,20181217 19:17:52,1583                          ,  101, 9999,  101,  101,    0,     0,     0
 ED5.2,4052                          ,4021                          ,                    ,2843      ,                ,  101,                    ,                              ,14,0,20181217 19:18:15,    0,         0,         0,65535,65535, 9999,2,                ,0000000,0, 0,         0,    0,0000000000000000000000000000000000000000,0000000000000000000000000000000000000000,         0,         0,         0,         0,1, 0, 0, 0,4052                          ,    0,         0,0,20181217 19:18:15,4021                          ,  101, 9999,  101,  101,    0,     0,     0
 ED5.2,6430669                       ,5204                          ,IRINA PAOLA INSI    ,7952      ,                ,  101,                    ,                              , 0,2,20181217 19:18:39,    0,         0,         0,11485,  219,  101,2,                ,0000000,2, 1,         0,    0,1000000000000000000000000000000000000000,0000000000000000000000010000000000001000,         0,         0,         0,         0,1, 0, 0,19,6430669                       ,    0,         0,0,20181217 19:18:39,5204                          , 9999, 9999, 9999,  101,32767,     0,     0
 ED5.2,6460669                       ,5204                          ,IRINA PAOLA INSI    ,7952      ,                ,  101,                    ,                              , 0,2,20181217 19:18:47,    0,         0,         0,11485,  219,  101,2,                ,0000000,2, 1,         0,    0,1000000000000000000000000000000000000000,0000000000000000000000010000000000001000,         0,         0,         0,         0,1, 0, 0,19,6460669                       ,    0,         0,0,20181217 19:18:47,5204                          , 9999, 9999, 9999,  101,32767,     0,     0
 ED5.2,1820                          ,1583                          ,                    ,1215      ,                ,  101,                    ,1443                          ,14,0,20181217 19:19:00,    0,         0,        51,65535,65535, 9999,2,                ,0000000,0, 0,         0,    0,0000000000000000000000000000000000000000,0000000000000000000000000000000000000000,         0,         0,         0,         0,1, 0, 0, 0,                              ,    0,        51,0,20181217 19:18:09,1583                          ,  101,  101, 9999,  101,    0,     0,     0
 ED5.2,6420669                       ,5204                          ,IRINA PAOLA INSI    ,7952      ,                ,  101,                    ,                              , 0,2,20181217 19:19:26,    0,         0,        26,11485,  219,  101,2,                ,0000000,2, 1,         0,    0,1000000000000000000000000000000000000000,0000000000000000000000010000000000001000,         0,         0,         0,         0,1, 0, 0,19,6420669                       ,    0,         0,0,20181217 19:19:00,5204                          , 9999, 9999, 9999,  101,32767,     0,     0
 ED5.2,3252                          ,1053                          ,                    ,1364      ,                ,  101,                    ,                              ,14,0,20181217 19:19:35,    0,         0,        28,65535,65535, 9999,2,                ,0000000,0, 0,         0,    0,0000000000000000000000000000000000000000,0000000000000000000000000000000000000000,         0,         0,         0,         0,1, 0, 0, 0,3252                          ,    0,        28,0,20181217 19:19:07,1053                          ,  101, 9999,  101,  101,    0,     0,     0
 ED5.2,88                            ,1289                          ,                    ,1318      ,                ,  101,                    ,                              ,14,0,20181217 19:19:55,    0,         0,        59,65535,65535, 9999,2,                ,0000000,0, 0,         0,    0,0000000000000000000000000000000000000000,0000000000000000000000000000000000000000,         0,         0,         0,         0,1, 0, 0, 0,88                            ,    0,        59,0,20181217 19:18:56,1289                          ,  101, 9999,  101,  101,    0,     0,     0
 ED5.2,4040                          ,4053                          ,                    ,2318      ,                ,  101,                    ,                              ,14,0,20181217 19:20:13,    0,         0,         0,65535,65535, 9999,2,                ,0000000,0, 0,         0,    0,0000000000000000000000000000000000000000,0000000000000000000000000000000000000000,         0,         0,         0,         0,1, 0, 0, 0,4040                          ,    0,         0,0,20181217 19:20:13,4053                          ,  101, 9999,  101,  101,    0,     0,     0
 ED5.2,1447                          ,1177                          ,                    ,1952      ,                ,  101,                    ,                              ,14,0,20181217 19:20:28,    0,         0,         0,65535,65535, 9999,2,                ,0000000,0, 0,         0,    0,0000000000000000000000000000000000000000,0000000000000000000000000000000000000000,         0,         0,         0,         0,1, 0, 0, 0,1447                          ,    0,         0,0,20181217 19:20:28,1177                          ,  101, 9999,  101,  101,    0,     0,     0
 ED5.2,4061                          ,4053                          ,                    ,2318      ,                ,  101,                    ,                              ,14,0,20181217 19:20:40,    0,         0,         6,65535,65535, 9999,2,                ,0000000,0, 0,         0,    0,0000000000000000000000000000000000000000,0000000000000000000000000000000000000000,         0,         0,         0,         0,1, 0, 0, 0,4061                          ,    0,         6,0,20181217 19:20:34,4053                          ,  101, 9999,  101,  101,    0,     0,     0
 ED5.2,3252                          ,3117                          ,                    ,1741      ,                ,  101,                    ,                              ,14,0,20181217 19:22:26,    0,         0,        39,65535,65535, 9999,2,                ,0000000,0, 0,         0,    0,0000000000000000000000000000000000000000,0000000000000000000000000000000000000000,         0,         0,         0,         0,1, 0, 0, 0,3252                          ,    0,        39,0,20181217 19:21:47,3117                          ,  101, 9999,  101,  101,    0,     0,     0
 ED5.2,2031                          ,2039                          ,                    ,4952      ,                ,  101,                    ,                              ,14,0,20181217 19:22:27,    0,         0,        11,65535,65535, 9999,2,                ,0000000,0, 0,         0,    0,0000000000000000000000000000000000000000,0000000000000000000000000000000000000000,         0,         0,         0,         0,1, 0, 0, 0,2031                          ,    0,        11,0,20181217 19:22:16,2039                          ,  101, 9999,  101,  101,    0,     0,     0
 ED5.2,6398080                       ,FS082                         ,SIPsalida           ,          ,                ,  101,                    ,                              , 4,2,20181217 19:22:43,    0,         0,        34,10866,   82,  101,2,                ,0000000,2, 0,         0,    0,0000000000000000000000000000000000000000,0000000000000000000000010000000000000000,         0,         0,         0,         0,1, 0, 0, 0,A500                          ,   35,         0,1,20181217 19:22:09,                              , 9999, 9999, 9999, 9999,32767,     0,     0
 ED5.2,1273                          ,1733                          ,                    ,1945      ,                ,  101,                    ,                              ,14,0,20181217 19:24:23,    0,         0,        54,65535,65535, 9999,2,                ,0000000,0, 0,         0,    0,0000000000000000000000000000000000000000,0000000000000000000000000000000000000000,         0,         0,         0,         0,1, 0, 0, 0,1273                          ,    0,        54,0,20181217 19:23:29,1733                          ,  101, 9999,  101,  101,    0,     0,     0
 ED5.2,1820                          ,1583                          ,                    ,1215      ,                ,  101,                    ,                              ,14,0,20181217 19:25:32,    0,         0,         8,65535,65535, 9999,2,                ,0000000,0, 0,         0,    0,0000000000000000000000000000000000000000,0000000000000000000000000000000000000000,         0,         0,         0,         0,1, 0, 0, 0,1820                          ,    0,         8,0,20181217 19:25:24,1583                          ,  101, 9999,  101,  101,    0,     0,     0
 ED5.2,1380                          ,1177                          ,                    ,1952      ,                ,  101,                    ,                              ,14,0,20181217 19:26:22,    0,         0,         6,65535,65535, 9999,2,                ,0000000,0, 0,         0,    0,0000000000000000000000000000000000000000,0000000000000000000000000000000000000000,         0,         0,         0,         0,1, 0, 0, 0,1380                          ,    0,         6,0,20181217 19:26:16,1177                          ,  101, 9999,  101,  101,    0,     0,     0
 ED5.2,6604862                       ,1536                          ,YESENIA ORJUELA     ,1161      ,                ,  101,                    ,                              , 0,2,20181217 19:27:59,    0,         0,         0,10003,   11,  101,2,                ,0010000,2, 1,         0,    0,1000000000000000000000000000000000000000,0000000000000000000000010000000000001000,         0,         0,         0,         0,1, 0, 0, 0,6604862                       ,    0,         0,0,20181217 19:27:59,1536                          , 9999, 9999, 9999,  101,32767,     0,     0
 ED5.2,6604862                       ,1536                          ,YESENIA ORJUELA     ,1161      ,                ,  101,                    ,                              , 0,2,20181217 19:28:05,    0,         0,         0,  120,   20,  101,2,                ,0010000,2, 1,         0,    0,1000000000000000000000000000000000000000,0000000000000000000000010000000000001000,         0,         0,         0,         0,1, 0, 0, 0,6604862                       ,    0,         0,0,20181217 19:28:05,1536                          , 9999, 9999, 9999,  101,32767,     0,     0
 ED5.2,6604862                       ,1536                          ,YESENIA ORJUELA     ,1161      ,                ,  101,                    ,                              , 0,2,20181217 19:28:21,    0,         0,         0,  120,   20,  101,2,                ,0010000,2, 1,         0,    0,1000000000000000000000000000000000000000,0000000000000000000000010000000000001000,         0,         0,         0,         0,1, 0, 0, 0,6604862                       ,    0,         0,0,20181217 19:28:21,1536                          , 9999, 9999, 9999,  101,32767,     0,     0
 ED5.2,6604869                       ,1397                          ,SANTIAGO RAMIREZ    ,1952      ,                ,  101,                    ,                              , 0,2,20181217 19:29:56,    0,         0,       174,10002,   11,  101,2,                ,0010000,2, 1,         0,    0,1000000000000000000000000000000000000000,0000000000000000000000010000000000001000,         0,         0,         0,         0,1, 0, 0, 0,6604869                       ,    0,         0,0,20181217 19:27:02,1397                          , 9999, 9999, 9999,  101,32767,     0,     0
 ED5.2,1387                          ,1747                          ,                    ,1952      ,                ,  101,                    ,                              ,14,0,20181217 19:30:04,    0,         0,        20,65535,65535, 9999,2,                ,0000000,0, 0,         0,    0,0000000000000000000000000000000000000000,0000000000000000000000000000000000000000,         0,         0,         0,         0,1, 0, 0, 0,1387                          ,    0,        20,0,20181217 19:29:44,1747                          ,  101, 9999,  101,  101,    0,     0,     0
 ED5.2,9072500                       ,1517                          ,VIVIANA MARC HOR    ,1952      ,                ,  101,                    ,                              , 0,2,20181217 19:30:26,    0,         0,       208,10001,   11,  101,2,                ,0010000,2, 1,         0,    0,1000000000000000000000000000000000000000,0000000000000000000000010000000000001000,         0,         0,         0,         0,1, 0, 0, 0,9072500                       ,    0,         0,0,20181217 19:26:58,1517                          , 9999, 9999, 9999,  101,32767,     0,     0
 ED5.2,1856                          ,1381                          ,                    ,1952      ,                ,  101,                    ,                              ,14,0,20181217 19:30:45,    0,         0,        60,65535,65535, 9999,2,                ,0000000,0, 0,         0,    0,0000000000000000000000000000000000000000,0000000000000000000000000000000000000000,         0,         0,         0,         0,1, 0, 0, 0,1856                          ,    0,        60,0,20181217 19:29:45,1381                          ,  101, 9999,  101,  101,    0,     0,     0
 ED5.2,1590                          ,1489                          ,                    ,1214      ,                ,  101,                    ,                              ,14,0,20181217 19:30:48,    0,         0,        11,65535,65535, 9999,2,                ,0000000,0, 0,         0,    0,0000000000000000000000000000000000000000,0000000000000000000000000000000000000000,         0,         0,         0,         0,1, 0, 0, 0,1590                          ,    0,        11,0,20181217 19:30:37,1489                          ,  101, 9999,  101,  101,    0,     0,     0
 ED5.2,1228                          ,1005                          ,                    ,1949      ,                ,  101,                    ,                              ,14,0,20181217 19:31:17,    0,         0,        31,65535,65535, 9999,2,                ,0000000,0, 0,         0,    0,0000000000000000000000000000000000000000,0000000000000000000000000000000000000000,         0,         0,         0,         0,1, 0, 0, 0,1228                          ,    0,        31,0,20181217 19:30:46,1005                          ,  101, 9999,  101,  101,    0,     0,     0
 ED5.2,1397                          ,1388                          ,                    ,1952      ,                ,  101,                    ,                              ,14,0,20181217 19:31:40,    0,         0,        32,65535,65535, 9999,2,                ,0000000,0, 0,         0,    0,0000000000000000000000000000000000000000,0000000000000000000000000000000000000000,         0,         0,         0,         0,1, 0, 0, 0,1397                          ,    0,        32,0,20181217 19:31:08,1388                          ,  101, 9999,  101,  101,    0,     0,     0
 ED5.2,1502                          ,1388                          ,                    ,1952      ,                ,  101,                    ,                              ,14,0,20181217 19:31:52,    0,         0,         0,65535,65535, 9999,2,                ,0000000,0, 0,         0,    0,0000000000000000000000000000000000000000,0000000000000000000000000000000000000000,         0,         0,         0,         0,1, 0, 0, 0,1502                          ,    0,         0,0,20181217 19:31:52,1388                          ,  101, 9999,  101,  101,    0,     0,     0
 ED5.2,------------------------------,******************************,                    ,**********,                ,  101,                    ,******************************, 4,2,20181217 19:32:03,    0,         0,        20,10866,   82,  101,2,                ,0000000,2, 0,         0,    0,0000000000000000000000000000000000000000,0000000000000000000000010000000000000000,         0,         0,         0,         0,1, 0, 0, 0,------------------------------,   17,         4,1,20181217 19:31:43,******************************, 9999, 9999, 9999, 9999,32767,     0,     0
 ED5.2,1420                          ,1515                          ,                    ,1215      ,                ,  101,                    ,                              ,14,0,20181217 19:32:17,    0,         0,         0,65535,65535, 9999,2,                ,0000000,0, 0,         0,    0,0000000000000000000000000000000000000000,0000000000000000000000000000000000000000,         0,         0,         0,         0,1, 0, 0, 0,1420                          ,    0,         0,0,20181217 19:32:17,1515                          ,  101, 9999,  101,  101,    0,     0,     0
 ED5.2,1590                          ,1489                          ,                    ,1214      ,                ,  101,                    ,                              ,14,0,20181217 19:32:20,    0,         0,        14,65535,65535, 9999,2,                ,0000000,0, 0,         0,    0,0000000000000000000000000000000000000000,0000000000000000000000000000000000000000,         0,         0,         0,         0,1, 0, 0, 0,1590                          ,    0,        14,0,20181217 19:32:06,1489                          ,  101, 9999,  101,  101,    0,     0,     0
 ED5.2,6604869                       ,1536                          ,YESENIA ORJUELA     ,1161      ,                ,  101,                    ,                              , 0,2,20181217 19:32:25,    0,         0,       145,10003,   11,  101,2,                ,0010000,2, 1,         0,    0,1000000000000000000000000000000000000000,0000000000000000000000010000000000001000,         0,         0,         0,         0,1, 0, 0, 0,6604869                       ,    0,         0,0,20181217 19:30:00,1536                          , 9999, 9999, 9999,  101,32767,     0,     0
 ED5.2,6398080                       ,FS020                         ,ETB                 ,          ,                ,  101,                    ,                              , 4,2,20181217 19:32:32,    0,         0,        19,  120,   20,  101,2,                ,0000000,2, 0,         0,    0,0000000000000000000000000000000000000000,0000000000000000000000010000000000000000,         0,         0,         0,         0,1, 0, 0, 0,A800                          ,   20,         0,0,20181217 19:32:13,                              , 9999, 9999, 9999, 9999,32767,     0,     0
 ED5.2,1685                          ,1515                          ,                    ,1215      ,                ,  101,                    ,                              ,14,0,20181217 19:32:36,    0,         0,         0,65535,65535, 9999,2,                ,0000000,0, 0,         0,    0,0000000000000000000000000000000000000000,0000000000000000000000000000000000000000,         0,         0,         0,         0,1, 0, 0, 0,1420                          ,    0,         0,1,20181217 19:32:36,1515                          ,  101, 9999,  101,  101,    0,     0,     0
 ED5.2,1420                          ,1515                          ,                    ,1215      ,                ,  101,                    ,                              ,14,0,20181217 19:33:02,    0,         0,         0,65535,65535, 9999,2,                ,0000000,0, 0,         0,    0,0000000000000000000000000000000000000000,0000000000000000000000000000000000000000,         0,         0,         0,         0,1, 0, 0, 0,1420                          ,    0,         0,0,20181217 19:33:02,1515                          ,  101, 9999,  101,  101,    0,     0,     0
 ED5.2,1420                          ,1583                          ,                    ,1215      ,                ,  101,                    ,                              ,14,0,20181217 19:33:02,    0,         0,         0,65535,65535, 9999,2,                ,0000000,0, 0,         0,    0,0000000000000000000000000000000000000000,0000000000000000000000000000000000000000,         0,         0,         0,         0,1, 0, 0, 0,1420                          ,    0,         0,0,20181217 19:33:02,1583                          ,  101, 9999,  101,  101,    0,     0,     0
 ED5.2,1685                          ,1515                          ,                    ,1215      ,                ,  101,                    ,                              ,14,0,20181217 19:33:03,    0,         0,         0,65535,65535, 9999,2,                ,0000000,0, 0,         0,    0,0000000000000000000000000000000000000000,0000000000000000000000000000000000000000,         0,         0,         0,         0,1, 0, 0, 0,1420                          ,    0,         0,1,20181217 19:33:03,1515                          ,  101, 9999,  101,  101,    0,     0,     0
 ED5.2,1685                          ,1583                          ,                    ,1215      ,                ,  101,                    ,                              ,14,0,20181217 19:33:27,    0,         0,         0,65535,65535, 9999,2,                ,0000000,0, 0,         0,    0,0000000000000000000000000000000000000000,0000000000000000000000000000000000000000,         0,         0,         0,         0,1, 0, 0, 0,1420                          ,    0,         0,1,20181217 19:33:27,1583                          ,  101, 9999,  101,  101,    0,     0,     0
 ED5.2,1568                          ,3115                          ,                    ,1979      ,                ,  101,                    ,                              ,14,0,20181217 19:36:26,    0,         0,         0,65535,65535, 9999,2,                ,0000000,0, 0,         0,    0,0000000000000000000000000000000000000000,0000000000000000000000000000000000000000,         0,         0,         0,         0,1, 0, 0, 0,1568                          ,    0,         0,0,20181217 19:36:26,3115                          ,  101, 9999,  101,  101,    0,     0,     0
 ED5.2,1024                          ,1466                          ,                    ,1638      ,                ,  101,                    ,                              ,14,0,20181217 19:36:35,    0,         0,        51,65535,65535, 9999,2,                ,0000000,0, 0,         0,    0,0000000000000000000000000000000000000000,0000000000000000000000000000000000000000,         0,         0,         0,         0,1, 0, 0, 0,1024                          ,    0,        51,0,20181217 19:35:44,1466                          ,  101, 9999,  101,  101,    0,     0,     0
 ED5.2,1273                          ,1733                          ,                    ,1945      ,                ,  101,                    ,                              ,14,0,20181217 19:36:55,    0,         0,        30,65535,65535, 9999,2,                ,0000000,0, 0,         0,    0,0000000000000000000000000000000000000000,0000000000000000000000000000000000000000,         0,         0,         0,         0,1, 0, 0, 0,1273                          ,    0,        30,0,20181217 19:36:25,1733                          ,  101, 9999,  101,  101,    0,     0,     0
 ED5.2,1515                          ,1420                          ,                    ,1949      ,                ,  101,                    ,                              ,14,0,20181217 19:37:13,    0,         0,        46,65535,65535, 9999,2,                ,0000000,0, 0,         0,    0,0000000000000000000000000000000000000000,0000000000000000000000000000000000000000,         0,         0,         0,         0,1, 0, 0, 0,1515                          ,    0,        46,0,20181217 19:36:27,1420                          ,  101, 9999,  101,  101,    0,     0,     0
 ED5.2,072165289                     ,4042                          ,DARIO GOMEZ LO      ,2949      ,                ,  101,                    ,                              , 4,2,20181217 19:37:25,    0,         0,        35,10445,   15,  101,2,                ,0000000,2, 0,         0,    0,0000000000000000000000000000000000000000,0000000000000000000000010000000000000000,         0,         0,         0,         0,1, 0, 0, 0,A800                          ,   36,         0,1,20181217 19:36:50,                              , 9999, 9999, 9999, 9999,32767,     0,     0
 ED5.2,1244                          ,1420                          ,                    ,1949      ,                ,  101,                    ,                              ,14,0,20181217 19:38:47,    0,         0,        76,65535,65535, 9999,2,                ,0000000,0, 0,         0,    0,0000000000000000000000000000000000000000,0000000000000000000000000000000000000000,         0,         0,         0,         0,1, 0, 0, 0,1244                          ,    0,        76,0,20181217 19:37:31,1420                          ,  101, 9999,  101,  101,    0,     0,     0
 ED5.2,7420719                       ,1736                          ,RECEPCION 2 MORA    ,1635      ,                ,  101,                    ,                              , 4,2,20181217 19:39:20,    0,         0,        36,  120,   20,  101,2,                ,0000000,3, 0,         0,    0,0000000000000000000000000000000000000000,0000000000000000000000010000000000000000,         0,         0,         0,         0,1, 0, 0, 0,A800                          ,   37,         0,1,20181217 19:38:44,                              , 9999, 9999, 9999, 9999,32767,     0,     0
 ED5.2,3117362033                    ,4074                          ,MIGUEL ANGEL LOP    ,2952      ,                ,  101,                    ,                              , 0,2,20181217 19:39:30,    0,         0,         0,10349,   66,  101,2,                ,0010000,2, 1,         0,    0,1000000000000000000000000000000000000000,0000000000000000000000010000000000001000,         0,         0,         0,         0,1, 0, 0, 0,033117362033                  ,    0,         0,0,20181217 19:39:30,4074                          , 9999, 9999, 9999,  101,32767,     0,     0
 ED5.2,3117362033                    ,4074                          ,MIGUEL ANGEL LOP    ,2952      ,                ,  101,                    ,                              , 0,2,20181217 19:40:05,    0,         0,         0,10349,   66,  101,2,                ,0010000,2, 1,         0,    0,1000000000000000000000000000000000000000,0000000000000000000000010000000000001000,         0,         0,         0,         0,1, 0, 0, 0,033117362033                  ,    0,         0,0,20181217 19:40:05,4074                          , 9999, 9999, 9999,  101,32767,     0,     0
 ED5.2,4742597                       ,4063                          ,FRANCISCO AN GAR    ,2952      ,                ,  101,                    ,                              , 0,2,20181217 19:40:17,    0,         0,         0,10445,   15,  101,2,                ,0010000,2, 1,         0,    0,1000000000000000000000000000000000000000,0000000000000000000000010000000000001000,         0,         0,         0,         0,1, 0, 0, 0,4742597                       ,    0,         0,0,20181217 19:40:17,4063                          , 9999, 9999, 9999,  101,32767,     0,     0
 ED5.2,1024                          ,1466                          ,                    ,1638      ,                ,  101,                    ,                              ,14,0,20181217 19:41:02,    0,         0,        82,65535,65535, 9999,2,                ,0000000,0, 0,         0,    0,0000000000000000000000000000000000000000,0000000000000000000000000000000000000000,         0,         0,         0,         0,1, 0, 0, 0,1024                          ,    0,        82,0,20181217 19:39:40,1466                          ,  101, 9999,  101,  101,    0,     0,     0
 ED5.2,3117362033                    ,4074                          ,MIGUEL ANGEL LOP    ,2952      ,                ,  101,                    ,                              , 0,2,20181217 19:41:50,    0,         0,         0,10349,   66,  101,2,                ,0010000,2, 1,         0,    0,1000000000000000000000000000000000000000,0000000000000000000000010000000000001000,         0,         0,         0,         0,1, 0, 0, 0,033117362033                  ,    0,         0,0,20181217 19:41:50,4074                          , 9999, 9999, 9999,  101,32767,     0,     0
 ED5.2,1497                          ,1736                          ,                    ,1635      ,                ,  101,                    ,                              ,14,0,20181217 19:42:02,    0,         0,        10,65535,65535, 9999,2,                ,0000000,0, 0,         0,    0,0000000000000000000000000000000000000000,0000000000000000000000000000000000000000,         0,         0,         0,         0,1, 0, 0, 0,1497                          ,    0,        10,0,20181217 19:41:52,1736                          ,  101, 9999,  101,  101,    0,     0,     0
 ED5.2,1372                          ,1736                          ,                    ,1635      ,                ,  101,                    ,                              ,14,0,20181217 19:42:20,    0,         0,        10,65535,65535, 9999,2,                ,0000000,0, 0,         0,    0,0000000000000000000000000000000000000000,0000000000000000000000000000000000000000,         0,         0,         0,         0,1, 0, 0, 0,1372                          ,    0,        10,0,20181217 19:42:10,1736                          ,  101, 9999,  101,  101,    0,     0,     0
 ED5.2,3252                          ,1736                          ,                    ,1635      ,                ,  101,                    ,                              ,14,0,20181217 19:42:26,    0,         0,         0,65535,65535, 9999,2,                ,0000000,0, 0,         0,    0,0000000000000000000000000000000000000000,0000000000000000000000000000000000000000,         0,         0,         0,         0,1, 0, 0, 0,3252                          ,    0,         0,0,20181217 19:42:26,1736                          ,  101, 9999,  101,  101,    0,     0,     0
 ED5.2,3152                          ,1736                          ,                    ,1635      ,                ,  101,                    ,                              ,14,0,20181217 19:42:47,    0,         0,         9,65535,65535, 9999,2,                ,0000000,0, 0,         0,    0,0000000000000000000000000000000000000000,0000000000000000000000000000000000000000,         0,         0,         0,         0,1, 0, 0, 0,3152                          ,    0,         9,0,20181217 19:42:38,1736                          ,  101, 9999,  101,  101,    0,     0,     0
 ED5.2,663017238316                  ,5119                          ,GINA PAOLA CUBIL    ,3952      ,                ,  101,                    ,                              , 4,2,20181217 19:43:53,    0,         0,        87,10866,   82,  101,2,                ,0000000,2, 0,         0,    0,0000000000000000000000000000000000000000,0000000000000000000000010000000000000000,         0,         0,         0,         0,1, 0, 0, 0,A900                          ,   17,        71,0,20181217 19:42:26,                              , 9999, 9999, 9999, 9999,32767,     0,     0
 ED5.2,1499                          ,1733                          ,                    ,1945      ,                ,  101,                    ,                              ,14,0,20181217 19:43:55,    0,         0,        79,65535,65535, 9999,2,                ,0000000,0, 0,         0,    0,0000000000000000000000000000000000000000,0000000000000000000000000000000000000000,         0,         0,         0,         0,1, 0, 0, 0,1499                          ,    0,        79,0,20181217 19:42:36,1733                          ,  101, 9999,  101,  101,    0,     0,     0
 ED5.2,1024                          ,1466                          ,                    ,1638      ,                ,  101,                    ,                              ,14,0,20181217 19:44:10,    0,         0,       102,65535,65535, 9999,2,                ,0000000,0, 0,         0,    0,0000000000000000000000000000000000000000,0000000000000000000000000000000000000000,         0,         0,         0,         0,1, 0, 0, 0,1024                          ,    0,       102,0,20181217 19:42:28,1466                          ,  101, 9999,  101,  101,    0,     0,     0
 ED5.2,3117362033                    ,4074                          ,MIGUEL ANGEL LOP    ,2952      ,                ,  101,                    ,                              , 0,2,20181217 19:44:12,    0,         0,         7,10349,   66,  101,2,                ,0010000,2, 1,         0,    0,1000000000000000000000000000000000000000,0000000000000000000000010000000000001000,         0,         0,         0,         0,1, 0, 0, 0,033117362033                  ,    0,         0,0,20181217 19:44:05,4074                          , 9999, 9999, 9999,  101,32767,     0,     0
 ED5.2,3117362033                    ,4074                          ,MIGUEL ANGEL LOP    ,2952      ,                ,  101,                    ,                              , 0,2,20181217 19:44:50,    0,         0,         0,10349,   66,  101,2,                ,0010000,2, 1,         0,    0,1000000000000000000000000000000000000000,0000000000000000000000010000000000001000,         0,         0,         0,         0,1, 0, 0, 0,033117362033                  ,    0,         0,0,20181217 19:44:50,4074                          , 9999, 9999, 9999,  101,32767,     0,     0
 ED5.2,6604869                       ,1065                          ,JISETH ALEJA MAR    ,1638      ,                ,  101,                    ,                              , 0,2,20181217 19:44:53,    0,         0,       149,10002,   11,  101,2,                ,0010000,2, 1,         0,    0,1000000000000000000000000000000000000000,0000000000000000000000010000000000001000,         0,         0,         0,         0,1, 0, 0, 0,6604869                       ,    0,         0,0,20181217 19:42:24,1065                          , 9999, 9999, 9999,  101,32767,     0,     0
 ED5.2,1443                          ,1583                          ,                    ,1215      ,                ,  101,                    ,                              ,14,0,20181217 19:44:55,    0,         0,       290,65535,65535, 9999,2,                ,0000000,0, 0,         0,    0,0000000000000000000000000000000000000000,0000000000000000000000000000000000000000,         0,         0,         0,         0,1, 0, 0, 0,1443                          ,    0,       290,0,20181217 19:40:05,1583                          ,  101, 9999,  101,  101,    0,     0,     0
 ED5.2,1865                          ,1392                          ,                    ,1638      ,                ,  101,                    ,                              ,14,0,20181217 19:45:31,    0,         0,         0,65535,65535, 9999,2,                ,0000000,0, 0,         0,    0,0000000000000000000000000000000000000000,0000000000000000000000000000000000000000,         0,         0,         0,         0,1, 0, 0, 0,1865                          ,    0,         0,0,20181217 19:45:31,1392                          ,  101, 9999,  101,  101,    0,     0,     0
 ED5.2,1387                          ,1273                          ,                    ,1952      ,                ,  101,                    ,                              ,14,0,20181217 19:45:50,    0,         0,        65,65535,65535, 9999,2,                ,0000000,0, 0,         0,    0,0000000000000000000000000000000000000000,0000000000000000000000000000000000000000,         0,         0,         0,         0,1, 0, 0, 0,1387                          ,    0,        65,0,20181217 19:44:45,1273                          ,  101, 9999,  101,  101,    0,     0,     0
 ED5.2,6604876                       ,1213                          ,INGRID VANES ROD    ,1911      ,                ,  101,                    ,                              , 0,2,20181217 19:45:54,    0,         0,       288,10001,   11,  101,2,                ,0010000,2, 1,         0,    0,1000000000000000000000000000000000000000,0000000000000000000000010000000000001000,         0,         0,         0,         0,1, 0, 0, 0,6604876                       ,    0,         0,0,20181217 19:41:06,1213                          , 9999, 9999, 9999,  101,32767,     0,     0
 ED5.2,1448                          ,1736                          ,                    ,1635      ,                ,  101,                    ,                              ,14,0,20181217 19:46:27,    0,         0,         8,65535,65535, 9999,2,                ,0000000,0, 0,         0,    0,0000000000000000000000000000000000000000,0000000000000000000000000000000000000000,         0,         0,         0,         0,1, 0, 0, 0,1448                          ,    0,         8,0,20181217 19:46:19,1736                          ,  101, 9999,  101,  101,    0,     0,     0
 ED5.2,3175811008                    ,3134                          ,HECTOR RAUL ALAR    ,1979      ,                ,  101,                    ,                              , 0,1,20181217 19:46:32,    0,         0,        75,  378,   21,  101,2,                ,0010000,0, 0,         0,    0,0000000000000000000000000000000000000000,0000000000000000000000010000000000001000,         0,         0,         0,         0,1, 0, 0, 0,033175811008                  ,    0,         0,0,20181217 19:45:17,3134                          , 9999, 9999, 9999,  101,32767,     0,     0
 ED5.2,3500                          ,3501                          ,                    ,4675      ,                ,  101,                    ,                              ,14,0,20181217 19:46:36,    0,         0,         0,65535,65535, 9999,2,                ,0000000,0, 0,         0,    0,0000000000000000000000000000000000000000,0000000000000000000000000000000000000000,         0,         0,         0,         0,1, 0, 0, 0,3500                          ,    0,         0,0,20181217 19:46:36,3501                          ,  101, 9999,  101,  101,    0,     0,     0
 ED5.2,1738                          ,1736                          ,                    ,1635      ,                ,  101,                    ,                              ,14,0,20181217 19:46:44,    0,         0,        10,65535,65535, 9999,2,                ,0000000,0, 0,         0,    0,0000000000000000000000000000000000000000,0000000000000000000000000000000000000000,         0,         0,         0,         0,1, 0, 0, 0,1738                          ,    0,        10,0,20181217 19:46:34,1736                          ,  101, 9999,  101,  101,    0,     0,     0
 ED5.2,4323739                       ,1119                          ,CAJA 24             ,1949      ,                ,  101,                    ,                              , 0,2,20181217 19:46:54,    0,         0,         0,10001,   11,  101,2,                ,0010000,2, 1,         0,    0,1000000000000000000000000000000000000000,0000000000000000000000010000000000001000,         0,         0,         0,         0,1, 0, 0, 0,4323739                       ,    0,         0,0,20181217 19:46:54,1119                          , 9999, 9999, 9999,  101,32767,     0,     0
 ED5.2,1207                          ,1228                          ,                    ,1949      ,                ,  101,                    ,                              ,14,0,20181217 19:46:57,    0,         0,        46,65535,65535, 9999,2,                ,0000000,0, 0,         0,    0,0000000000000000000000000000000000000000,0000000000000000000000000000000000000000,         0,         0,         0,         0,1, 0, 0, 0,1207                          ,    0,        46,0,20181217 19:46:11,1228                          ,  101, 9999,  101,  101,    0,     0,     0
 ED5.2,3152                          ,1736                          ,                    ,1635      ,                ,  101,                    ,                              ,14,0,20181217 19:47:01,    0,         0,         9,65535,65535, 9999,2,                ,0000000,0, 0,         0,    0,0000000000000000000000000000000000000000,0000000000000000000000000000000000000000,         0,         0,         0,         0,1, 0, 0, 0,3152                          ,    0,         9,0,20181217 19:46:52,1736                          ,  101, 9999,  101,  101,    0,     0,     0
 ED5.2,1568                          ,3115                          ,                    ,1979      ,                ,  101,                    ,                              ,14,0,20181217 19:47:03,    0,         0,         0,65535,65535, 9999,2,                ,0000000,0, 0,         0,    0,0000000000000000000000000000000000000000,0000000000000000000000000000000000000000,         0,         0,         0,         0,1, 0, 0, 0,1568                          ,    0,         0,0,20181217 19:47:03,3115                          ,  101, 9999,  101,  101,    0,     0,     0
 ED5.2,3157                          ,3115                          ,                    ,1979      ,                ,  101,                    ,                              ,14,0,20181217 19:47:05,    0,         0,         0,65535,65535, 9999,2,                ,0000000,0, 0,         0,    0,0000000000000000000000000000000000000000,0000000000000000000000000000000000000000,         0,         0,         0,         0,1, 0, 0, 0,1568                          ,    0,         0,1,20181217 19:47:05,3115                          ,  101, 9999,  101,  101,    0,     0,     0
 ED5.2,3214005236                    ,1120                          ,LUISA LEONOR MAR    ,1154      ,                ,  101,                    ,                              , 0,2,20181217 19:47:10,    0,         0,         0,10349,   66,  101,2,                ,0010000,2, 1,         0,    0,1000000000000000000000000000000000000000,0000000000000000000000010000000000001000,         0,         0,         0,         0,1, 0, 0, 0,033214005236                  ,    0,         0,0,20181217 19:47:10,1120                          , 9999, 9999, 9999,  101,32767,     0,     0
 ED5.2,1176                          ,1736                          ,                    ,1635      ,                ,  101,                    ,                              ,14,0,20181217 19:47:18,    0,         0,        11,65535,65535, 9999,2,                ,0000000,0, 0,         0,    0,0000000000000000000000000000000000000000,0000000000000000000000000000000000000000,         0,         0,         0,         0,1, 0, 0, 0,1176                          ,    0,        11,0,20181217 19:47:07,1736                          ,  101, 9999,  101,  101,    0,     0,     0
 ED5.2,033214005236                  ,1120                          ,LUISA LEONOR MAR    ,1154      ,                ,  101,                    ,                              , 0,2,20181217 19:47:25,    0,         0,         0,10866,   82,  101,2,                ,0010000,2, 1,         0,    0,1000000000000000000000000000000000000000,0000000000000000000000010000000000001000,         0,         0,         0,         0,1, 0, 0, 0,033214005236                  ,    0,         0,0,20181217 19:47:25,1120                          , 9999, 9999, 9999,  101,32767,     0,     0
 ED5.2,033214005236                  ,1120                          ,LUISA LEONOR MAR    ,1154      ,                ,  101,                    ,                              , 0,2,20181217 19:47:41,    0,         0,         0,10866,   82,  101,2,                ,0010000,2, 1,         0,    0,1000000000000000000000000000000000000000,0000000000000000000000010000000000001000,         0,         0,         0,         0,1, 0, 0, 0,033214005236                  ,    0,         0,0,20181217 19:47:41,1120                          , 9999, 9999, 9999,  101,32767,     0,     0
 ED5.2,9072500                       ,1517                          ,VIVIANA MARC HOR    ,1952      ,                ,  101,                    ,                              , 0,2,20181217 19:48:19,    0,         0,        67,10001,   11,  101,2,                ,0010000,2, 1,         0,    0,1000000000000000000000000000000000000000,0000000000000000000000010000000000001000,         0,         0,         0,         0,1, 0, 0, 0,9072500                       ,    0,         0,0,20181217 19:47:12,1517                          , 9999, 9999, 9999,  101,32767,     0,     0
 ED5.2,3125597797                    ,1120                          ,LUISA LEONOR MAR    ,1154      ,                ,  101,                    ,                              , 0,2,20181217 19:48:21,    0,         0,         0,10349,   66,  101,2,                ,0010000,2, 1,         0,    0,1000000000000000000000000000000000000000,0000000000000000000000010000000000001000,         0,         0,         0,         0,1, 0, 0, 0,033125597797                  ,    0,         0,0,20181217 19:48:21,1120                          , 9999, 9999, 9999,  101,32767,     0,     0
 ED5.2,3125597797                    ,1120                          ,LUISA LEONOR MAR    ,1154      ,                ,  101,                    ,                              , 0,2,20181217 19:48:56,    0,         0,         0,10349,   66,  101,2,                ,0010000,2, 1,         0,    0,1000000000000000000000000000000000000000,0000000000000000000000010000000000001000,         0,         0,         0,         0,1, 0, 0, 0,033125597797                  ,    0,         0,0,20181217 19:48:56,1120                          , 9999, 9999, 9999,  101,32767,     0,     0
 ED5.2,320947026                     ,1119                          ,CAJA 24             ,1949      ,                ,  101,                    ,                              , 0,1,20181217 19:49:35,    0,         0,         4,  377,   21,  101,2,                ,0010000,0, 0,         0,    0,0000000000000000000000000000000000000000,0000000000000000000000010000000000001000,         0,         0,         0,         0,1, 0, 0, 0,03320947026                   ,    0,         0,0,20181217 19:49:31,1119                          , 9999, 9999, 9999,  101,32767,     0,     0
 ED5.2,3117362033                    ,4074                          ,MIGUEL ANGEL LOP    ,2952      ,                ,  101,                    ,                              , 0,2,20181217 19:49:39,    0,         0,         0,10349,   66,  101,2,                ,0010000,2, 1,         0,    0,1000000000000000000000000000000000000000,0000000000000000000000010000000000001000,         0,         0,         0,         0,1, 0, 0, 0,033117362033                  ,    0,         0,0,20181217 19:49:39,4074                          , 9999, 9999, 9999,  101,32767,     0,     0
 ED5.2,4058                          ,4040                          ,                    ,2425      ,                ,  101,                    ,                              ,14,0,20181217 19:50:02,    0,         0,        11,65535,65535, 9999,2,                ,0000000,0, 0,         0,    0,0000000000000000000000000000000000000000,0000000000000000000000000000000000000000,         0,         0,         0,         0,1, 0, 0, 0,4035                          ,    0,        11,1,20181217 19:49:51,4040                          ,  101, 9999,  101,  101,    0,     0,     0
 ED5.2,2123505                       ,1334                          ,CAJERO RECAUDO      ,1949      ,                ,  101,                    ,                              , 0,2,20181217 19:51:10,    0,         0,        50,10001,   11,  101,2,                ,0010000,2, 1,         0,    0,1000000000000000000000000000000000000000,0000000000000000000000010000000000001000,         0,         0,         0,         0,1, 0, 0, 0,2123505                       ,    0,         0,0,20181217 19:50:20,1334                          , 9999, 9999, 9999,  101,32767,     0,     0
 ED5.2,3204947026                    ,1119                          ,CAJA 24             ,1949      ,                ,  101,                    ,                              , 0,1,20181217 19:51:42,    0,         0,       100,  378,   21,  101,2,                ,0010000,0, 0,         0,    0,0000000000000000000000000000000000000000,0000000000000000000000010000000000001000,         0,         0,         0,         0,1, 0, 0, 0,033204947026                  ,    0,         0,0,20181217 19:50:02,1119                          , 9999, 9999, 9999,  101,32767,     0,     0
 ED5.2,1081                          ,1218                          ,                    ,1638      ,                ,  101,                    ,                              ,14,0,20181217 19:51:48,    0,         0,         0,65535,65535, 9999,2,                ,0000000,0, 0,         0,    0,0000000000000000000000000000000000000000,0000000000000000000000000000000000000000,         0,         0,         0,         0,1, 0, 0, 0,1081                          ,    0,         0,0,20181217 19:51:48,1218                          ,  101, 9999,  101,  101,    0,     0,     0
 ED5.2,4742597                       ,4063                          ,FRANCISCO AN GAR    ,2952      ,                ,  101,                    ,                              , 0,2,20181217 19:53:01,    0,         0,       269,10445,   15,  101,2,                ,0010000,2, 1,         0,    0,1000000000000000000000000000000000000000,0000000000000000000000010000000000001000,         0,         0,         0,         0,1, 0, 0, 0,4742597                       ,    0,         0,0,20181217 19:48:32,4063                          , 9999, 9999, 9999,  101,32767,     0,     0
 ED5.2,1568                          ,3115                          ,                    ,1979      ,                ,  101,                    ,                              ,14,0,20181217 19:53:26,    0,         0,         0,65535,65535, 9999,2,                ,0000000,0, 0,         0,    0,0000000000000000000000000000000000000000,0000000000000000000000000000000000000000,         0,         0,         0,         0,1, 0, 0, 0,1568                          ,    0,         0,0,20181217 19:53:26,3115                          ,  101, 9999,  101,  101,    0,     0,     0
 ED5.2,3134048086                    ,1119                          ,CAJA 24             ,1949      ,                ,  101,                    ,                              , 0,1,20181217 19:53:57,    0,         0,        50,  377,   21,  101,2,                ,0010000,0, 0,         0,    0,0000000000000000000000000000000000000000,0000000000000000000000010000000000001000,         0,         0,         0,         0,1, 0, 0, 0,033134048086                  ,    0,         0,0,20181217 19:53:07,1119                          , 9999, 9999, 9999,  101,32767,     0,     0
 ED5.2,1252                          ,1071                          ,                    ,1215      ,                ,  101,                    ,                              ,14,0,20181217 19:55:35,    0,         0,       100,65535,65535, 9999,2,                ,0000000,0, 0,         0,    0,0000000000000000000000000000000000000000,0000000000000000000000000000000000000000,         0,         0,         0,         0,1, 0, 0, 0,1252                          ,    0,       100,0,20181217 19:53:55,1071                          ,  101, 9999,  101,  101,    0,     0,     0
 ED5.2,1228                          ,1005                          ,                    ,1949      ,                ,  101,                    ,                              ,14,0,20181217 19:56:15,    0,         0,        23,65535,65535, 9999,2,                ,0000000,0, 0,         0,    0,0000000000000000000000000000000000000000,0000000000000000000000000000000000000000,         0,         0,         0,         0,1, 0, 0, 0,1228                          ,    0,        23,0,20181217 19:55:52,1005                          ,  101, 9999,  101,  101,    0,     0,     0
 ED5.2,5108                          ,5119                          ,                    ,3952      ,                ,  101,                    ,                              ,14,0,20181217 19:56:30,    0,         0,        22,65535,65535, 9999,2,                ,0000000,0, 0,         0,    0,0000000000000000000000000000000000000000,0000000000000000000000000000000000000000,         0,         0,         0,         0,1, 0, 0, 0,5108                          ,    0,        22,0,20181217 19:56:08,5119                          ,  101, 9999,  101,  101,    0,     0,     0
 ED5.2,1213                          ,4012                          ,                    ,2952      ,                ,  101,                    ,                              ,14,0,20181217 19:56:42,    0,         0,         0,65535,65535, 9999,2,                ,0000000,0, 0,         0,    0,0000000000000000000000000000000000000000,0000000000000000000000000000000000000000,         0,         0,         0,         0,1, 0, 0, 0,1213                          ,    0,         0,0,20181217 19:56:42,4012                          ,  101, 9999,  101,  101,    0,     0,     0
 ED5.2,3117362033                    ,4074                          ,MIGUEL ANGEL LOP    ,2952      ,                ,  101,                    ,                              , 0,2,20181217 19:57:44,    0,         0,       258,10349,   66,  101,2,                ,0010000,2, 1,         0,    0,1000000000000000000000000000000000000000,0000000000000000000000010000000000001000,         0,         0,         0,         0,1, 0, 0, 0,033117362033                  ,    0,         0,0,20181217 19:53:26,4074                          , 9999, 9999, 9999,  101,32767,     0,     0
 ED5.2,1207                          ,1434                          ,                    ,1215      ,                ,  101,                    ,                              ,14,0,20181217 20:00:47,    0,         0,         9,65535,65535, 9999,2,                ,0000000,0, 0,         0,    0,0000000000000000000000000000000000000000,0000000000000000000000000000000000000000,         0,         0,         0,         0,1, 0, 0, 0,1207                          ,    0,         9,0,20181217 20:00:38,1434                          ,  101, 9999,  101,  101,    0,     0,     0
