 ED5.2,1294                          ,1005                          ,                    ,1949      ,                ,  101,                    ,                              ,14,0,20181229 01:49:58,    0,         0,         0,65535,65535, 9999,2,                ,0000000,0, 0,         0,    0,0000000000000000000000000000000000000000,0000000000000000000000000000000000000000,         0,         0,         0,         0,1, 0, 0, 0,1294                          ,    0,         0,0,20181229 01:49:58,1005                          ,  101, 9999,  101,  101,    0,     0,     0
 ED5.2,1365                          ,1515                          ,                    ,1215      ,                ,  101,                    ,                              ,14,0,20181229 01:50:30,    0,         0,         0,65535,65535, 9999,2,                ,0000000,0, 0,         0,    0,0000000000000000000000000000000000000000,0000000000000000000000000000000000000000,         0,         0,         0,         0,1, 0, 0, 0,1365                          ,    0,         0,0,20181229 01:50:30,1515                          ,  101, 9999,  101,  101,    0,     0,     0
 ED5.2,1118                          ,1005                          ,                    ,1949      ,                ,  101,                    ,                              ,14,0,20181229 01:50:31,    0,         0,         0,65535,65535, 9999,2,                ,0000000,0, 0,         0,    0,0000000000000000000000000000000000000000,0000000000000000000000000000000000000000,         0,         0,         0,         0,1, 0, 0, 0,1294                          ,    0,         0,1,20181229 01:50:31,1005                          ,  101, 9999,  101,  101,    0,     0,     0
 ED5.2,1895                          ,1005                          ,                    ,1949      ,                ,  101,                    ,                              ,14,0,20181229 01:51:09,    0,         0,         0,65535,65535, 9999,2,                ,0000000,0, 0,         0,    0,0000000000000000000000000000000000000000,0000000000000000000000000000000000000000,         0,         0,         0,         0,1, 0, 0, 0,1895                          ,    0,         0,0,20181229 01:51:09,1005                          ,  101, 9999,  101,  101,    0,     0,     0
 ED5.2,1032                          ,1515                          ,                    ,1215      ,                ,  101,                    ,                              ,14,0,20181229 01:51:15,    0,         0,        39,65535,65535, 9999,2,                ,0000000,0, 0,         0,    0,0000000000000000000000000000000000000000,0000000000000000000000000000000000000000,         0,         0,         0,         0,1, 0, 0, 0,1032                          ,    0,        39,0,20181229 01:50:36,1515                          ,  101, 9999,  101,  101,    0,     0,     0
 ED5.2,1585                          ,1736                          ,                    ,1635      ,                ,  101,                    ,                              ,14,0,20181229 01:52:30,    0,         0,         0,65535,65535, 9999,2,                ,0000000,0, 0,         0,    0,0000000000000000000000000000000000000000,0000000000000000000000000000000000000000,         0,         0,         0,         0,1, 0, 0, 0,1585                          ,    0,         0,0,20181229 01:52:30,1736                          ,  101, 9999,  101,  101,    0,     0,     0
 ED5.2,1585                          ,1736                          ,                    ,1635      ,                ,  101,                    ,                              ,14,0,20181229 01:53:19,    0,         0,         0,65535,65535, 9999,2,                ,0000000,0, 0,         0,    0,0000000000000000000000000000000000000000,0000000000000000000000000000000000000000,         0,         0,         0,         0,1, 0, 0, 0,1585                          ,    0,         0,0,20181229 01:53:19,1736                          ,  101, 9999,  101,  101,    0,     0,     0
 ED5.2,1421                          ,1736                          ,                    ,1635      ,                ,  101,                    ,                              ,14,0,20181229 01:53:44,    0,         0,         0,65535,65535, 9999,2,                ,0000000,0, 0,         0,    0,0000000000000000000000000000000000000000,0000000000000000000000000000000000000000,         0,         0,         0,         0,1, 0, 0, 0,1421                          ,    0,         0,0,20181229 01:53:44,1736                          ,  101, 9999,  101,  101,    0,     0,     0
 ED5.2,1423                          ,1736                          ,                    ,1635      ,                ,  101,                    ,                              ,14,0,20181229 01:53:47,    0,         0,         0,65535,65535, 9999,2,                ,0000000,0, 0,         0,    0,0000000000000000000000000000000000000000,0000000000000000000000000000000000000000,         0,         0,         0,         0,1, 0, 0, 0,1421                          ,    0,         0,1,20181229 01:53:47,1736                          ,  101, 9999,  101,  101,    0,     0,     0
 ED5.2,1585                          ,1736                          ,                    ,1635      ,                ,  101,                    ,                              ,14,0,20181229 01:54:35,    0,         0,         0,65535,65535, 9999,2,                ,0000000,0, 0,         0,    0,0000000000000000000000000000000000000000,0000000000000000000000000000000000000000,         0,         0,         0,         0,1, 0, 0, 0,1585                          ,    0,         0,0,20181229 01:54:35,1736                          ,  101, 9999,  101,  101,    0,     0,     0
 ED5.2,1585                          ,1005                          ,                    ,1949      ,                ,  101,                    ,                              ,14,0,20181229 01:55:36,    0,         0,       263,65535,65535, 9999,2,                ,0000000,0, 0,         0,    0,0000000000000000000000000000000000000000,0000000000000000000000000000000000000000,         0,         0,         0,         0,1, 0, 0, 0,1585                          ,    0,       263,0,20181229 01:51:13,1005                          ,  101, 9999,  101,  101,    0,     0,     0
 ED5.2,1340                          ,1585                          ,                    ,1949      ,                ,  101,                    ,                              ,14,0,20181229 01:55:53,    0,         0,         0,65535,65535, 9999,2,                ,0000000,0, 0,         0,    0,0000000000000000000000000000000000000000,0000000000000000000000000000000000000000,         0,         0,         0,         0,1, 0, 0, 0,1736                          ,    0,         0,1,20181229 01:55:53,1585                          ,  101, 9999,  101,  101,    0,     0,     0
 ED5.2,1585                          ,1736                          ,                    ,1635      ,                ,  101,                    ,                              ,14,0,20181229 01:56:55,    0,         0,        38,65535,65535, 9999,2,                ,0000000,0, 0,         0,    0,0000000000000000000000000000000000000000,0000000000000000000000000000000000000000,         0,         0,         0,         0,1, 0, 0, 0,1585                          ,    0,        38,0,20181229 01:56:17,1736                          ,  101, 9999,  101,  101,    0,     0,     0
 ED5.2,1585                          ,1736                          ,                    ,1635      ,                ,  101,                    ,                              ,14,0,20181229 02:01:28,    0,         0,        17,65535,65535, 9999,2,                ,0000000,0, 0,         0,    0,0000000000000000000000000000000000000000,0000000000000000000000000000000000000000,         0,         0,         0,         0,1, 0, 0, 0,1585                          ,    0,        17,0,20181229 02:01:11,1736                          ,  101, 9999,  101,  101,    0,     0,     0
