 ED5.2,3214644373                    ,1622                          ,LEIDY XIOMAR RAM    ,1422      ,                ,  101,                    ,                              , 0,2,20190208 19:00:20,    0,         0,         0,11577,   69,  101,2,                ,0010000,2, 1,         0,    0,1000000000000000000000000000000000000000,0000000000000000000000010000000000001000,         0,         0,         0,         0,1, 0, 0, 0,033214644373                  ,    0,         0,0,20190208 19:00:20,1622                          , 9999, 9999, 9999,  101,32767,     0,     0
 ED5.2,1409                          ,1439                          ,                    ,1632      ,                ,  101,                    ,                              ,14,0,20190208 19:00:21,    0,         0,         0,65535,65535, 9999,2,                ,0000000,0, 0,         0,    0,0000000000000000000000000000000000000000,0000000000000000000000000000000000000000,         0,         0,         0,         0,1, 0, 0, 0,1409                          ,    0,         0,0,20190208 19:00:21,1439                          ,  101, 9999,  101,  101,    0,     0,     0
 ED5.2,1358                          ,1439                          ,                    ,1632      ,                ,  101,                    ,                              ,14,0,20190208 19:00:23,    0,         0,         0,65535,65535, 9999,2,                ,0000000,0, 0,         0,    0,0000000000000000000000000000000000000000,0000000000000000000000000000000000000000,         0,         0,         0,         0,1, 0, 0, 0,1409                          ,    0,         0,1,20190208 19:00:23,1439                          ,  101, 9999,  101,  101,    0,     0,     0
 ED5.2,1409                          ,1439                          ,                    ,1632      ,                ,  101,                    ,                              ,14,0,20190208 19:00:30,    0,         0,         0,65535,65535, 9999,2,                ,0000000,0, 0,         0,    0,0000000000000000000000000000000000000000,0000000000000000000000000000000000000000,         0,         0,         0,         0,1, 0, 0, 0,1409                          ,    0,         0,0,20190208 19:00:30,1439                          ,  101, 9999,  101,  101,    0,     0,     0
 ED5.2,3214644373                    ,1622                          ,LEIDY XIOMAR RAM    ,1422      ,                ,  101,                    ,                              , 0,2,20190208 19:00:48,    0,         0,         0,11577,   69,  101,2,                ,0010000,2, 1,         0,    0,1000000000000000000000000000000000000000,0000000000000000000000010000000000001000,         0,         0,         0,         0,1, 0, 0, 0,033214644373                  ,    0,         0,0,20190208 19:00:48,1622                          , 9999, 9999, 9999,  101,32767,     0,     0
 ED5.2,3865992                       ,1164                          ,LINA MARIA VELEZ    ,1945      ,                ,  101,                    ,                              , 0,2,20190208 19:00:57,    0,         0,        67,10001,   11,  101,2,                ,0010000,2, 1,         0,    0,1000000000000000000000000000000000000000,0000000000000000000000010000000000001000,         0,         0,         0,         0,1, 0, 0, 0,3865992                       ,    0,         0,0,20190208 18:59:50,1164                          , 9999, 9999, 9999,  101,32767,     0,     0
 ED5.2,3017519                       ,1622                          ,LEIDY XIOMAR RAM    ,1422      ,                ,  101,                    ,                              , 0,2,20190208 19:00:59,    0,         0,         0,10001,   11,  101,2,                ,0010000,2, 1,         0,    0,1000000000000000000000000000000000000000,0000000000000000000000010000000000001000,         0,         0,         0,         0,1, 0, 0, 0,3017519                       ,    0,         0,0,20190208 19:00:59,1622                          , 9999, 9999, 9999,  101,32767,     0,     0
 ED5.2,1419                          ,1108                          ,                    ,1949      ,                ,  101,                    ,                              ,14,0,20190208 19:00:59,    0,         0,      1231,65535,65535, 9999,2,                ,0000000,0, 0,         0,    0,0000000000000000000000000000000000000000,0000000000000000000000000000000000000000,         0,         0,         0,         0,1, 0, 0, 0,1419                          ,    0,      1231,0,20190208 18:40:28,1108                          ,  101, 9999,  101,  101,    0,     0,     0
 ED5.2,3017519                       ,1622                          ,LEIDY XIOMAR RAM    ,1422      ,                ,  101,                    ,                              , 0,2,20190208 19:01:10,    0,         0,         0,10001,   11,  101,2,                ,0010000,2, 1,         0,    0,1000000000000000000000000000000000000000,0000000000000000000000010000000000001000,         0,         0,         0,         0,1, 0, 0, 0,3017519                       ,    0,         0,0,20190208 19:01:10,1622                          , 9999, 9999, 9999,  101,32767,     0,     0
 ED5.2,1439                          ,1409                          ,                    ,1952      ,                ,  101,                    ,                              ,14,0,20190208 19:01:43,    0,         0,        32,65535,65535, 9999,2,                ,0000000,0, 0,         0,    0,0000000000000000000000000000000000000000,0000000000000000000000000000000000000000,         0,         0,         0,         0,1, 0, 0, 0,1439                          ,    0,        32,0,20190208 19:01:11,1409                          ,  101, 9999,  101,  101,    0,     0,     0
 ED5.2,3017519376                    ,1622                          ,LEIDY XIOMAR RAM    ,1422      ,                ,  101,                    ,                              , 0,2,20190208 19:02:01,    0,         0,        26,11577,   69,  101,2,                ,0010000,2, 1,         0,    0,1000000000000000000000000000000000000000,0000000000000000000000010000000000001000,         0,         0,         0,         0,1, 0, 0, 0,033017519376                  ,    0,         0,0,20190208 19:01:35,1622                          , 9999, 9999, 9999,  101,32767,     0,     0
 ED5.2,2123505                       ,1252                          ,ANA CAROLINA FAJ    ,1215      ,                ,  101,                    ,                              , 0,2,20190208 19:02:09,    0,         0,       657,10865,   82,  101,2,                ,0010000,2, 1,         0,    0,1000000000000000000000000000000000000000,0000000000000000000000010000000000001000,         0,         0,         0,         0,1, 0, 0, 0,2123505                       ,    0,         0,0,20190208 18:51:12,1252                          , 9999, 9999, 9999,  101,32767,     0,     0
 ED5.2,1150                          ,1766                          ,                    ,1952      ,                ,  101,                    ,                              ,14,0,20190208 19:03:14,    0,         0,        92,65535,65535, 9999,2,                ,0000000,0, 0,         0,    0,0000000000000000000000000000000000000000,0000000000000000000000000000000000000000,         0,         0,         0,         0,1, 0, 0, 0,1150                          ,    0,        92,0,20190208 19:01:42,1766                          ,  101, 9999,  101,  101,    0,     0,     0
 ED5.2,1534                          ,1236                          ,                    ,1632      ,                ,  101,                    ,                              ,14,0,20190208 19:03:47,    0,         0,        92,65535,65535, 9999,2,                ,0000000,0, 0,         0,    0,0000000000000000000000000000000000000000,0000000000000000000000000000000000000000,         0,         0,         0,         0,1, 0, 0, 0,1534                          ,    0,        92,0,20190208 19:02:15,1236                          ,  101, 9999,  101,  101,    0,     0,     0
 ED5.2,3203721788                    ,3104                          ,VIVIANA ANDR MAR    ,1979      ,                ,  101,                    ,                              , 0,2,20190208 19:04:12,    0,         0,       196,11578,   69,  101,2,                ,0010000,2, 1,         0,    0,1000000000000000000000000000000000000000,0000000000000000000000010000000000001000,         0,         0,         0,         0,1, 0, 0, 0,033203721788                  ,    0,         0,0,20190208 19:00:56,3104                          , 9999, 9999, 9999,  101,32767,     0,     0
 ED5.2,2123505                       ,1534                          ,JULY PAULINE SAN    ,1632      ,                ,  101,                    ,                              , 0,2,20190208 19:04:45,    0,         0,        44,10001,   11,  101,2,                ,0010000,2, 1,         0,    0,1000000000000000000000000000000000000000,0000000000000000000000010000000000001000,         0,         0,         0,         0,1, 0, 0, 0,2123505                       ,    0,         0,0,20190208 19:04:01,1534                          , 9999, 9999, 9999,  101,32767,     0,     0
 ED5.2,9247898                       ,1125                          ,MARIA PAULA DUQU    ,1952      ,                ,  101,                    ,                              , 0,2,20190208 19:07:08,    0,         0,         0,10001,   11,  101,2,                ,0010000,2, 1,         0,    0,1000000000000000000000000000000000000000,0000000000000000000000010000000000001000,         0,         0,         0,         0,1, 0, 0, 0,9247898                       ,    0,         0,0,20190208 19:07:08,1125                          , 9999, 9999, 9999,  101,32767,     0,     0
 ED5.2,1032                          ,1085                          ,                    ,1949      ,                ,  101,                    ,                              ,14,0,20190208 19:07:30,    0,         0,         0,65535,65535, 9999,2,                ,0000000,0, 0,         0,    0,0000000000000000000000000000000000000000,0000000000000000000000000000000000000000,         0,         0,         0,         0,1, 0, 0, 0,1032                          ,    0,         0,0,20190208 19:07:30,1085                          ,  101, 9999,  101,  101,    0,     0,     0
 ED5.2,3252                          ,1363                          ,                    ,1318      ,                ,  101,                    ,                              ,14,0,20190208 19:07:50,    0,         0,        26,65535,65535, 9999,2,                ,0000000,0, 0,         0,    0,0000000000000000000000000000000000000000,0000000000000000000000000000000000000000,         0,         0,         0,         0,1, 0, 0, 0,3252                          ,    0,        26,0,20190208 19:07:24,1363                          ,  101, 9999,  101,  101,    0,     0,     0
 ED5.2,7434014                       ,FS020                         ,ETB                 ,          ,                ,  101,                    ,                              , 4,2,20190208 19:08:02,    0,         0,         6,  122,   20,  101,2,                ,0000000,3, 0,         0,    0,0000000000000000000000000000000000000000,0000000000000000000000010000000000000000,         0,         0,         0,         0,1, 0, 0, 0,A800                          ,    7,         0,0,20190208 19:07:56,                              , 9999, 9999, 9999, 9999,32767,     0,     0
 ED5.2,1415                          ,1409                          ,                    ,1952      ,                ,  101,                    ,                              ,14,0,20190208 19:08:21,    0,         0,        93,65535,65535, 9999,2,                ,0000000,0, 0,         0,    0,0000000000000000000000000000000000000000,0000000000000000000000000000000000000000,         0,         0,         0,         0,1, 0, 0, 0,1415                          ,    0,        93,0,20190208 19:06:48,1409                          ,  101, 9999,  101,  101,    0,     0,     0
 ED5.2,1515                          ,1207                          ,                    ,1215      ,                ,  101,                    ,                              ,14,0,20190208 19:09:18,    0,         0,         6,65535,65535, 9999,2,                ,0000000,0, 0,         0,    0,0000000000000000000000000000000000000000,0000000000000000000000000000000000000000,         0,         0,         0,         0,1, 0, 0, 0,1515                          ,    0,         6,0,20190208 19:09:12,1207                          ,  101, 9999,  101,  101,    0,     0,     0
 ED5.2,4801741                       ,1216                          ,HARVEY DARIO ROD    ,1952      ,                ,  101,                    ,                              , 4,2,20190208 19:09:40,    0,         0,       248,  120,   20,  101,2,                ,0000000,3, 0,         0,    0,0000000000000000000000000000000000000000,0000000000000000000000010000000000000000,         0,         0,         0,         0,1, 0, 0, 0,A800                          ,    6,       243,0,20190208 19:05:32,                              , 9999, 9999, 9999, 9999,32767,     0,     0
 ED5.2,6604876                       ,1889                          ,CRISTIAN LEO ARI    ,1632      ,                ,  101,                    ,                              , 0,2,20190208 19:09:44,    0,         0,       159,10002,   11,  101,2,                ,0010000,2, 1,         0,    0,1000000000000000000000000000000000000000,0000000000000000000000010000000000001000,         0,         0,         0,         0,1, 0, 0, 0,6604876                       ,    0,         0,0,20190208 19:07:05,1889                          , 9999, 9999, 9999,  101,32767,     0,     0
 ED5.2,9247898                       ,1125                          ,MARIA PAULA DUQU    ,1952      ,                ,  101,                    ,                              , 0,2,20190208 19:10:03,    0,         0,         0,10001,   11,  101,2,                ,0010000,2, 1,         0,    0,1000000000000000000000000000000000000000,0000000000000000000000010000000000001000,         0,         0,         0,         0,1, 0, 0, 0,9247898                       ,    0,         0,0,20190208 19:10:03,1125                          , 9999, 9999, 9999,  101,32767,     0,     0
 ED5.2,6604876                       ,1024                          ,DANIEL ANDRE TAN    ,1638      ,                ,  101,                    ,                              , 0,2,20190208 19:10:20,    0,         0,         0,10001,   11,  101,2,                ,0010000,2, 1,         0,    0,1000000000000000000000000000000000000000,0000000000000000000000010000000000001000,         0,         0,         0,         0,1, 0, 0, 0,6604876                       ,    0,         0,0,20190208 19:10:20,1024                          , 9999, 9999, 9999,  101,32767,     0,     0
 ED5.2,3123977                       ,1252                          ,ANA CAROLINA FAJ    ,1215      ,                ,  101,                    ,                              , 0,2,20190208 19:10:39,    0,         0,         0,10865,   82,  101,2,                ,0010000,2, 1,         0,    0,1000000000000000000000000000000000000000,0000000000000000000000010000000000001000,         0,         0,         0,         0,1, 0, 0, 0,3123977                       ,    0,         0,0,20190208 19:10:39,1252                          , 9999, 9999, 9999,  101,32767,     0,     0
 ED5.2,3123977                       ,1252                          ,ANA CAROLINA FAJ    ,1215      ,                ,  101,                    ,                              , 0,2,20190208 19:10:45,    0,         0,         0,10001,   11,  101,2,                ,0010000,2, 1,         0,    0,1000000000000000000000000000000000000000,0000000000000000000000010000000000001000,         0,         0,         0,         0,1, 0, 0, 0,3123977                       ,    0,         0,0,20190208 19:10:45,1252                          , 9999, 9999, 9999,  101,32767,     0,     0
 ED5.2,3123977                       ,1252                          ,ANA CAROLINA FAJ    ,1215      ,                ,  101,                    ,                              , 0,2,20190208 19:10:50,    0,         0,         0,10865,   82,  101,2,                ,0010000,2, 1,         0,    0,1000000000000000000000000000000000000000,0000000000000000000000010000000000001000,         0,         0,         0,         0,1, 0, 0, 0,3123977                       ,    0,         0,0,20190208 19:10:50,1252                          , 9999, 9999, 9999,  101,32767,     0,     0
 ED5.2,3779829                       ,1222                          ,ALEJANDRO MOGOLL    ,1632      ,                ,  101,                    ,                              , 4,2,20190208 19:10:59,    0,         0,      1819,  121,   20,  101,2,                ,0000000,3, 0,         0,    0,0000000000000000000000000000000000000000,0000000000000000000000010000000000000000,         0,         0,         0,         0,1, 0, 0, 0,A800                          ,    8,      1811,0,20190208 18:40:40,                              , 9999, 9999, 9999, 9999,32767,     0,     0
 ED5.2,3123977                       ,1252                          ,ANA CAROLINA FAJ    ,1215      ,                ,  101,                    ,                              , 0,2,20190208 19:11:08,    0,         0,         0,10001,   11,  101,2,                ,0010000,2, 1,         0,    0,1000000000000000000000000000000000000000,0000000000000000000000010000000000001000,         0,         0,         0,         0,1, 0, 0, 0,3123977                       ,    0,         0,0,20190208 19:11:08,1252                          , 9999, 9999, 9999,  101,32767,     0,     0
 ED5.2,1568                          ,3115                          ,                    ,1979      ,                ,  101,                    ,                              ,14,0,20190208 19:12:03,    0,         0,         0,65535,65535, 9999,2,                ,0000000,0, 0,         0,    0,0000000000000000000000000000000000000000,0000000000000000000000000000000000000000,         0,         0,         0,         0,1, 0, 0, 0,1568                          ,    0,         0,0,20190208 19:12:03,3115                          ,  101, 9999,  101,  101,    0,     0,     0
 ED5.2,3157                          ,3115                          ,                    ,1979      ,                ,  101,                    ,                              ,14,0,20190208 19:12:05,    0,         0,         0,65535,65535, 9999,2,                ,0000000,0, 0,         0,    0,0000000000000000000000000000000000000000,0000000000000000000000000000000000000000,         0,         0,         0,         0,1, 0, 0, 0,1568                          ,    0,         0,1,20190208 19:12:05,3115                          ,  101, 9999,  101,  101,    0,     0,     0
 ED5.2,1012                          ,1417                          ,                    ,1945      ,                ,  101,                    ,                              ,14,0,20190208 19:12:36,    0,         0,         0,65535,65535, 9999,2,                ,0000000,0, 0,         0,    0,0000000000000000000000000000000000000000,0000000000000000000000000000000000000000,         0,         0,         0,         0,1, 0, 0, 0,1012                          ,    0,         0,0,20190208 19:12:36,1417                          ,  101, 9999,  101,  101,    0,     0,     0
 ED5.2,4875491                       ,1252                          ,ANA CAROLINA FAJ    ,1215      ,                ,  101,                    ,                              , 0,2,20190208 19:12:55,    0,         0,        76,10865,   82,  101,2,                ,0010000,2, 1,         0,    0,1000000000000000000000000000000000000000,0000000000000000000000010000000000001000,         0,         0,         0,         0,1, 0, 0, 0,4875491                       ,    0,         0,0,20190208 19:11:39,1252                          , 9999, 9999, 9999,  101,32767,     0,     0
 ED5.2,1032                          ,1085                          ,                    ,1949      ,                ,  101,                    ,                              ,14,0,20190208 19:13:05,    0,         0,         0,65535,65535, 9999,2,                ,0000000,0, 0,         0,    0,0000000000000000000000000000000000000000,0000000000000000000000000000000000000000,         0,         0,         0,         0,1, 0, 0, 0,1032                          ,    0,         0,0,20190208 19:13:05,1085                          ,  101, 9999,  101,  101,    0,     0,     0
 ED5.2,1445                          ,1443                          ,                    ,1632      ,                ,  101,                    ,                              ,14,0,20190208 19:13:09,    0,         0,       224,65535,65535, 9999,2,                ,0000000,0, 0,         0,    0,0000000000000000000000000000000000000000,0000000000000000000000000000000000000000,         0,         0,         0,         0,1, 0, 0, 0,1445                          ,    0,       224,0,20190208 19:09:25,1443                          ,  101, 9999,  101,  101,    0,     0,     0
 ED5.2,1005                          ,1228                          ,                    ,1949      ,                ,  101,                    ,                              ,14,0,20190208 19:13:15,    0,         0,        13,65535,65535, 9999,2,                ,0000000,0, 0,         0,    0,0000000000000000000000000000000000000000,0000000000000000000000000000000000000000,         0,         0,         0,         0,1, 0, 0, 0,1005                          ,    0,        13,0,20190208 19:13:02,1228                          ,  101, 9999,  101,  101,    0,     0,     0
 ED5.2,1515                          ,1551                          ,                    ,1215      ,                ,  101,                    ,                              ,14,0,20190208 19:13:38,    0,         0,        37,65535,65535, 9999,2,                ,0000000,0, 0,         0,    0,0000000000000000000000000000000000000000,0000000000000000000000000000000000000000,         0,         0,         0,         0,1, 0, 0, 0,1515                          ,    0,        37,0,20190208 19:13:01,1551                          ,  101, 9999,  101,  101,    0,     0,     0
 ED5.2,1032                          ,1085                          ,                    ,1949      ,                ,  101,                    ,                              ,14,0,20190208 19:13:42,    0,         0,         0,65535,65535, 9999,2,                ,0000000,0, 0,         0,    0,0000000000000000000000000000000000000000,0000000000000000000000000000000000000000,         0,         0,         0,         0,1, 0, 0, 0,1032                          ,    0,         0,0,20190208 19:13:42,1085                          ,  101, 9999,  101,  101,    0,     0,     0
 ED5.2,1024                          ,1378                          ,                    ,1952      ,                ,  101,                    ,                              ,14,0,20190208 19:14:34,    0,         0,        18,65535,65535, 9999,2,                ,0000000,0, 0,         0,    0,0000000000000000000000000000000000000000,0000000000000000000000000000000000000000,         0,         0,         0,         0,1, 0, 0, 0,1024                          ,    0,        18,0,20190208 19:14:16,1378                          ,  101, 9999,  101,  101,    0,     0,     0
 ED5.2,1431                          ,1869                          ,                    ,1949      ,                ,  101,                    ,                              ,14,0,20190208 19:15:17,    0,         0,       125,65535,65535, 9999,2,                ,0000000,0, 0,         0,    0,0000000000000000000000000000000000000000,0000000000000000000000000000000000000000,         0,         0,         0,         0,1, 0, 0, 0,1431                          ,    0,       125,0,20190208 19:13:12,1869                          ,  101, 9999,  101,  101,    0,     0,     0
 ED5.2,1439                          ,1409                          ,                    ,1952      ,                ,  101,                    ,                              ,14,0,20190208 19:15:18,    0,         0,       413,65535,65535, 9999,2,                ,0000000,0, 0,         0,    0,0000000000000000000000000000000000000000,0000000000000000000000000000000000000000,         0,         0,         0,         0,1, 0, 0, 0,1439                          ,    0,       413,0,20190208 19:08:25,1409                          ,  101, 9999,  101,  101,    0,     0,     0
 ED5.2,1431                          ,1210                          ,                    ,1215      ,                ,  101,                    ,                              ,14,0,20190208 19:15:40,    0,         0,         0,65535,65535, 9999,2,                ,0000000,0, 0,         0,    0,0000000000000000000000000000000000000000,0000000000000000000000000000000000000000,         0,         0,         0,         0,1, 0, 0, 0,1431                          ,    0,         0,0,20190208 19:15:40,1210                          ,  101, 9999,  101,  101,    0,     0,     0
 ED5.2,7436769                       ,1060                          ,NELLY CORTES C      ,1630      ,                ,  101,                    ,                              , 4,2,20190208 19:16:09,    0,         0,         0,  120,   20,  101,2,                ,0000000,3, 0,         0,    0,0000000000000000000000000000000000000000,0000000000000000000000010000000000000000,         0,         0,         0,         0,1, 0, 0, 0,1060                          ,   80,         0,0,20190208 19:16:09,                              , 9999, 9999, 9999, 9999,32767,     0,     0
 ED5.2,1244                          ,1214                          ,                    ,1952      ,                ,  101,                    ,                              ,14,0,20190208 19:16:20,    0,         0,         0,65535,65535, 9999,2,                ,0000000,0, 0,         0,    0,0000000000000000000000000000000000000000,0000000000000000000000000000000000000000,         0,         0,         0,         0,1, 0, 0, 0,1244                          ,    0,         0,0,20190208 19:16:20,1214                          ,  101, 9999,  101,  101,    0,     0,     0
 ED5.2,1244                          ,1214                          ,                    ,1952      ,                ,  101,                    ,                              ,14,0,20190208 19:16:22,    0,         0,         0,65535,65535, 9999,2,                ,0000000,0, 0,         0,    0,0000000000000000000000000000000000000000,0000000000000000000000000000000000000000,         0,         0,         0,         0,1, 0, 0, 0,1244                          ,    0,         0,0,20190208 19:16:22,1214                          ,  101, 9999,  101,  101,    0,     0,     0
 ED5.2,1422                          ,1214                          ,                    ,1952      ,                ,  101,                    ,                              ,14,0,20190208 19:16:26,    0,         0,         0,65535,65535, 9999,2,                ,0000000,0, 0,         0,    0,0000000000000000000000000000000000000000,0000000000000000000000000000000000000000,         0,         0,         0,         0,1, 0, 0, 0,1422                          ,    0,         0,0,20190208 19:16:26,1214                          ,  101, 9999,  101,  101,    0,     0,     0
 ED5.2,1428                          ,1214                          ,                    ,1952      ,                ,  101,                    ,                              ,14,0,20190208 19:16:30,    0,         0,         0,65535,65535, 9999,2,                ,0000000,0, 0,         0,    0,0000000000000000000000000000000000000000,0000000000000000000000000000000000000000,         0,         0,         0,         0,1, 0, 0, 0,1428                          ,    0,         0,0,20190208 19:16:30,1214                          ,  101, 9999,  101,  101,    0,     0,     0
 ED5.2,1422                          ,1214                          ,                    ,1952      ,                ,  101,                    ,                              ,14,0,20190208 19:16:34,    0,         0,         0,65535,65535, 9999,2,                ,0000000,0, 0,         0,    0,0000000000000000000000000000000000000000,0000000000000000000000000000000000000000,         0,         0,         0,         0,1, 0, 0, 0,1422                          ,    0,         0,0,20190208 19:16:34,1214                          ,  101, 9999,  101,  101,    0,     0,     0
 ED5.2,212                           ,1191                          ,ADRIANO CAMANO C    ,1945      ,                ,  101,                    ,                              , 0,2,20190208 19:16:46,    0,         0,         0,10001,   11,  101,2,                ,0010000,2, 1,         0,    0,1000000000000000000000000000000000000000,0000000000000000000000010000000000001000,         0,         0,         0,         0,1, 0, 0, 0,212                           ,    0,         0,0,20190208 19:16:46,1191                          , 9999, 9999, 9999,  101,32767,     0,     0
 ED5.2,1431                          ,1210                          ,                    ,1215      ,                ,  101,                    ,                              ,14,0,20190208 19:16:57,    0,         0,        69,65535,65535, 9999,2,                ,0000000,0, 0,         0,    0,0000000000000000000000000000000000000000,0000000000000000000000000000000000000000,         0,         0,         0,         0,1, 0, 0, 0,1431                          ,    0,        69,0,20190208 19:15:48,1210                          ,  101, 9999,  101,  101,    0,     0,     0
 ED5.2,1032                          ,1822                          ,                    ,1632      ,                ,  101,                    ,                              ,14,0,20190208 19:17:39,    0,         0,       287,65535,65535, 9999,2,                ,0000000,0, 0,         0,    0,0000000000000000000000000000000000000000,0000000000000000000000000000000000000000,         0,         0,         0,         0,1, 0, 0, 0,1032                          ,    0,       287,0,20190208 19:12:52,1822                          ,  101, 9999,  101,  101,    0,     0,     0
 ED5.2,1228                          ,1214                          ,                    ,1952      ,                ,  101,                    ,                              ,14,0,20190208 19:17:40,    0,         0,        48,65535,65535, 9999,2,                ,0000000,0, 0,         0,    0,0000000000000000000000000000000000000000,0000000000000000000000000000000000000000,         0,         0,         0,         0,1, 0, 0, 0,1228                          ,    0,        48,0,20190208 19:16:52,1214                          ,  101, 9999,  101,  101,    0,     0,     0
 ED5.2,6170533                       ,1252                          ,ANA CAROLINA FAJ    ,1215      ,                ,  101,                    ,                              , 0,2,20190208 19:18:12,    0,         0,       304,10865,   82,  101,2,                ,0010000,2, 1,         0,    0,1000000000000000000000000000000000000000,0000000000000000000000010000000000001000,         0,         0,         0,         0,1, 0, 0, 0,6170533                       ,    0,         0,0,20190208 19:13:08,1252                          , 9999, 9999, 9999,  101,32767,     0,     0
 ED5.2,2123505                       ,1191                          ,ADRIANO CAMANO C    ,1945      ,                ,  101,                    ,                              , 0,2,20190208 19:18:34,    0,         0,        95,10001,   11,  101,2,                ,0010000,2, 1,         0,    0,1000000000000000000000000000000000000000,0000000000000000000000010000000000001000,         0,         0,         0,         0,1, 0, 0, 0,2123505                       ,    0,         0,0,20190208 19:16:59,1191                          , 9999, 9999, 9999,  101,32767,     0,     0
 ED5.2,1378                          ,1736                          ,                    ,1635      ,                ,  101,                    ,                              ,14,0,20190208 19:19:08,    0,         0,         0,65535,65535, 9999,2,                ,0000000,0, 0,         0,    0,0000000000000000000000000000000000000000,0000000000000000000000000000000000000000,         0,         0,         0,         0,1, 0, 0, 0,1378                          ,    0,         0,0,20190208 19:19:08,1736                          ,  101, 9999,  101,  101,    0,     0,     0
 ED5.2,1492                          ,1736                          ,                    ,1635      ,                ,  101,                    ,                              ,14,0,20190208 19:19:08,    0,         0,         0,65535,65535, 9999,2,                ,0000000,0, 0,         0,    0,0000000000000000000000000000000000000000,0000000000000000000000000000000000000000,         0,         0,         0,         0,1, 0, 0, 0,1378                          ,    0,         0,1,20190208 19:19:08,1736                          ,  101, 9999,  101,  101,    0,     0,     0
 ED5.2,1032                          ,1350                          ,                    ,1632      ,                ,  101,                    ,                              ,14,0,20190208 19:19:14,    0,         0,         0,65535,65535, 9999,2,                ,0000000,0, 0,         0,    0,0000000000000000000000000000000000000000,0000000000000000000000000000000000000000,         0,         0,         0,         0,1, 0, 0, 0,1032                          ,    0,         0,0,20190208 19:19:14,1350                          ,  101, 9999,  101,  101,    0,     0,     0
 ED5.2,1032                          ,1085                          ,                    ,1949      ,                ,  101,                    ,                              ,14,0,20190208 19:19:15,    0,         0,        78,65535,65535, 9999,2,                ,0000000,0, 0,         0,    0,0000000000000000000000000000000000000000,0000000000000000000000000000000000000000,         0,         0,         0,         0,1, 0, 0, 0,1032                          ,    0,        78,0,20190208 19:17:57,1085                          ,  101, 9999,  101,  101,    0,     0,     0
 ED5.2,1431                          ,1071                          ,                    ,1215      ,                ,  101,                    ,                              ,14,0,20190208 19:19:17,    0,         0,        17,65535,65535, 9999,2,                ,0000000,0, 0,         0,    0,0000000000000000000000000000000000000000,0000000000000000000000000000000000000000,         0,         0,         0,         0,1, 0, 0, 0,1431                          ,    0,        17,0,20190208 19:19:00,1071                          ,  101, 9999,  101,  101,    0,     0,     0
 ED5.2,1129                          ,1736                          ,                    ,1635      ,                ,  101,                    ,                              ,14,0,20190208 19:20:21,    0,         0,        10,65535,65535, 9999,2,                ,0000000,0, 0,         0,    0,0000000000000000000000000000000000000000,0000000000000000000000000000000000000000,         0,         0,         0,         0,1, 0, 0, 0,1129                          ,    0,        10,0,20190208 19:20:11,1736                          ,  101, 9999,  101,  101,    0,     0,     0
 ED5.2,4013                          ,4087                          ,                    ,2952      ,                ,  101,                    ,                              ,14,0,20190208 19:20:34,    0,         0,       615,65535,65535, 9999,2,                ,0000000,0, 0,         0,    0,0000000000000000000000000000000000000000,0000000000000000000000000000000000000000,         0,         0,         0,         0,1, 0, 0, 0,4013                          ,    0,       615,0,20190208 19:10:19,4087                          ,  101, 9999,  101,  101,    0,     0,     0
 ED5.2,1515                          ,1207                          ,                    ,1215      ,                ,  101,                    ,                              ,14,0,20190208 19:21:08,    0,         0,        19,65535,65535, 9999,2,                ,0000000,0, 0,         0,    0,0000000000000000000000000000000000000000,0000000000000000000000000000000000000000,         0,         0,         0,         0,1, 0, 0, 0,1515                          ,    0,        19,0,20190208 19:20:49,1207                          ,  101, 9999,  101,  101,    0,     0,     0
 ED5.2,1210                          ,1437                          ,                    ,1215      ,                ,  101,                    ,                              ,14,0,20190208 19:21:09,    0,         0,       115,65535,65535, 9999,2,                ,0000000,0, 0,         0,    0,0000000000000000000000000000000000000000,0000000000000000000000000000000000000000,         0,         0,         0,         0,1, 0, 0, 0,1210                          ,    0,       115,0,20190208 19:19:14,1437                          ,  101, 9999,  101,  101,    0,     0,     0
 ED5.2,6604876                       ,1024                          ,DANIEL ANDRE TAN    ,1638      ,                ,  101,                    ,                              , 0,2,20190208 19:21:47,    0,         0,       108,10002,   11,  101,2,                ,0010000,2, 1,         0,    0,1000000000000000000000000000000000000000,0000000000000000000000010000000000001000,         0,         0,         0,         0,1, 0, 0, 0,6604876                       ,    0,         0,0,20190208 19:19:59,1024                          , 9999, 9999, 9999,  101,32767,     0,     0
 ED5.2,1434                          ,1515                          ,                    ,1215      ,                ,  101,                    ,                              ,14,0,20190208 19:22:05,    0,         0,         0,65535,65535, 9999,2,                ,0000000,0, 0,         0,    0,0000000000000000000000000000000000000000,0000000000000000000000000000000000000000,         0,         0,         0,         0,1, 0, 0, 0,1071                          ,    0,         0,1,20190208 19:22:05,1515                          ,  101, 9999,  101,  101,    0,     0,     0
 ED5.2,1307                          ,1736                          ,                    ,1635      ,                ,  101,                    ,                              ,14,0,20190208 19:22:32,    0,         0,        11,65535,65535, 9999,2,                ,0000000,0, 0,         0,    0,0000000000000000000000000000000000000000,0000000000000000000000000000000000000000,         0,         0,         0,         0,1, 0, 0, 0,1307                          ,    0,        11,0,20190208 19:22:21,1736                          ,  101, 9999,  101,  101,    0,     0,     0
 ED5.2,7436769                       ,1060                          ,NELLY CORTES C      ,1630      ,                ,  101,                    ,                              , 4,2,20190208 19:22:39,    0,         0,         0,  120,   20,  101,2,                ,0000000,3, 0,         0,    0,0000000000000000000000000000000000000000,0000000000000000000000010000000000000000,         0,         0,         0,         0,1, 0, 0, 0,1060                          ,   80,         0,0,20190208 19:22:39,                              , 9999, 9999, 9999, 9999,32767,     0,     0
 ED5.2,1438                          ,1736                          ,                    ,1635      ,                ,  101,                    ,                              ,14,0,20190208 19:22:51,    0,         0,         7,65535,65535, 9999,2,                ,0000000,0, 0,         0,    0,0000000000000000000000000000000000000000,0000000000000000000000000000000000000000,         0,         0,         0,         0,1, 0, 0, 0,1438                          ,    0,         7,0,20190208 19:22:44,1736                          ,  101, 9999,  101,  101,    0,     0,     0
 ED5.2,1431                          ,1071                          ,                    ,1215      ,                ,  101,                    ,                              ,14,0,20190208 19:23:02,    0,         0,        82,65535,65535, 9999,2,                ,0000000,0, 0,         0,    0,0000000000000000000000000000000000000000,0000000000000000000000000000000000000000,         0,         0,         0,         0,1, 0, 0, 0,1431                          ,    0,        82,0,20190208 19:21:40,1071                          ,  101, 9999,  101,  101,    0,     0,     0
 ED5.2,7436769                       ,FS020                         ,ETB                 ,          ,                ,  101,                    ,                              , 4,2,20190208 19:23:37,    0,         0,         4,  120,   20,  101,2,                ,0000000,3, 0,         0,    0,0000000000000000000000000000000000000000,0000000000000000000000010000000000000000,         0,         0,         0,         0,1, 0, 0, 0,A800                          ,    4,         0,0,20190208 19:23:33,                              , 9999, 9999, 9999, 9999,32767,     0,     0
 ED5.2,1032                          ,1350                          ,                    ,1632      ,                ,  101,                    ,                              ,14,0,20190208 19:24:03,    0,         0,        49,65535,65535, 9999,2,                ,0000000,0, 0,         0,    0,0000000000000000000000000000000000000000,0000000000000000000000000000000000000000,         0,         0,         0,         0,1, 0, 0, 0,1032                          ,    0,        49,0,20190208 19:23:14,1350                          ,  101, 9999,  101,  101,    0,     0,     0
 ED5.2,9064305                       ,1447                          ,RUBY ELSA ALFONS    ,1632      ,                ,  101,                    ,                              , 0,2,20190208 19:25:12,    0,         0,       385,10001,   11,  101,2,                ,0010000,2, 1,         0,    0,1000000000000000000000000000000000000000,0000000000000000000000010000000000001000,         0,         0,         0,         0,1, 0, 0, 0,9064305                       ,    0,         0,0,20190208 19:18:47,1447                          , 9999, 9999, 9999,  101,32767,     0,     0
 ED5.2,3306626                       ,2051                          ,SANDRA BONILLA      ,4741      ,                ,  101,                    ,                              , 0,2,20190208 19:26:39,    0,         0,       134,  322,   65,  101,2,                ,0010000,2, 1,         0,    0,1000000000000000000000000000000000000000,0000000000000000000000010000000000001000,         0,         0,         0,         0,1, 0, 0, 0,3306626                       ,    0,         0,0,20190208 19:24:25,2051                          , 9999, 9999, 9999,  101,32767,     0,     0
 ED5.2,5120                          ,5133                          ,                    ,3632      ,                ,  101,                    ,                              ,14,0,20190208 19:27:05,    0,         0,       130,65535,65535, 9999,2,                ,0000000,0, 0,         0,    0,0000000000000000000000000000000000000000,0000000000000000000000000000000000000000,         0,         0,         0,         0,1, 0, 0, 0,5120                          ,    0,       130,0,20190208 19:24:55,5133                          ,  101, 9999,  101,  101,    0,     0,     0
 ED5.2,7558653                       ,1183                          ,PEDRO NICOLA CAS    ,1673      ,                ,  101,                    ,                              , 0,2,20190208 19:27:11,    0,         0,         0,10003,   11,  101,2,                ,0010000,2, 1,         0,    0,1000000000000000000000000000000000000000,0000000000000000000000010000000000001000,         0,         0,         0,         0,1, 0, 0, 0,7558653                       ,    0,         0,0,20190208 19:27:11,1183                          , 9999, 9999, 9999,  101,32767,     0,     0
 ED5.2,66048                         ,1307                          ,DANIELA SEGURA F    ,1633      ,                ,  101,                    ,                              , 0,2,20190208 19:27:33,    0,         0,         0,10003,   11,  101,2,                ,0010000,2, 1,         0,    0,1000000000000000000000000000000000000000,0000000000000000000000010000000000001000,         0,         0,         0,         0,1, 0, 0, 0,66048                         ,    0,         0,0,20190208 19:27:33,1307                          , 9999, 9999, 9999,  101,32767,     0,     0
 ED5.2,7436769                       ,1060                          ,NELLY CORTES C      ,1630      ,                ,  101,                    ,                              , 4,2,20190208 19:28:19,    0,         0,         0,  120,   20,  101,2,                ,0000000,3, 0,         0,    0,0000000000000000000000000000000000000000,0000000000000000000000010000000000000000,         0,         0,         0,         0,1, 0, 0, 0,1060                          ,   87,         0,0,20190208 19:28:19,                              , 9999, 9999, 9999, 9999,32767,     0,     0
 ED5.2,1439                          ,1415                          ,                    ,1945      ,                ,  101,                    ,                              ,14,0,20190208 19:28:31,    0,         0,       115,65535,65535, 9999,2,                ,0000000,0, 0,         0,    0,0000000000000000000000000000000000000000,0000000000000000000000000000000000000000,         0,         0,         0,         0,1, 0, 0, 0,1439                          ,    0,       115,0,20190208 19:26:36,1415                          ,  101, 9999,  101,  101,    0,     0,     0
 ED5.2,1244                          ,1252                          ,                    ,1215      ,                ,  101,                    ,                              ,14,0,20190208 19:28:31,    0,         0,        49,65535,65535, 9999,2,                ,0000000,0, 0,         0,    0,0000000000000000000000000000000000000000,0000000000000000000000000000000000000000,         0,         0,         0,         0,1, 0, 0, 0,1244                          ,    0,        49,0,20190208 19:27:42,1252                          ,  101, 9999,  101,  101,    0,     0,     0
 ED5.2,6604869                       ,1307                          ,DANIELA SEGURA F    ,1633      ,                ,  101,                    ,                              , 0,2,20190208 19:28:40,    0,         0,         0,10003,   11,  101,2,                ,0010000,2, 1,         0,    0,1000000000000000000000000000000000000000,0000000000000000000000010000000000001000,         0,         0,         0,         0,1, 0, 0, 0,6604869                       ,    0,         0,0,20190208 19:28:40,1307                          , 9999, 9999, 9999,  101,32767,     0,     0
 ED5.2,6604876                       ,1307                          ,DANIELA SEGURA F    ,1633      ,                ,  101,                    ,                              , 0,2,20190208 19:28:48,    0,         0,         0,10003,   11,  101,2,                ,0010000,2, 1,         0,    0,1000000000000000000000000000000000000000,0000000000000000000000010000000000001000,         0,         0,         0,         0,1, 0, 0, 0,6604876                       ,    0,         0,0,20190208 19:28:48,1307                          , 9999, 9999, 9999,  101,32767,     0,     0
 ED5.2,6604876                       ,1314                          ,INGENIERO DESARR    ,1945      ,                ,  101,                    ,                              , 0,2,20190208 19:28:48,    0,         0,        97,10002,   11,  101,2,                ,0010000,2, 1,         0,    0,1000000000000000000000000000000000000000,0000000000000000000000010000000000001000,         0,         0,         0,         0,1, 0, 0, 0,6604876                       ,    0,         0,0,20190208 19:27:11,1314                          , 9999, 9999, 9999,  101,32767,     0,     0
 ED5.2,1553                          ,1822                          ,                    ,1632      ,                ,  101,                    ,                              ,14,0,20190208 19:29:09,    0,         0,        14,65535,65535, 9999,2,                ,0000000,0, 0,         0,    0,0000000000000000000000000000000000000000,0000000000000000000000000000000000000000,         0,         0,         0,         0,1, 0, 0, 0,1553                          ,    0,        14,0,20190208 19:28:55,1822                          ,  101, 9999,  101,  101,    0,     0,     0
 ED5.2,4719724                       ,1228                          ,COORD PROCES ADI    ,1949      ,                ,  101,                    ,                              , 0,2,20190208 19:29:32,    0,         0,        47,10865,   82,  101,2,                ,0010000,2, 1,         0,    0,1000000000000000000000000000000000000000,0000000000000000000000010000000000001000,         0,         0,         0,         0,1, 0, 0, 0,4719724                       ,    0,         0,0,20190208 19:28:45,1228                          , 9999, 9999, 9999,  101,32767,     0,     0
 ED5.2,1553                          ,1822                          ,                    ,1632      ,                ,  101,                    ,                              ,14,0,20190208 19:30:14,    0,         0,        59,65535,65535, 9999,2,                ,0000000,0, 0,         0,    0,0000000000000000000000000000000000000000,0000000000000000000000000000000000000000,         0,         0,         0,         0,1, 0, 0, 0,1553                          ,    0,        59,0,20190208 19:29:15,1822                          ,  101, 9999,  101,  101,    0,     0,     0
 ED5.2,3865992                       ,1164                          ,LINA MARIA VELEZ    ,1945      ,                ,  101,                    ,                              , 0,2,20190208 19:30:34,    0,         0,       284,10001,   11,  101,2,                ,0010000,2, 1,         0,    0,1000000000000000000000000000000000000000,0000000000000000000000010000000000001000,         0,         0,         0,         0,1, 0, 0, 0,3865992                       ,    0,         0,0,20190208 19:25:50,1164                          , 9999, 9999, 9999,  101,32767,     0,     0
 ED5.2,1120                          ,1671                          ,                    ,1633      ,                ,  101,                    ,                              ,14,0,20190208 19:30:37,    0,         0,         0,65535,65535, 9999,2,                ,0000000,0, 0,         0,    0,0000000000000000000000000000000000000000,0000000000000000000000000000000000000000,         0,         0,         0,         0,1, 0, 0, 0,1120                          ,    0,         0,0,20190208 19:30:37,1671                          ,  101, 9999,  101,  101,    0,     0,     0
 ED5.2,1120                          ,1671                          ,                    ,1633      ,                ,  101,                    ,                              ,14,0,20190208 19:30:54,    0,         0,         0,65535,65535, 9999,2,                ,0000000,0, 0,         0,    0,0000000000000000000000000000000000000000,0000000000000000000000000000000000000000,         0,         0,         0,         0,1, 0, 0, 0,1120                          ,    0,         0,0,20190208 19:30:54,1671                          ,  101, 9999,  101,  101,    0,     0,     0
 ED5.2,1009                          ,1671                          ,                    ,1633      ,                ,  101,                    ,                              ,14,0,20190208 19:30:55,    0,         0,         0,65535,65535, 9999,2,                ,0000000,0, 0,         0,    0,0000000000000000000000000000000000000000,0000000000000000000000000000000000000000,         0,         0,         0,         0,1, 0, 0, 0,1120                          ,    0,         0,1,20190208 19:30:55,1671                          ,  101, 9999,  101,  101,    0,     0,     0
 ED5.2,4468996                       ,2031                          ,MELISSA YOHA VAL    ,4952      ,                ,  101,                    ,                              , 0,2,20190208 19:32:11,    0,         0,         0,  323,   65,  101,2,                ,0010000,2, 1,         0,    0,1000000000000000000000000000000000000000,0000000000000000000000010000000000001000,         0,         0,         0,         0,1, 0, 0, 0,4468996                       ,    0,         0,0,20190208 19:32:11,2031                          , 9999, 9999, 9999,  101,32767,     0,     0
 ED5.2,1869                          ,1431                          ,                    ,1215      ,                ,  101,                    ,                              ,14,0,20190208 19:33:01,    0,         0,        94,65535,65535, 9999,2,                ,0000000,0, 0,         0,    0,0000000000000000000000000000000000000000,0000000000000000000000000000000000000000,         0,         0,         0,         0,1, 0, 0, 0,1869                          ,    0,        94,0,20190208 19:31:27,1431                          ,  101, 9999,  101,  101,    0,     0,     0
 ED5.2,6604869                       ,1307                          ,DANIELA SEGURA F    ,1633      ,                ,  101,                    ,                              , 0,2,20190208 19:33:02,    0,         0,       241,10002,   11,  101,2,                ,0010000,2, 1,         0,    0,1000000000000000000000000000000000000000,0000000000000000000000010000000000001000,         0,         0,         0,         0,1, 0, 0, 0,6604869                       ,    0,         0,0,20190208 19:29:01,1307                          , 9999, 9999, 9999,  101,32767,     0,     0
 ED5.2,1557                          ,1736                          ,                    ,1635      ,                ,  101,                    ,                              ,14,0,20190208 19:34:57,    0,         0,         0,65535,65535, 9999,2,                ,0000000,0, 0,         0,    0,0000000000000000000000000000000000000000,0000000000000000000000000000000000000000,         0,         0,         0,         0,1, 0, 0, 0,1557                          ,    0,         0,0,20190208 19:34:57,1736                          ,  101, 9999,  101,  101,    0,     0,     0
 ED5.2,1012                          ,1736                          ,                    ,1635      ,                ,  101,                    ,                              ,14,0,20190208 19:35:12,    0,         0,         0,65535,65535, 9999,2,                ,0000000,0, 0,         0,    0,0000000000000000000000000000000000000000,0000000000000000000000000000000000000000,         0,         0,         0,         0,1, 0, 0, 0,1557                          ,    0,         0,1,20190208 19:35:12,1736                          ,  101, 9999,  101,  101,    0,     0,     0
 ED5.2,7520842                       ,1743                          ,NICOLAS AUGU MAR    ,1741      ,                ,  101,                    ,                              , 0,2,20190208 19:35:13,    0,         0,       105,10002,   11,  101,2,                ,0010000,2, 1,         0,    0,1000000000000000000000000000000000000000,0000000000000000000000010000000000001000,         0,         0,         0,         0,1, 0, 0, 0,7520842                       ,    0,         0,0,20190208 19:33:28,1743                          , 9999, 9999, 9999,  101,32767,     0,     0
 ED5.2,1568                          ,3115                          ,                    ,1979      ,                ,  101,                    ,                              ,14,0,20190208 19:35:17,    0,         0,        10,65535,65535, 9999,2,                ,0000000,0, 0,         0,    0,0000000000000000000000000000000000000000,0000000000000000000000000000000000000000,         0,         0,         0,         0,1, 0, 0, 0,1568                          ,    0,        10,0,20190208 19:35:07,3115                          ,  101, 9999,  101,  101,    0,     0,     0
 ED5.2,7580508                       ,3136                          ,MARIA ALEJAN MON    ,1672      ,                ,  101,                    ,                              , 0,2,20190208 19:35:28,    0,         0,       217,10001,   11,  101,2,                ,0010000,2, 1,         0,    0,1000000000000000000000000000000000000000,0000000000000000000000010000000000001000,         0,         0,         0,         0,1, 0, 0, 0,7580508                       ,    0,         0,0,20190208 19:31:51,3136                          , 9999, 9999, 9999,  101,32767,     0,     0
 ED5.2,1331                          ,1736                          ,                    ,1635      ,                ,  101,                    ,                              ,14,0,20190208 19:35:28,    0,         0,         0,65535,65535, 9999,2,                ,0000000,0, 0,         0,    0,0000000000000000000000000000000000000000,0000000000000000000000000000000000000000,         0,         0,         0,         0,1, 0, 0, 0,1557                          ,    0,         0,1,20190208 19:35:28,1736                          ,  101, 9999,  101,  101,    0,     0,     0
 ED5.2,1557                          ,1736                          ,                    ,1635      ,                ,  101,                    ,                              ,14,0,20190208 19:35:43,    0,         0,         0,65535,65535, 9999,2,                ,0000000,0, 0,         0,    0,0000000000000000000000000000000000000000,0000000000000000000000000000000000000000,         0,         0,         0,         0,1, 0, 0, 0,1557                          ,    0,         0,1,20190208 19:35:43,1736                          ,  101, 9999,  101,  101,    0,     0,     0
 ED5.2,1012                          ,1736                          ,                    ,1635      ,                ,  101,                    ,                              ,14,0,20190208 19:35:46,    0,         0,         0,65535,65535, 9999,2,                ,0000000,0, 0,         0,    0,0000000000000000000000000000000000000000,0000000000000000000000000000000000000000,         0,         0,         0,         0,1, 0, 0, 0,1557                          ,    0,         0,1,20190208 19:35:46,1736                          ,  101, 9999,  101,  101,    0,     0,     0
 ED5.2,1032                          ,1085                          ,                    ,1949      ,                ,  101,                    ,                              ,14,0,20190208 19:35:47,    0,         0,        14,65535,65535, 9999,2,                ,0000000,0, 0,         0,    0,0000000000000000000000000000000000000000,0000000000000000000000000000000000000000,         0,         0,         0,         0,1, 0, 0, 0,1032                          ,    0,        14,0,20190208 19:35:33,1085                          ,  101, 9999,  101,  101,    0,     0,     0
 ED5.2,1671                          ,1120                          ,                    ,1154      ,                ,  101,                    ,                              ,14,0,20190208 19:36:13,    0,         0,         0,65535,65535, 9999,2,                ,0000000,0, 0,         0,    0,0000000000000000000000000000000000000000,0000000000000000000000000000000000000000,         0,         0,         0,         0,1, 0, 0, 0,1671                          ,    0,         0,0,20190208 19:36:13,1120                          ,  101, 9999,  101,  101,    0,     0,     0
 ED5.2,9254830                       ,1252                          ,ANA CAROLINA FAJ    ,1215      ,                ,  101,                    ,                              , 0,2,20190208 19:37:00,    0,         0,         0,10865,   82,  101,2,                ,0010000,2, 1,         0,    0,1000000000000000000000000000000000000000,0000000000000000000000010000000000001000,         0,         0,         0,         0,1, 0, 0, 0,9254830                       ,    0,         0,0,20190208 19:37:00,1252                          , 9999, 9999, 9999,  101,32767,     0,     0
 ED5.2,9254830                       ,1252                          ,ANA CAROLINA FAJ    ,1215      ,                ,  101,                    ,                              , 0,2,20190208 19:37:17,    0,         0,         0,10865,   82,  101,2,                ,0010000,2, 1,         0,    0,1000000000000000000000000000000000000000,0000000000000000000000010000000000001000,         0,         0,         0,         0,1, 0, 0, 0,9254830                       ,    0,         0,0,20190208 19:37:17,1252                          , 9999, 9999, 9999,  101,32767,     0,     0
 ED5.2,9254830                       ,1252                          ,ANA CAROLINA FAJ    ,1215      ,                ,  101,                    ,                              , 0,2,20190208 19:37:20,    0,         0,         0,10001,   11,  101,2,                ,0010000,2, 1,         0,    0,1000000000000000000000000000000000000000,0000000000000000000000010000000000001000,         0,         0,         0,         0,1, 0, 0, 0,9254830                       ,    0,         0,0,20190208 19:37:20,1252                          , 9999, 9999, 9999,  101,32767,     0,     0
 ED5.2,1557                          ,1736                          ,                    ,1635      ,                ,  101,                    ,                              ,14,0,20190208 19:37:26,    0,         0,         0,65535,65535, 9999,2,                ,0000000,0, 0,         0,    0,0000000000000000000000000000000000000000,0000000000000000000000000000000000000000,         0,         0,         0,         0,1, 0, 0, 0,1557                          ,    0,         0,0,20190208 19:37:26,1736                          ,  101, 9999,  101,  101,    0,     0,     0
 ED5.2,9254830                       ,1252                          ,ANA CAROLINA FAJ    ,1215      ,                ,  101,                    ,                              , 0,2,20190208 19:37:35,    0,         0,         0,10865,   82,  101,2,                ,0010000,2, 1,         0,    0,1000000000000000000000000000000000000000,0000000000000000000000010000000000001000,         0,         0,         0,         0,1, 0, 0, 0,9254830                       ,    0,         0,0,20190208 19:37:35,1252                          , 9999, 9999, 9999,  101,32767,     0,     0
 ED5.2,9254830                       ,1252                          ,ANA CAROLINA FAJ    ,1215      ,                ,  101,                    ,                              , 0,2,20190208 19:37:40,    0,         0,         0,10001,   11,  101,2,                ,0010000,2, 1,         0,    0,1000000000000000000000000000000000000000,0000000000000000000000010000000000001000,         0,         0,         0,         0,1, 0, 0, 0,9254830                       ,    0,         0,0,20190208 19:37:40,1252                          , 9999, 9999, 9999,  101,32767,     0,     0
 ED5.2,1012                          ,1736                          ,                    ,1635      ,                ,  101,                    ,                              ,14,0,20190208 19:37:41,    0,         0,         0,65535,65535, 9999,2,                ,0000000,0, 0,         0,    0,0000000000000000000000000000000000000000,0000000000000000000000000000000000000000,         0,         0,         0,         0,1, 0, 0, 0,1557                          ,    0,         0,1,20190208 19:37:41,1736                          ,  101, 9999,  101,  101,    0,     0,     0
 ED5.2,1331                          ,1736                          ,                    ,1635      ,                ,  101,                    ,                              ,14,0,20190208 19:37:57,    0,         0,         0,65535,65535, 9999,2,                ,0000000,0, 0,         0,    0,0000000000000000000000000000000000000000,0000000000000000000000000000000000000000,         0,         0,         0,         0,1, 0, 0, 0,1557                          ,    0,         0,1,20190208 19:37:57,1736                          ,  101, 9999,  101,  101,    0,     0,     0
 ED5.2,1557                          ,1736                          ,                    ,1635      ,                ,  101,                    ,                              ,14,0,20190208 19:38:34,    0,         0,        35,65535,65535, 9999,2,                ,0000000,0, 0,         0,    0,0000000000000000000000000000000000000000,0000000000000000000000000000000000000000,         0,         0,         0,         0,1, 0, 0, 0,1557                          ,    0,        35,1,20190208 19:37:59,1736                          ,  101, 9999,  101,  101,    0,     0,     0
 ED5.2,3115                          ,1568                          ,                    ,1365      ,                ,  101,                    ,                              ,14,0,20190208 19:39:12,    0,         0,         0,65535,65535, 9999,2,                ,0000000,0, 0,         0,    0,0000000000000000000000000000000000000000,0000000000000000000000000000000000000000,         0,         0,         0,         0,1, 0, 0, 0,3115                          ,    0,         0,0,20190208 19:39:12,1568                          ,  101, 9999,  101,  101,    0,     0,     0
 ED5.2,88                            ,1568                          ,                    ,1365      ,                ,  101,                    ,                              ,14,0,20190208 19:39:13,    0,         0,         1,65535,65535, 9999,2,                ,0000000,0, 0,         0,    0,0000000000000000000000000000000000000000,0000000000000000000000000000000000000000,         0,         0,         0,         0,1, 0, 0, 0,3115                          ,    0,         1,1,20190208 19:39:12,1568                          ,  101, 9999,  101,  101,    0,     0,     0
 ED5.2,7436769                       ,1060                          ,NELLY CORTES C      ,1630      ,                ,  101,                    ,                              , 4,2,20190208 19:39:49,    0,         0,         0,  120,   20,  101,2,                ,0000000,3, 0,         0,    0,0000000000000000000000000000000000000000,0000000000000000000000010000000000000000,         0,         0,         0,         0,1, 0, 0, 0,1060                          ,   80,         0,0,20190208 19:39:49,                              , 9999, 9999, 9999, 9999,32767,     0,     0
 ED5.2,7710689                       ,3228                          ,ALBA ROSA BOTERO    ,1979      ,                ,  101,                    ,                              , 0,2,20190208 19:41:00,    0,         0,        31,10001,   11,  101,2,                ,0010000,2, 1,         0,    0,1000000000000000000000000000000000000000,0000000000000000000000010000000000001000,         0,         0,         0,         0,1, 0, 0, 0,7710689                       ,    0,         0,0,20190208 19:40:29,3228                          , 9999, 9999, 9999,  101,32767,     0,     0
 ED5.2,6604876                       ,1487                          ,HEIDY LILIAN ANG    ,1952      ,                ,  101,                    ,                              , 0,2,20190208 19:41:28,    0,         0,        19,10001,   11,  101,2,                ,0010000,2, 1,         0,    0,1000000000000000000000000000000000000000,0000000000000000000000010000000000001000,         0,         0,         0,         0,1, 0, 0, 0,6604876                       ,    0,         0,0,20190208 19:41:09,1487                          , 9999, 9999, 9999,  101,32767,     0,     0
 ED5.2,1534                          ,1736                          ,                    ,1635      ,                ,  101,                    ,                              ,14,0,20190208 19:41:48,    0,         0,        11,65535,65535, 9999,2,                ,0000000,0, 0,         0,    0,0000000000000000000000000000000000000000,0000000000000000000000000000000000000000,         0,         0,         0,         0,1, 0, 0, 0,1534                          ,    0,        11,0,20190208 19:41:37,1736                          ,  101, 9999,  101,  101,    0,     0,     0
 ED5.2,1032                          ,1736                          ,                    ,1635      ,                ,  101,                    ,                              ,14,0,20190208 19:42:08,    0,         0,         8,65535,65535, 9999,2,                ,0000000,0, 0,         0,    0,0000000000000000000000000000000000000000,0000000000000000000000000000000000000000,         0,         0,         0,         0,1, 0, 0, 0,1032                          ,    0,         8,0,20190208 19:42:00,1736                          ,  101, 9999,  101,  101,    0,     0,     0
 ED5.2,3107                          ,1736                          ,                    ,1635      ,                ,  101,                    ,                              ,14,0,20190208 19:42:28,    0,         0,         9,65535,65535, 9999,2,                ,0000000,0, 0,         0,    0,0000000000000000000000000000000000000000,0000000000000000000000000000000000000000,         0,         0,         0,         0,1, 0, 0, 0,3107                          ,    0,         9,0,20190208 19:42:19,1736                          ,  101, 9999,  101,  101,    0,     0,     0
 ED5.2,7756370                       ,1228                          ,COORD PROCES ADI    ,1949      ,                ,  101,                    ,                              , 0,2,20190208 19:42:28,    0,         0,        40,10865,   82,  101,2,                ,0010000,2, 1,         0,    0,1000000000000000000000000000000000000000,0000000000000000000000010000000000001000,         0,         0,         0,         0,1, 0, 0, 0,7756370                       ,    0,         0,0,20190208 19:41:48,1228                          , 9999, 9999, 9999,  101,32767,     0,     0
 ED5.2,7436769                       ,1060                          ,NELLY CORTES C      ,1630      ,                ,  101,                    ,                              , 4,2,20190208 19:42:29,    0,         0,         0,  120,   20,  101,2,                ,0000000,3, 0,         0,    0,0000000000000000000000000000000000000000,0000000000000000000000010000000000000000,         0,         0,         0,         0,1, 0, 0, 0,1060                          ,   83,         0,0,20190208 19:42:29,                              , 9999, 9999, 9999, 9999,32767,     0,     0
 ED5.2,1041                          ,1766                          ,                    ,1952      ,                ,  101,                    ,                              ,14,0,20190208 19:46:38,    0,         0,         0,65535,65535, 9999,2,                ,0000000,0, 0,         0,    0,0000000000000000000000000000000000000000,0000000000000000000000000000000000000000,         0,         0,         0,         0,1, 0, 0, 0,1041                          ,    0,         0,0,20190208 19:46:38,1766                          ,  101, 9999,  101,  101,    0,     0,     0
 ED5.2,1150                          ,1736                          ,                    ,1635      ,                ,  101,                    ,                              ,14,0,20190208 19:46:49,    0,         0,         0,65535,65535, 9999,2,                ,0000000,0, 0,         0,    0,0000000000000000000000000000000000000000,0000000000000000000000000000000000000000,         0,         0,         0,         0,1, 0, 0, 0,1150                          ,    0,         0,0,20190208 19:46:49,1736                          ,  101, 9999,  101,  101,    0,     0,     0
 ED5.2,1559                          ,1766                          ,                    ,1952      ,                ,  101,                    ,                              ,14,0,20190208 19:46:55,    0,         0,         0,65535,65535, 9999,2,                ,0000000,0, 0,         0,    0,0000000000000000000000000000000000000000,0000000000000000000000000000000000000000,         0,         0,         0,         0,1, 0, 0, 0,1559                          ,    0,         0,0,20190208 19:46:55,1766                          ,  101, 9999,  101,  101,    0,     0,     0
 ED5.2,1041                          ,1766                          ,                    ,1952      ,                ,  101,                    ,                              ,14,0,20190208 19:46:56,    0,         0,         0,65535,65535, 9999,2,                ,0000000,0, 0,         0,    0,0000000000000000000000000000000000000000,0000000000000000000000000000000000000000,         0,         0,         0,         0,1, 0, 0, 0,1559                          ,    0,         0,1,20190208 19:46:56,1766                          ,  101, 9999,  101,  101,    0,     0,     0
 ED5.2,1325                          ,1736                          ,                    ,1635      ,                ,  101,                    ,                              ,14,0,20190208 19:47:05,    0,         0,         0,65535,65535, 9999,2,                ,0000000,0, 0,         0,    0,0000000000000000000000000000000000000000,0000000000000000000000000000000000000000,         0,         0,         0,         0,1, 0, 0, 0,1150                          ,    0,         0,1,20190208 19:47:05,1736                          ,  101, 9999,  101,  101,    0,     0,     0
 ED5.2,7436769                       ,1060                          ,NELLY CORTES C      ,1630      ,                ,  101,                    ,                              , 4,2,20190208 19:47:29,    0,         0,         0,  120,   20,  101,2,                ,0000000,3, 0,         0,    0,0000000000000000000000000000000000000000,0000000000000000000000010000000000000000,         0,         0,         0,         0,1, 0, 0, 0,1060                          ,   84,         0,0,20190208 19:47:29,                              , 9999, 9999, 9999, 9999,32767,     0,     0
 ED5.2,1150                          ,1736                          ,                    ,1635      ,                ,  101,                    ,                              ,14,0,20190208 19:47:44,    0,         0,        36,65535,65535, 9999,2,                ,0000000,0, 0,         0,    0,0000000000000000000000000000000000000000,0000000000000000000000000000000000000000,         0,         0,         0,         0,1, 0, 0, 0,1150                          ,    0,        36,1,20190208 19:47:08,1736                          ,  101, 9999,  101,  101,    0,     0,     0
 ED5.2,6604869                       ,1409                          ,JESIKA ALEJA ESC    ,1952      ,                ,  101,                    ,                              , 0,2,20190208 19:48:04,    0,         0,        55,10001,   11,  101,2,                ,0010000,2, 1,         0,    0,1000000000000000000000000000000000000000,0000000000000000000000010000000000001000,         0,         0,         0,         0,1, 0, 0, 0,6604869                       ,    0,         0,0,20190208 19:47:09,1409                          , 9999, 9999, 9999,  101,32767,     0,     0
 ED5.2,1431                          ,1822                          ,                    ,1632      ,                ,  101,                    ,                              ,14,0,20190208 19:49:02,    0,         0,        84,65535,65535, 9999,2,                ,0000000,0, 0,         0,    0,0000000000000000000000000000000000000000,0000000000000000000000000000000000000000,         0,         0,         0,         0,1, 0, 0, 0,1431                          ,    0,        84,0,20190208 19:47:38,1822                          ,  101, 9999,  101,  101,    0,     0,     0
 ED5.2,7461166                       ,FS020                         ,ETB                 ,          ,                ,  101,                    ,                              , 4,2,20190208 19:49:58,    0,         0,         5,  120,   20,  101,2,                ,0000000,3, 0,         0,    0,0000000000000000000000000000000000000000,0000000000000000000000010000000000000000,         0,         0,         0,         0,1, 0, 0, 0,A800                          ,    5,         0,0,20190208 19:49:53,                              , 9999, 9999, 9999, 9999,32767,     0,     0
 ED5.2,3108                          ,1032                          ,                    ,1632      ,                ,  101,                    ,                              ,14,0,20190208 19:50:00,    0,         0,        71,65535,65535, 9999,2,                ,0000000,0, 0,         0,    0,0000000000000000000000000000000000000000,0000000000000000000000000000000000000000,         0,         0,         0,         0,1, 0, 0, 0,3108                          ,    0,        71,0,20190208 19:48:49,1032                          ,  101, 9999,  101,  101,    0,     0,     0
 ED5.2,1032                          ,1736                          ,                    ,1635      ,                ,  101,                    ,                              ,14,0,20190208 19:50:06,    0,         0,         3,65535,65535, 9999,2,                ,0000000,0, 0,         0,    0,0000000000000000000000000000000000000000,0000000000000000000000000000000000000000,         0,         0,         0,         0,1, 0, 0, 0,1032                          ,    0,         3,0,20190208 19:50:03,1736                          ,  101, 9999,  101,  101,    0,     0,     0
 ED5.2,1402                          ,1594                          ,                    ,1952      ,                ,  101,                    ,                              ,14,0,20190208 19:50:30,    0,         0,       123,65535,65535, 9999,2,                ,0000000,0, 0,         0,    0,0000000000000000000000000000000000000000,0000000000000000000000000000000000000000,         0,         0,         0,         0,1, 0, 0, 0,1402                          ,    0,       123,0,20190208 19:48:27,1594                          ,  101, 9999,  101,  101,    0,     0,     0
 ED5.2,1431                          ,1869                          ,                    ,1949      ,                ,  101,                    ,                              ,14,0,20190208 19:50:54,    0,         0,        97,65535,65535, 9999,2,                ,0000000,0, 0,         0,    0,0000000000000000000000000000000000000000,0000000000000000000000000000000000000000,         0,         0,         0,         0,1, 0, 0, 0,1431                          ,    0,        97,0,20190208 19:49:17,1869                          ,  101, 9999,  101,  101,    0,     0,     0
 ED5.2,1441                          ,1594                          ,                    ,1952      ,                ,  101,                    ,                              ,14,0,20190208 19:51:07,    0,         0,         0,65535,65535, 9999,2,                ,0000000,0, 0,         0,    0,0000000000000000000000000000000000000000,0000000000000000000000000000000000000000,         0,         0,         0,         0,1, 0, 0, 0,1441                          ,    0,         0,0,20190208 19:51:07,1594                          ,  101, 9999,  101,  101,    0,     0,     0
 ED5.2,7436769                       ,1060                          ,NELLY CORTES C      ,1630      ,                ,  101,                    ,                              , 4,2,20190208 19:52:59,    0,         0,         0,  120,   20,  101,2,                ,0000000,3, 0,         0,    0,0000000000000000000000000000000000000000,0000000000000000000000010000000000000000,         0,         0,         0,         0,1, 0, 0, 0,1060                          ,   80,         0,0,20190208 19:52:59,                              , 9999, 9999, 9999, 9999,32767,     0,     0
 ED5.2,6604874                       ,1893                          ,LUCERO LISET CRU    ,1741      ,                ,  101,                    ,                              , 0,2,20190208 19:54:09,    0,         0,        38,10001,   11,  101,2,                ,0010000,2, 1,         0,    0,1000000000000000000000000000000000000000,0000000000000000000000010000000000001000,         0,         0,         0,         0,1, 0, 0, 0,6604874                       ,    0,         0,0,20190208 19:53:31,1893                          , 9999, 9999, 9999,  101,32767,     0,     0
 ED5.2,3025406                       ,1183                          ,PEDRO NICOLA CAS    ,1673      ,                ,  101,                    ,                              , 0,2,20190208 19:59:37,    0,         0,        31,10002,   11,  101,2,                ,0010000,2, 1,         0,    0,1000000000000000000000000000000000000000,0000000000000000000000010000000000001000,         0,         0,         0,         0,1, 0, 0, 0,3025406                       ,    0,         0,0,20190208 19:59:06,1183                          , 9999, 9999, 9999,  101,32767,     0,     0
 ED5.2,1354                          ,1042                          ,                    ,1632      ,                ,  101,                    ,                              ,14,0,20190208 19:59:48,    0,         0,         0,65535,65535, 9999,2,                ,0000000,0, 0,         0,    0,0000000000000000000000000000000000000000,0000000000000000000000000000000000000000,         0,         0,         0,         0,1, 0, 0, 0,1354                          ,    0,         0,0,20190208 19:59:48,1042                          ,  101, 9999,  101,  101,    0,     0,     0
 ED5.2,1409                          ,1736                          ,                    ,1635      ,                ,  101,                    ,                              ,14,0,20190208 19:59:54,    0,         0,        11,65535,65535, 9999,2,                ,0000000,0, 0,         0,    0,0000000000000000000000000000000000000000,0000000000000000000000000000000000000000,         0,         0,         0,         0,1, 0, 0, 0,1409                          ,    0,        11,0,20190208 19:59:43,1736                          ,  101, 9999,  101,  101,    0,     0,     0
 ED5.2,1032                          ,1085                          ,                    ,1949      ,                ,  101,                    ,                              ,14,0,20190208 20:00:05,    0,         0,        15,65535,65535, 9999,2,                ,0000000,0, 0,         0,    0,0000000000000000000000000000000000000000,0000000000000000000000000000000000000000,         0,         0,         0,         0,1, 0, 0, 0,1032                          ,    0,        15,0,20190208 19:59:50,1085                          ,  101, 9999,  101,  101,    0,     0,     0
