 ED5.2,1544                          ,1273                          ,                    ,1952      ,                ,  101,                    ,                              ,14,0,20181219 22:04:56,    0,         0,        10,65535,65535, 9999,2,                ,0000000,0, 0,         0,    0,0000000000000000000000000000000000000000,0000000000000000000000000000000000000000,         0,         0,         0,         0,1, 0, 0, 0,1544                          ,    0,        10,0,20181219 22:04:46,1273                          ,  101, 9999,  101,  101,    0,     0,     0
 ED5.2,3128226899                    ,4003                          ,JUDY FRANCEL JAR    ,2952      ,                ,  101,                    ,                              , 0,2,20181219 22:08:12,    0,         0,         0,10349,   66,  101,2,                ,0010000,2, 1,         0,    0,1000000000000000000000000000000000000000,0000000000000000000000010000000000001000,         0,         0,         0,         0,1, 0, 0, 0,033128226899                  ,    0,         0,0,20181219 22:08:12,4003                          , 9999, 9999, 9999,  101,32767,     0,     0
 ED5.2,3128514948                    ,4003                          ,JUDY FRANCEL JAR    ,2952      ,                ,  101,                    ,                              , 0,2,20181219 22:08:30,    0,         0,         0,10349,   66,  101,2,                ,0010000,2, 1,         0,    0,1000000000000000000000000000000000000000,0000000000000000000000010000000000001000,         0,         0,         0,         0,1, 0, 0, 0,033128514948                  ,    0,         0,0,20181219 22:08:30,4003                          , 9999, 9999, 9999,  101,32767,     0,     0
 ED5.2,1499                          ,1591                          ,                    ,1952      ,                ,  101,                    ,                              ,14,0,20181219 22:08:59,    0,         0,        19,65535,65535, 9999,2,                ,0000000,0, 0,         0,    0,0000000000000000000000000000000000000000,0000000000000000000000000000000000000000,         0,         0,         0,         0,1, 0, 0, 0,1499                          ,    0,        19,0,20181219 22:08:40,1591                          ,  101, 9999,  101,  101,    0,     0,     0
 ED5.2,4074                          ,4090                          ,                    ,2949      ,                ,  101,                    ,                              ,14,0,20181219 22:09:07,    0,         0,         0,65535,65535, 9999,2,                ,0000000,0, 0,         0,    0,0000000000000000000000000000000000000000,0000000000000000000000000000000000000000,         0,         0,         0,         0,1, 0, 0, 0,4012                          ,    0,         0,1,20181219 22:09:07,4090                          ,  101, 9999,  101,  101,    0,     0,     0
 ED5.2,1489                          ,1273                          ,                    ,1952      ,                ,  101,                    ,                              ,14,0,20181219 22:09:36,    0,         0,         1,65535,65535, 9999,2,                ,0000000,0, 0,         0,    0,0000000000000000000000000000000000000000,0000000000000000000000000000000000000000,         0,         0,         0,         0,1, 0, 0, 0,1489                          ,    0,         1,0,20181219 22:09:35,1273                          ,  101, 9999,  101,  101,    0,     0,     0
 ED5.2,4078                          ,4077                          ,                    ,2952      ,                ,  101,                    ,                              ,14,0,20181219 22:09:58,    0,         0,         5,65535,65535, 9999,2,                ,0000000,0, 0,         0,    0,0000000000000000000000000000000000000000,0000000000000000000000000000000000000000,         0,         0,         0,         0,1, 0, 0, 0,4078                          ,    0,         5,0,20181219 22:09:53,4077                          ,  101, 9999,  101,  101,    0,     0,     0
 ED5.2,4078                          ,4077                          ,                    ,2952      ,                ,  101,                    ,                              ,14,0,20181219 22:10:01,    0,         0,         0,65535,65535, 9999,2,                ,0000000,0, 0,         0,    0,0000000000000000000000000000000000000000,0000000000000000000000000000000000000000,         0,         0,         0,         0,1, 0, 0, 0,4078                          ,    0,         0,0,20181219 22:10:01,4077                          ,  101, 9999,  101,  101,    0,     0,     0
 ED5.2,1213                          ,1218                          ,                    ,1638      ,                ,  101,                    ,                              ,14,0,20181219 22:10:24,    0,         0,       446,65535,65535, 9999,2,                ,0000000,0, 0,         0,    0,0000000000000000000000000000000000000000,0000000000000000000000000000000000000000,         0,         0,         0,         0,1, 0, 0, 0,1213                          ,    0,       446,0,20181219 22:02:58,1218                          ,  101, 9999,  101,  101,    0,     0,     0
 ED5.2,4074                          ,4090                          ,                    ,2949      ,                ,  101,                    ,                              ,14,0,20181219 22:12:30,    0,         0,         0,65535,65535, 9999,2,                ,0000000,0, 0,         0,    0,0000000000000000000000000000000000000000,0000000000000000000000000000000000000000,         0,         0,         0,         0,1, 0, 0, 0,4012                          ,    0,         0,1,20181219 22:12:30,4090                          ,  101, 9999,  101,  101,    0,     0,     0
 ED5.2,6962760                       ,8017                          ,CARMEN SOFIA CAD    ,6952      ,                ,  101,                    ,                              , 0,1,20181219 22:13:24,    0,         0,        19,  401,   80,  101,2,                ,0010000,0, 0,         0,    0,0000000000000000000000000000000000000000,0000000000000000000000010000000000001000,         0,         0,         0,         0,1, 0, 0, 0,6962760                       ,    0,         0,0,20181219 22:13:05,8017                          , 9999, 9999, 9999,  101,32767,     0,     0
 ED5.2,4090                          ,4012                          ,                    ,2952      ,                ,  101,                    ,                              ,14,0,20181219 22:14:14,    0,         0,        95,65535,65535, 9999,2,                ,0000000,0, 0,         0,    0,0000000000000000000000000000000000000000,0000000000000000000000000000000000000000,         0,         0,         0,         0,1, 0, 0, 0,4090                          ,    0,        95,0,20181219 22:12:39,4012                          ,  101, 9999,  101,  101,    0,     0,     0
 ED5.2,1022                          ,1213                          ,                    ,1911      ,                ,  101,                    ,                              ,14,0,20181219 22:15:35,    0,         0,         0,65535,65535, 9999,2,                ,0000000,0, 0,         0,    0,0000000000000000000000000000000000000000,0000000000000000000000000000000000000000,         0,         0,         0,         0,1, 0, 0, 0,1022                          ,    0,         0,0,20181219 22:15:35,1213                          ,  101, 9999,  101,  101,    0,     0,     0
 ED5.2,1745                          ,1499                          ,                    ,1952      ,                ,  101,                    ,                              ,14,0,20181219 22:16:40,    0,         0,        39,65535,65535, 9999,2,                ,0000000,0, 0,         0,    0,0000000000000000000000000000000000000000,0000000000000000000000000000000000000000,         0,         0,         0,         0,1, 0, 0, 0,1745                          ,    0,        39,0,20181219 22:16:01,1499                          ,  101, 9999,  101,  101,    0,     0,     0
 ED5.2,4065                          ,4003                          ,                    ,2952      ,                ,  101,                    ,                              ,14,0,20181219 22:16:59,    0,         0,         0,65535,65535, 9999,2,                ,0000000,0, 0,         0,    0,0000000000000000000000000000000000000000,0000000000000000000000000000000000000000,         0,         0,         0,         0,1, 0, 0, 0,4065                          ,    0,         0,0,20181219 22:16:59,4003                          ,  101, 9999,  101,  101,    0,     0,     0
 ED5.2,1468                          ,1218                          ,                    ,1638      ,                ,  101,                    ,                              ,14,0,20181219 22:17:09,    0,         0,         0,65535,65535, 9999,2,                ,0000000,0, 0,         0,    0,0000000000000000000000000000000000000000,0000000000000000000000000000000000000000,         0,         0,         0,         0,1, 0, 0, 0,1468                          ,    0,         0,0,20181219 22:17:09,1218                          ,  101, 9999,  101,  101,    0,     0,     0
 ED5.2,1467                          ,1213                          ,                    ,1911      ,                ,  101,                    ,                              ,14,0,20181219 22:17:25,    0,         0,       103,65535,65535, 9999,2,                ,0000000,0, 0,         0,    0,0000000000000000000000000000000000000000,0000000000000000000000000000000000000000,         0,         0,         0,         0,1, 0, 0, 0,1467                          ,    0,       103,0,20181219 22:15:42,1213                          ,  101, 9999,  101,  101,    0,     0,     0
 ED5.2,1218                          ,1213                          ,                    ,1911      ,                ,  101,                    ,                              ,14,0,20181219 22:17:34,    0,         0,         0,65535,65535, 9999,2,                ,0000000,0, 0,         0,    0,0000000000000000000000000000000000000000,0000000000000000000000000000000000000000,         0,         0,         0,         0,1, 0, 0, 0,1218                          ,    0,         0,0,20181219 22:17:34,1213                          ,  101, 9999,  101,  101,    0,     0,     0
 ED5.2,1022                          ,1218                          ,                    ,1638      ,                ,  101,                    ,                              ,14,0,20181219 22:17:38,    0,         0,         0,65535,65535, 9999,2,                ,0000000,0, 0,         0,    0,0000000000000000000000000000000000000000,0000000000000000000000000000000000000000,         0,         0,         0,         0,1, 0, 0, 0,1468                          ,    0,         0,1,20181219 22:17:38,1218                          ,  101, 9999,  101,  101,    0,     0,     0
 ED5.2,6342222                       ,8017                          ,CARMEN SOFIA CAD    ,6952      ,                ,  101,                    ,                              , 0,1,20181219 22:20:07,    0,         0,        29,  402,   80,  101,2,                ,0010000,0, 0,         0,    0,0000000000000000000000000000000000000000,0000000000000000000000010000000000001000,         0,         0,         0,         0,1, 0, 0, 0,6342222                       ,    0,         0,0,20181219 22:19:38,8017                          , 9999, 9999, 9999,  101,32767,     0,     0
 ED5.2,6342222                       ,8017                          ,CARMEN SOFIA CAD    ,6952      ,                ,  101,                    ,                              , 0,1,20181219 22:20:44,    0,         0,        25,  526,   80,  101,2,                ,0010000,0, 0,         0,    0,0000000000000000000000000000000000000000,0000000000000000000000010000000000001000,         0,         0,         0,         0,1, 0, 0, 0,6342222                       ,    0,         0,0,20181219 22:20:19,8017                          , 9999, 9999, 9999,  101,32767,     0,     0
 ED5.2,6342222                       ,8017                          ,CARMEN SOFIA CAD    ,6952      ,                ,  101,                    ,                              , 0,1,20181219 22:22:00,    0,         0,        61,  400,   80,  101,2,                ,0010000,0, 0,         0,    0,0000000000000000000000000000000000000000,0000000000000000000000010000000000001000,         0,         0,         0,         0,1, 0, 0, 0,6342222                       ,    0,         0,0,20181219 22:20:59,8017                          , 9999, 9999, 9999,  101,32767,     0,     0
 ED5.2,1218                          ,1468                          ,                    ,1638      ,                ,  101,                    ,                              ,14,0,20181219 22:26:35,    0,         0,       532,65535,65535, 9999,2,                ,0000000,0, 0,         0,    0,0000000000000000000000000000000000000000,0000000000000000000000000000000000000000,         0,         0,         0,         0,1, 0, 0, 0,1218                          ,    0,       532,0,20181219 22:17:43,1468                          ,  101, 9999,  101,  101,    0,     0,     0
 ED5.2,1218                          ,1213                          ,                    ,1911      ,                ,  101,                    ,                              ,14,0,20181219 22:33:04,    0,         0,       103,65535,65535, 9999,2,                ,0000000,0, 0,         0,    0,0000000000000000000000000000000000000000,0000000000000000000000000000000000000000,         0,         0,         0,         0,1, 0, 0, 0,1218                          ,    0,       103,0,20181219 22:31:21,1213                          ,  101, 9999,  101,  101,    0,     0,     0
 ED5.2,1024                          ,1466                          ,                    ,1638      ,                ,  101,                    ,                              ,14,0,20181219 22:34:46,    0,         0,        63,65535,65535, 9999,2,                ,0000000,0, 0,         0,    0,0000000000000000000000000000000000000000,0000000000000000000000000000000000000000,         0,         0,         0,         0,1, 0, 0, 0,1024                          ,    0,        63,0,20181219 22:33:43,1466                          ,  101, 9999,  101,  101,    0,     0,     0
 ED5.2,1320                          ,1323                          ,                    ,1952      ,                ,  101,                    ,                              ,14,0,20181219 22:39:26,    0,         0,        14,65535,65535, 9999,2,                ,0000000,0, 0,         0,    0,0000000000000000000000000000000000000000,0000000000000000000000000000000000000000,         0,         0,         0,         0,1, 0, 0, 0,1320                          ,    0,        14,0,20181219 22:39:12,1323                          ,  101, 9999,  101,  101,    0,     0,     0
 ED5.2,1402                          ,1736                          ,                    ,1635      ,                ,  101,                    ,                              ,14,0,20181219 22:41:35,    0,         0,         0,65535,65535, 9999,2,                ,0000000,0, 0,         0,    0,0000000000000000000000000000000000000000,0000000000000000000000000000000000000000,         0,         0,         0,         0,1, 0, 0, 0,1402                          ,    0,         0,0,20181219 22:41:35,1736                          ,  101, 9999,  101,  101,    0,     0,     0
 ED5.2,1468                          ,1084                          ,                    ,1638      ,                ,  101,                    ,                              ,14,0,20181219 22:41:41,    0,         0,         0,65535,65535, 9999,2,                ,0000000,0, 0,         0,    0,0000000000000000000000000000000000000000,0000000000000000000000000000000000000000,         0,         0,         0,         0,1, 0, 0, 0,1468                          ,    0,         0,0,20181219 22:41:41,1084                          ,  101, 9999,  101,  101,    0,     0,     0
 ED5.2,1648                          ,1218                          ,SANDRA LUCIA GIR    ,1638      ,                ,  101,                    ,                              , 0,2,20181219 22:41:42,    0,         0,         0,10001,   11,  101,2,                ,0010000,2, 1,         0,    0,1000000000000000000000000000000000000000,0000000000000000000000010000000000000000,         0,         0,         0,         0,1, 0, 0, 0,                              ,    0,         0,0,20181219 22:41:42,1218                          , 9999, 9999, 9999,  101,32767,     0,     0
 ED5.2,1403                          ,1736                          ,                    ,1635      ,                ,  101,                    ,                              ,14,0,20181219 22:42:00,    0,         0,        19,65535,65535, 9999,2,                ,0000000,0, 0,         0,    0,0000000000000000000000000000000000000000,0000000000000000000000000000000000000000,         0,         0,         0,         0,1, 0, 0, 0,1403                          ,    0,        19,0,20181219 22:41:41,1736                          ,  101, 9999,  101,  101,    0,     0,     0
 ED5.2,1468                          ,1218                          ,                    ,1638      ,                ,  101,                    ,                              ,14,0,20181219 22:42:25,    0,         0,        34,65535,65535, 9999,2,                ,0000000,0, 0,         0,    0,0000000000000000000000000000000000000000,0000000000000000000000000000000000000000,         0,         0,         0,         0,1, 0, 0, 0,1468                          ,    0,        34,0,20181219 22:41:51,1218                          ,  101, 9999,  101,  101,    0,     0,     0
 ED5.2,1320                          ,1323                          ,                    ,1952      ,                ,  101,                    ,                              ,14,0,20181219 22:45:55,    0,         0,         8,65535,65535, 9999,2,                ,0000000,0, 0,         0,    0,0000000000000000000000000000000000000000,0000000000000000000000000000000000000000,         0,         0,         0,         0,1, 0, 0, 0,1320                          ,    0,         8,0,20181219 22:45:47,1323                          ,  101, 9999,  101,  101,    0,     0,     0
 ED5.2,1024                          ,1466                          ,                    ,1638      ,                ,  101,                    ,                              ,14,0,20181219 22:54:24,    0,         0,         0,65535,65535, 9999,2,                ,0000000,0, 0,         0,    0,0000000000000000000000000000000000000000,0000000000000000000000000000000000000000,         0,         0,         0,         0,1, 0, 0, 0,1024                          ,    0,         0,0,20181219 22:54:24,1466                          ,  101, 9999,  101,  101,    0,     0,     0
 ED5.2,1024                          ,1466                          ,                    ,1638      ,                ,  101,                    ,                              ,14,0,20181219 22:54:32,    0,         0,         0,65535,65535, 9999,2,                ,0000000,0, 0,         0,    0,0000000000000000000000000000000000000000,0000000000000000000000000000000000000000,         0,         0,         0,         0,1, 0, 0, 0,1024                          ,    0,         0,0,20181219 22:54:32,1466                          ,  101, 9999,  101,  101,    0,     0,     0
 ED5.2,1024                          ,1466                          ,                    ,1638      ,                ,  101,                    ,                              ,14,0,20181219 22:54:46,    0,         0,         0,65535,65535, 9999,2,                ,0000000,0, 0,         0,    0,0000000000000000000000000000000000000000,0000000000000000000000000000000000000000,         0,         0,         0,         0,1, 0, 0, 0,1024                          ,    0,         0,0,20181219 22:54:46,1466                          ,  101, 9999,  101,  101,    0,     0,     0
 ED5.2,1024                          ,1466                          ,                    ,1638      ,                ,  101,                    ,                              ,14,0,20181219 22:58:37,    0,         0,         0,65535,65535, 9999,2,                ,0000000,0, 0,         0,    0,0000000000000000000000000000000000000000,0000000000000000000000000000000000000000,         0,         0,         0,         0,1, 0, 0, 0,1024                          ,    0,         0,0,20181219 22:58:37,1466                          ,  101, 9999,  101,  101,    0,     0,     0
 ED5.2,2972231                       ,4003                          ,JUDY FRANCEL JAR    ,2952      ,                ,  101,                    ,                              , 0,2,20181219 23:00:33,    0,         0,        16,10445,   15,  101,2,                ,0010000,2, 1,         0,    0,1000000000000000000000000000000000000000,0000000000000000000000010000000000001000,         0,         0,         0,         0,1, 0, 0, 0,2972231                       ,    0,         0,0,20181219 23:00:17,4003                          , 9999, 9999, 9999,  101,32767,     0,     0
