 ED5.2,663043846182                  ,1060                          ,NELLY CORTES C      ,1630      ,                ,  101,                    ,                              , 4,2,20181129 20:06:43,    0,         0,         0,  120,   20,  101,2,                ,0000000,2, 0,         0,    0,0000000000000000000000000000000000000000,0000000000000000000000010000000000000000,         0,         0,         0,         0,1, 0, 0, 0,1081                          ,   43,         0,1,20181129 20:06:43,                              , 9999, 9999, 9999, 9999,32767,     0,     0
 ED5.2,1818                          ,1525                          ,                    ,1632      ,                ,  101,                    ,                              ,14,0,20181129 20:10:26,    0,         0,         0,65535,65535, 9999,2,                ,0000000,0, 0,         0,    0,0000000000000000000000000000000000000000,0000000000000000000000000000000000000000,         0,         0,         0,         0,1, 0, 0, 0,1818                          ,    0,         0,0,20181129 20:10:26,1525                          ,  101, 9999,  101,  101,    0,     0,     0
 ED5.2,1446                          ,1818                          ,                    ,1632      ,                ,  101,                    ,                              ,14,0,20181129 20:10:47,    0,         0,         0,65535,65535, 9999,2,                ,0000000,0, 0,         0,    0,0000000000000000000000000000000000000000,0000000000000000000000000000000000000000,         0,         0,         0,         0,1, 0, 0, 0,1446                          ,    0,         0,0,20181129 20:10:47,1818                          ,  101, 9999,  101,  101,    0,     0,     0
 ED5.2,1525                          ,1818                          ,                    ,1632      ,                ,  101,                    ,                              ,14,0,20181129 20:10:50,    0,         0,         0,65535,65535, 9999,2,                ,0000000,0, 0,         0,    0,0000000000000000000000000000000000000000,0000000000000000000000000000000000000000,         0,         0,         0,         0,1, 0, 0, 0,1525                          ,    0,         0,0,20181129 20:10:50,1818                          ,  101, 9999,  101,  101,    0,     0,     0
 ED5.2,3175811008                    ,3104                          ,VIVIANA ANDR MAR    ,1979      ,                ,  101,                    ,                              , 0,2,20181129 20:11:35,    0,         0,         0, 2323,   66,  101,2,                ,0010000,2, 1,         0,    0,1000000000000000000000000000000000000000,0000000000000000000000010000000000001000,         0,         0,         0,         0,1, 0, 0, 0,033175811008                  ,    0,         0,0,20181129 20:11:35,3104                          , 9999, 9999, 9999,  101,32767,     0,     0
 ED5.2,6604869                       ,1525                          ,ANGELICA TORRES     ,1632      ,                ,  101,                    ,                              , 0,2,20181129 20:11:37,    0,         0,        49, 1975,   11,  101,2,                ,0010000,2, 1,         0,    0,1000000000000000000000000000000000000000,0000000000000000000000010000000000001000,         0,         0,         0,         0,1, 0, 0, 0,6604869                       ,    0,         0,0,20181129 20:10:48,1525                          , 9999, 9999, 9999,  101,32767,     0,     0
 ED5.2,1339                          ,3269                          ,                    ,1979      ,                ,  101,                    ,                              ,14,0,20181129 20:12:21,    0,         0,       144,65535,65535, 9999,2,                ,0000000,0, 0,         0,    0,0000000000000000000000000000000000000000,0000000000000000000000000000000000000000,         0,         0,         0,         0,1, 0, 0, 0,1339                          ,    0,       144,0,20181129 20:09:57,3269                          ,  101, 9999,  101,  101,    0,     0,     0
 ED5.2,663103110173                  ,1076                          ,JEISSON ANDR VAS    ,1741      ,                ,  101,                    ,                              , 4,2,20181129 20:13:26,    0,         0,        67,  120,   20,  101,2,                ,0000000,2, 1,         0,    0,0000000000000000000000000000000000000000,0000000000000000000000010000000000000000,         0,         0,         0,         0,1, 0, 0, 0,A800                          ,   67,         0,0,20181129 20:12:19,                              , 9999, 9999, 9999, 9999,32767,     0,     0
 ED5.2,1525                          ,1818                          ,                    ,1632      ,                ,  101,                    ,                              ,14,0,20181129 20:13:50,    0,         0,        62,65535,65535, 9999,2,                ,0000000,0, 0,         0,    0,0000000000000000000000000000000000000000,0000000000000000000000000000000000000000,         0,         0,         0,         0,1, 0, 0, 0,1525                          ,    0,        62,0,20181129 20:12:48,1818                          ,  101, 9999,  101,  101,    0,     0,     0
 ED5.2,1675                          ,1307                          ,                    ,1633      ,                ,  101,                    ,                              ,14,0,20181129 20:14:39,    0,         0,         0,65535,65535, 9999,2,                ,0000000,0, 0,         0,    0,0000000000000000000000000000000000000000,0000000000000000000000000000000000000000,         0,         0,         0,         0,1, 0, 0, 0,1675                          ,    0,         0,0,20181129 20:14:39,1307                          ,  101, 9999,  101,  101,    0,     0,     0
 ED5.2,1674                          ,1307                          ,                    ,1633      ,                ,  101,                    ,                              ,14,0,20181129 20:14:42,    0,         0,         0,65535,65535, 9999,2,                ,0000000,0, 0,         0,    0,0000000000000000000000000000000000000000,0000000000000000000000000000000000000000,         0,         0,         0,         0,1, 0, 0, 0,1674                          ,    0,         0,0,20181129 20:14:42,1307                          ,  101, 9999,  101,  101,    0,     0,     0
 ED5.2,3144361085                    ,3104                          ,VIVIANA ANDR MAR    ,1979      ,                ,  101,                    ,                              , 0,2,20181129 20:15:35,    0,         0,        35, 2323,   66,  101,2,                ,0010000,2, 1,         0,    0,1000000000000000000000000000000000000000,0000000000000000000000010000000000001000,         0,         0,         0,         0,1, 0, 0, 0,033144361085                  ,    0,         0,0,20181129 20:15:00,3104                          , 9999, 9999, 9999,  101,32767,     0,     0
 ED5.2,4026202                       ,1263                          ,GISETH JIMENEZ      ,1952      ,                ,  101,                    ,                              , 0,2,20181129 20:17:47,    0,         0,        67, 1975,   11,  101,2,                ,0010000,2, 1,         0,    0,1000000000000000000000000000000000000000,0000000000000000000000010000000000001000,         0,         0,         0,         0,1, 0, 0, 0,4026202                       ,    0,         0,0,20181129 20:16:40,1263                          , 9999, 9999, 9999,  101,32767,     0,     0
 ED5.2,1561                          ,1478                          ,                    ,1952      ,                ,  101,                    ,                              ,14,0,20181129 20:20:10,    0,         0,         9,65535,65535, 9999,2,                ,0000000,0, 0,         0,    0,0000000000000000000000000000000000000000,0000000000000000000000000000000000000000,         0,         0,         0,         0,1, 0, 0, 0,1561                          ,    0,         9,0,20181129 20:20:01,1478                          ,  101, 9999,  101,  101,    0,     0,     0
 ED5.2,6604876                       ,1153                          ,MONICA MARCE FAJ    ,1952      ,                ,  101,                    ,                              , 0,2,20181129 20:20:13,    0,         0,        43, 1975,   11,  101,2,                ,0010000,2, 1,         0,    0,1000000000000000000000000000000000000000,0000000000000000000000010000000000001000,         0,         0,         0,         0,1, 0, 0, 0,6604876                       ,    0,         0,0,20181129 20:19:30,1153                          , 9999, 9999, 9999,  101,32767,     0,     0
 ED5.2,6604869                       ,1561                          ,MARIA FERNAN CAN    ,1952      ,                ,  101,                    ,                              , 0,2,20181129 20:21:05,    0,         0,        11, 1975,   11,  101,2,                ,0010000,2, 1,         0,    0,1000000000000000000000000000000000000000,0000000000000000000000010000000000001000,         0,         0,         0,         0,1, 0, 0, 0,6604869                       ,    0,         0,0,20181129 20:20:54,1561                          , 9999, 9999, 9999,  101,32767,     0,     0
 ED5.2,1075                          ,1737                          ,                    ,1635      ,                ,  101,                    ,                              ,14,0,20181129 20:21:08,    0,         0,         6,65535,65535, 9999,2,                ,0000000,0, 0,         0,    0,0000000000000000000000000000000000000000,0000000000000000000000000000000000000000,         0,         0,         0,         0,1, 0, 0, 0,1075                          ,    0,         6,0,20181129 20:21:02,1737                          ,  101, 9999,  101,  101,    0,     0,     0
 ED5.2,1339                          ,3338                          ,                    ,1979      ,                ,  101,                    ,                              ,14,0,20181129 20:21:39,    0,         0,        44,65535,65535, 9999,2,                ,0000000,0, 0,         0,    0,0000000000000000000000000000000000000000,0000000000000000000000000000000000000000,         0,         0,         0,         0,1, 0, 0, 0,1339                          ,    0,        44,0,20181129 20:20:55,3338                          ,  101, 9999,  101,  101,    0,     0,     0
 ED5.2,4349213                       ,1314                          ,INGENIERO DESARR    ,1945      ,                ,  101,                    ,                              , 0,2,20181129 20:21:57,    0,         0,        59, 1976,   11,  101,2,                ,0010000,2, 1,         0,    0,1000000000000000000000000000000000000000,0000000000000000000000010000000000001000,         0,         0,         0,         0,1, 0, 0, 0,4349213                       ,    0,         0,0,20181129 20:20:58,1314                          , 9999, 9999, 9999,  101,32767,     0,     0
 ED5.2,5120                          ,5155                          ,                    ,3952      ,                ,  101,                    ,                              ,14,0,20181129 20:22:09,    0,         0,        90,65535,65535, 9999,2,                ,0000000,0, 0,         0,    0,0000000000000000000000000000000000000000,0000000000000000000000000000000000000000,         0,         0,         0,         0,1, 0, 0, 0,5120                          ,    0,        90,0,20181129 20:20:39,5155                          ,  101, 9999,  101,  101,    0,     0,     0
 ED5.2,5142                          ,5155                          ,                    ,3952      ,                ,  101,                    ,                              ,14,0,20181129 20:24:22,    0,         0,         0,65535,65535, 9999,2,                ,0000000,0, 0,         0,    0,0000000000000000000000000000000000000000,0000000000000000000000000000000000000000,         0,         0,         0,         0,1, 0, 0, 0,5142                          ,    0,         0,0,20181129 20:24:22,5155                          ,  101, 9999,  101,  101,    0,     0,     0
 ED5.2,663103110173                  ,1076                          ,JEISSON ANDR VAS    ,1741      ,                ,  101,                    ,                              , 4,2,20181129 20:25:45,    0,         0,       127,  120,   20,  101,2,                ,0000000,2, 1,         0,    0,0000000000000000000000000000000000000000,0000000000000000000000010000000000000000,         0,         0,         0,         0,1, 0, 0, 0,A800                          ,  127,         0,0,20181129 20:23:38,                              , 9999, 9999, 9999, 9999,32767,     0,     0
 ED5.2,3344030                       ,4027                          ,LILIANA MARIN RI    ,1952      ,                ,  101,                    ,                              , 0,2,20181129 20:27:28,    0,         0,        10, 2419,   15,  101,2,                ,0010000,2, 1,         0,    0,1000000000000000000000000000000000000000,0000000000000000000000010000000000001000,         0,         0,         0,         0,1, 0, 0, 0,3344030                       ,    0,         0,0,20181129 20:27:18,4027                          , 9999, 9999, 9999,  101,32767,     0,     0
 ED5.2,3911796                       ,1145                          ,BIBIANA RODRIGUE    ,1949      ,                ,  101,                    ,                              , 0,2,20181129 20:28:26,    0,         0,         0, 1975,   11,  101,2,                ,0010000,2, 1,         0,    0,1000000000000000000000000000000000000000,0000000000000000000000010000000000001000,         0,         0,         0,         0,1, 0, 0, 0,3911796                       ,    0,         0,0,20181129 20:28:26,1145                          , 9999, 9999, 9999,  101,32767,     0,     0
 ED5.2,1071                          ,1737                          ,                    ,1635      ,                ,  101,                    ,                              ,14,0,20181129 20:31:15,    0,         0,         6,65535,65535, 9999,2,                ,0000000,0, 0,         0,    0,0000000000000000000000000000000000000000,0000000000000000000000000000000000000000,         0,         0,         0,         0,1, 0, 0, 0,1071                          ,    0,         6,0,20181129 20:31:09,1737                          ,  101, 9999,  101,  101,    0,     0,     0
 ED5.2,663103110173                  ,1076                          ,JEISSON ANDR VAS    ,1741      ,                ,  101,                    ,                              , 4,2,20181129 20:31:38,    0,         0,       116,  120,   20,  101,2,                ,0000000,2, 1,         0,    0,0000000000000000000000000000000000000000,0000000000000000000000010000000000000000,         0,         0,         0,         0,1, 0, 0, 0,A800                          ,  117,         0,0,20181129 20:29:42,                              , 9999, 9999, 9999, 9999,32767,     0,     0
 ED5.2,3134335587                    ,1193                          ,YULIETH STEF AGU    ,1952      ,                ,  101,                    ,                              , 0,2,20181129 20:35:29,    0,         0,        20, 2323,   66,  101,2,                ,0010000,2, 1,         0,    0,1000000000000000000000000000000000000000,0000000000000000000000010000000000001000,         0,         0,         0,         0,1, 0, 0, 0,033134335587                  ,    0,         0,0,20181129 20:35:09,1193                          , 9999, 9999, 9999,  101,32767,     0,     0
 ED5.2,3019597                       ,5161                          ,LORENA PATRI ACU    ,3952      ,                ,  101,                    ,                              , 0,2,20181129 20:35:44,    0,         0,        42, 2839,   82,  101,2,                ,0010000,2, 1,         0,    0,1000000000000000000000000000000000000000,0000000000000000000000010000000000001000,         0,         0,         0,         0,1, 0, 0, 0,3019597                       ,    0,         0,0,20181129 20:35:02,5161                          , 9999, 9999, 9999,  101,32767,     0,     0
 ED5.2,1525                          ,1736                          ,                    ,1635      ,                ,  101,                    ,                              ,14,0,20181129 20:38:10,    0,         0,         7,65535,65535, 9999,2,                ,0000000,0, 0,         0,    0,0000000000000000000000000000000000000000,0000000000000000000000000000000000000000,         0,         0,         0,         0,1, 0, 0, 0,1525                          ,    0,         7,0,20181129 20:38:03,1736                          ,  101, 9999,  101,  101,    0,     0,     0
 ED5.2,6604876                       ,1153                          ,MONICA MARCE FAJ    ,1952      ,                ,  101,                    ,                              , 0,2,20181129 20:38:48,    0,         0,         0, 1975,   11,  101,2,                ,0010000,2, 1,         0,    0,1000000000000000000000000000000000000000,0000000000000000000000010000000000001000,         0,         0,         0,         0,1, 0, 0, 0,6604876                       ,    0,         0,0,20181129 20:38:48,1153                          , 9999, 9999, 9999,  101,32767,     0,     0
 ED5.2,6604876                       ,1153                          ,MONICA MARCE FAJ    ,1952      ,                ,  101,                    ,                              , 0,2,20181129 20:38:59,    0,         0,         0, 1975,   11,  101,2,                ,0010000,2, 1,         0,    0,1000000000000000000000000000000000000000,0000000000000000000000010000000000001000,         0,         0,         0,         0,1, 0, 0, 0,6604876                       ,    0,         0,0,20181129 20:38:59,1153                          , 9999, 9999, 9999,  101,32767,     0,     0
 ED5.2,1674                          ,1736                          ,                    ,1635      ,                ,  101,                    ,                              ,14,0,20181129 20:39:45,    0,         0,         8,65535,65535, 9999,2,                ,0000000,0, 0,         0,    0,0000000000000000000000000000000000000000,0000000000000000000000000000000000000000,         0,         0,         0,         0,1, 0, 0, 0,1674                          ,    0,         8,0,20181129 20:39:37,1736                          ,  101, 9999,  101,  101,    0,     0,     0
 ED5.2,1030                          ,1736                          ,                    ,1635      ,                ,  101,                    ,                              ,14,0,20181129 20:40:44,    0,         0,        10,65535,65535, 9999,2,                ,0000000,0, 0,         0,    0,0000000000000000000000000000000000000000,0000000000000000000000000000000000000000,         0,         0,         0,         0,1, 0, 0, 0,1030                          ,    0,        10,0,20181129 20:40:34,1736                          ,  101, 9999,  101,  101,    0,     0,     0
 ED5.2,663103110173                  ,1076                          ,JEISSON ANDR VAS    ,1741      ,                ,  101,                    ,                              , 4,2,20181129 20:41:54,    0,         0,        53,  120,   20,  101,2,                ,0000000,2, 1,         0,    0,0000000000000000000000000000000000000000,0000000000000000000000010000000000000000,         0,         0,         0,         0,1, 0, 0, 0,A800                          ,   53,         0,0,20181129 20:41:01,                              , 9999, 9999, 9999, 9999,32767,     0,     0
 ED5.2,5120                          ,5155                          ,                    ,3952      ,                ,  101,                    ,                              ,14,0,20181129 20:42:12,    0,         0,       189,65535,65535, 9999,2,                ,0000000,0, 0,         0,    0,0000000000000000000000000000000000000000,0000000000000000000000000000000000000000,         0,         0,         0,         0,1, 0, 0, 0,5120                          ,    0,       189,0,20181129 20:39:03,5155                          ,  101, 9999,  101,  101,    0,     0,     0
 ED5.2,1365                          ,1350                          ,                    ,1632      ,                ,  101,                    ,                              ,14,0,20181129 20:43:41,    0,         0,         0,65535,65535, 9999,2,                ,0000000,0, 0,         0,    0,0000000000000000000000000000000000000000,0000000000000000000000000000000000000000,         0,         0,         0,         0,1, 0, 0, 0,1365                          ,    0,         0,0,20181129 20:43:41,1350                          ,  101, 9999,  101,  101,    0,     0,     0
 ED5.2,3243                          ,1339                          ,                    ,1945      ,                ,  101,                    ,                              ,14,0,20181129 20:44:38,    0,         0,       202,65535,65535, 9999,2,                ,0000000,0, 0,         0,    0,0000000000000000000000000000000000000000,0000000000000000000000000000000000000000,         0,         0,         0,         0,1, 0, 0, 0,3243                          ,    0,       202,0,20181129 20:41:16,1339                          ,  101, 9999,  101,  101,    0,     0,     0
 ED5.2,1561                          ,1736                          ,                    ,1635      ,                ,  101,                    ,                              ,14,0,20181129 20:44:58,    0,         0,         7,65535,65535, 9999,2,                ,0000000,0, 0,         0,    0,0000000000000000000000000000000000000000,0000000000000000000000000000000000000000,         0,         0,         0,         0,1, 0, 0, 0,1561                          ,    0,         7,0,20181129 20:44:51,1736                          ,  101, 9999,  101,  101,    0,     0,     0
 ED5.2,6604876                       ,1153                          ,MONICA MARCE FAJ    ,1952      ,                ,  101,                    ,                              , 0,2,20181129 20:45:24,    0,         0,        53, 1975,   11,  101,2,                ,0010000,2, 1,         0,    0,1000000000000000000000000000000000000000,0000000000000000000000010000000000001000,         0,         0,         0,         0,1, 0, 0, 0,6604876                       ,    0,         0,0,20181129 20:44:31,1153                          , 9999, 9999, 9999,  101,32767,     0,     0
 ED5.2,1168                          ,1736                          ,                    ,1635      ,                ,  101,                    ,                              ,14,0,20181129 20:45:44,    0,         0,         9,65535,65535, 9999,2,                ,0000000,0, 0,         0,    0,0000000000000000000000000000000000000000,0000000000000000000000000000000000000000,         0,         0,         0,         0,1, 0, 0, 0,1168                          ,    0,         9,0,20181129 20:45:35,1736                          ,  101, 9999,  101,  101,    0,     0,     0
 ED5.2,3282                          ,1736                          ,                    ,1635      ,                ,  101,                    ,                              ,14,0,20181129 20:46:20,    0,         0,         7,65535,65535, 9999,2,                ,0000000,0, 0,         0,    0,0000000000000000000000000000000000000000,0000000000000000000000000000000000000000,         0,         0,         0,         0,1, 0, 0, 0,3282                          ,    0,         7,0,20181129 20:46:13,1736                          ,  101, 9999,  101,  101,    0,     0,     0
 ED5.2,1264                          ,1736                          ,                    ,1635      ,                ,  101,                    ,                              ,14,0,20181129 20:50:33,    0,         0,        14,65535,65535, 9999,2,                ,0000000,0, 0,         0,    0,0000000000000000000000000000000000000000,0000000000000000000000000000000000000000,         0,         0,         0,         0,1, 0, 0, 0,1264                          ,    0,        14,0,20181129 20:50:19,1736                          ,  101, 9999,  101,  101,    0,     0,     0
 ED5.2,3911796                       ,1145                          ,BIBIANA RODRIGUE    ,1949      ,                ,  101,                    ,                              , 0,2,20181129 20:51:58,    0,         0,         0, 1975,   11,  101,2,                ,0010000,2, 1,         0,    0,1000000000000000000000000000000000000000,0000000000000000000000010000000000001000,         0,         0,         0,         0,1, 0, 0, 0,3911796                       ,    0,         0,0,20181129 20:51:58,1145                          , 9999, 9999, 9999,  101,32767,     0,     0
 ED5.2,663103110173                  ,1076                          ,JEISSON ANDR VAS    ,1741      ,                ,  101,                    ,                              , 4,2,20181129 20:59:35,    0,         0,        65,  120,   20,  101,2,                ,0000000,2, 1,         0,    0,0000000000000000000000000000000000000000,0000000000000000000000010000000000000000,         0,         0,         0,         0,1, 0, 0, 0,A800                          ,   65,         0,0,20181129 20:58:30,                              , 9999, 9999, 9999, 9999,32767,     0,     0
 ED5.2,7431238                       ,FS082                         ,SIPsalida           ,          ,                ,  101,                    ,                              , 4,2,20181129 21:01:12,    0,         0,        17, 2839,   82,  101,2,                ,0000000,2, 0,         0,    0,0000000000000000000000000000000000000000,0000000000000000000000010000000000000000,         0,         0,         0,         0,1, 0, 0, 0,A500                          ,   17,         0,0,20181129 21:00:55,                              , 9999, 9999, 9999, 9999,32767,     0,     0
