 ED5.2,6604874                       ,1590                          ,BRIGITH ASTR POR    ,1952      ,                ,  101,                    ,                              , 0,2,20181108 20:00:05,    0,         0,         0, 1952,   11,  101,2,                ,0010000,2, 1,         0,    0,1000000000000000000000000000000000000000,0000000000000000000000010000000000001000,         0,         0,         0,         0,1, 0, 0, 0,6604874                       ,    0,         0,0,20181108 20:00:05,1590                          , 9999, 9999, 9999,  101,32767,     0,     0
 ED5.2,6604874                       ,1590                          ,BRIGITH ASTR POR    ,1952      ,                ,  101,                    ,                              , 0,2,20181108 20:00:16,    0,         0,         0, 1953,   11,  101,2,                ,0010000,2, 1,         0,    0,1000000000000000000000000000000000000000,0000000000000000000000010000000000001000,         0,         0,         0,         0,1, 0, 0, 0,6604874                       ,    0,         0,0,20181108 20:00:16,1590                          , 9999, 9999, 9999,  101,32767,     0,     0
 ED5.2,6604874                       ,1590                          ,BRIGITH ASTR POR    ,1952      ,                ,  101,                    ,                              , 0,2,20181108 20:00:37,    0,         0,         0, 1953,   11,  101,2,                ,0010000,2, 1,         0,    0,1000000000000000000000000000000000000000,0000000000000000000000010000000000001000,         0,         0,         0,         0,1, 0, 0, 0,6604874                       ,    0,         0,0,20181108 20:00:37,1590                          , 9999, 9999, 9999,  101,32767,     0,     0
 ED5.2,6604874                       ,1590                          ,BRIGITH ASTR POR    ,1952      ,                ,  101,                    ,                              , 0,2,20181108 20:01:17,    0,         0,         0, 1953,   11,  101,2,                ,0010000,2, 1,         0,    0,1000000000000000000000000000000000000000,0000000000000000000000010000000000001000,         0,         0,         0,         0,1, 0, 0, 0,6604874                       ,    0,         0,0,20181108 20:01:17,1590                          , 9999, 9999, 9999,  101,32767,     0,     0
 ED5.2,6604874                       ,1590                          ,BRIGITH ASTR POR    ,1952      ,                ,  101,                    ,                              , 0,2,20181108 20:01:31,    0,         0,         0, 1953,   11,  101,2,                ,0010000,2, 1,         0,    0,1000000000000000000000000000000000000000,0000000000000000000000010000000000001000,         0,         0,         0,         0,1, 0, 0, 0,6604874                       ,    0,         0,0,20181108 20:01:31,1590                          , 9999, 9999, 9999,  101,32767,     0,     0
 ED5.2,6604874                       ,1590                          ,BRIGITH ASTR POR    ,1952      ,                ,  101,                    ,                              , 0,2,20181108 20:01:37,    0,         0,         0, 1953,   11,  101,2,                ,0010000,2, 1,         0,    0,1000000000000000000000000000000000000000,0000000000000000000000010000000000001000,         0,         0,         0,         0,1, 0, 0, 0,6604874                       ,    0,         0,0,20181108 20:01:37,1590                          , 9999, 9999, 9999,  101,32767,     0,     0
 ED5.2,6604874                       ,1590                          ,BRIGITH ASTR POR    ,1952      ,                ,  101,                    ,                              , 0,2,20181108 20:02:04,    0,         0,         0, 1953,   11,  101,2,                ,0010000,2, 1,         0,    0,1000000000000000000000000000000000000000,0000000000000000000000010000000000001000,         0,         0,         0,         0,1, 0, 0, 0,6604874                       ,    0,         0,0,20181108 20:02:04,1590                          , 9999, 9999, 9999,  101,32767,     0,     0
 ED5.2,6604874                       ,1590                          ,BRIGITH ASTR POR    ,1952      ,                ,  101,                    ,                              , 0,2,20181108 20:02:10,    0,         0,         0, 1954,   11,  101,2,                ,0010000,2, 1,         0,    0,1000000000000000000000000000000000000000,0000000000000000000000010000000000001000,         0,         0,         0,         0,1, 0, 0, 0,6604874                       ,    0,         0,0,20181108 20:02:10,1590                          , 9999, 9999, 9999,  101,32767,     0,     0
 ED5.2,6604874                       ,1590                          ,BRIGITH ASTR POR    ,1952      ,                ,  101,                    ,                              , 0,2,20181108 20:02:14,    0,         0,         0, 1954,   11,  101,2,                ,0010000,2, 1,         0,    0,1000000000000000000000000000000000000000,0000000000000000000000010000000000001000,         0,         0,         0,         0,1, 0, 0, 0,6604874                       ,    0,         0,0,20181108 20:02:14,1590                          , 9999, 9999, 9999,  101,32767,     0,     0
 ED5.2,9078963                       ,1354                          ,DIEGO ESTEBA GIL    ,1911      ,                ,  101,                    ,                              , 0,2,20181108 20:03:41,    0,         0,       205, 1952,   11,  101,2,                ,0010000,2, 1,         0,    0,1000000000000000000000000000000000000000,0000000000000000000000010000000000001000,         0,         0,         0,         0,1, 0, 0, 0,9078963                       ,    0,         0,0,20181108 20:00:16,1354                          , 9999, 9999, 9999,  101,32767,     0,     0
 ED5.2,6604874                       ,1590                          ,BRIGITH ASTR POR    ,1952      ,                ,  101,                    ,                              , 0,2,20181108 20:03:57,    0,         0,         0, 1952,   11,  101,2,                ,0010000,2, 1,         0,    0,1000000000000000000000000000000000000000,0000000000000000000000010000000000001000,         0,         0,         0,         0,1, 0, 0, 0,6604874                       ,    0,         0,0,20181108 20:03:57,1590                          , 9999, 9999, 9999,  101,32767,     0,     0
 ED5.2,6604874                       ,1590                          ,BRIGITH ASTR POR    ,1952      ,                ,  101,                    ,                              , 0,2,20181108 20:04:06,    0,         0,         0, 1952,   11,  101,2,                ,0010000,2, 1,         0,    0,1000000000000000000000000000000000000000,0000000000000000000000010000000000001000,         0,         0,         0,         0,1, 0, 0, 0,6604874                       ,    0,         0,0,20181108 20:04:06,1590                          , 9999, 9999, 9999,  101,32767,     0,     0
 ED5.2,1339                          ,3243                          ,                    ,1949      ,                ,  101,                    ,                              ,14,0,20181108 20:04:10,    0,         0,        50,65535,65535, 9999,2,                ,0000000,0, 0,         0,    0,0000000000000000000000000000000000000000,0000000000000000000000000000000000000000,         0,         0,         0,         0,1, 0, 0, 0,1339                          ,    0,        50,0,20181108 20:03:20,3243                          ,  101, 9999,  101,  101,    0,     0,     0
 ED5.2,5972279                       ,3136                          ,MARIA ALEJAN MON    ,1672      ,                ,  101,                    ,                              , 0,2,20181108 20:04:22,    0,         0,        64, 1954,   11,  101,2,                ,0010000,2, 1,         0,    0,1000000000000000000000000000000000000000,0000000000000000000000010000000000001000,         0,         0,         0,         0,1, 0, 0, 0,5972279                       ,    0,         0,0,20181108 20:03:18,3136                          , 9999, 9999, 9999,  101,32767,     0,     0
 ED5.2,7322726                       ,3107                          ,MARYURY PIRA        ,1672      ,                ,  101,                    ,                              , 0,2,20181108 20:04:46,    0,         0,         0, 1952,   11,  101,2,                ,0010000,2, 1,         0,    0,1000000000000000000000000000000000000000,0000000000000000000000010000000000001000,         0,         0,         0,         0,1, 0, 0, 0,7322726                       ,    0,         0,0,20181108 20:04:46,3107                          , 9999, 9999, 9999,  101,32767,     0,     0
 ED5.2,6113030                       ,1820                          ,VICKY ALEJAN BAR    ,1632      ,                ,  101,                    ,                              , 0,2,20181108 20:05:03,    0,         0,       154, 1953,   11,  101,2,                ,0010000,2, 1,         0,    0,1000000000000000000000000000000000000000,0000000000000000000000010000000000001000,         0,         0,         0,         0,1, 0, 0, 0,6113030                       ,    0,         0,0,20181108 20:02:29,1820                          , 9999, 9999, 9999,  101,32767,     0,     0
 ED5.2,6113030                       ,1820                          ,VICKY ALEJAN BAR    ,1632      ,                ,  101,                    ,                              , 0,2,20181108 20:05:33,    0,         0,        16, 1952,   11,  101,2,                ,0010000,2, 1,         0,    0,1000000000000000000000000000000000000000,0000000000000000000000010000000000001000,         0,         0,         0,         0,1, 0, 0, 0,6113030                       ,    0,         0,0,20181108 20:05:17,1820                          , 9999, 9999, 9999,  101,32767,     0,     0
 ED5.2,4938176                       ,1365                          ,BRYAN STEVEN CRU    ,1632      ,                ,  101,                    ,                              , 4,2,20181108 20:06:36,    0,         0,        41,  121,   20,  101,2,                ,0000000,3, 0,         0,    0,0000000000000000000000000000000000000000,0000000000000000000000010000000000000000,         0,         0,         0,         0,1, 0, 0, 0,A800                          ,   41,         0,1,20181108 20:05:55,                              , 9999, 9999, 9999, 9999,32767,     0,     0
 ED5.2,7322726                       ,3107                          ,MARYURY PIRA        ,1672      ,                ,  101,                    ,                              , 0,2,20181108 20:06:42,    0,         0,       100,  120,   20,  101,2,                ,0010000,2, 1,         0,    0,1000000000000000000000000000000000000000,0000000000000000000000010000000000001000,         0,         0,         0,         0,1, 0, 0, 0,7322726                       ,    0,         0,0,20181108 20:05:02,3107                          , 9999, 9999, 9999,  101,32767,     0,     0
 ED5.2,6604874                       ,1590                          ,BRIGITH ASTR POR    ,1952      ,                ,  101,                    ,                              , 0,2,20181108 20:06:53,    0,         0,         0, 1952,   11,  101,2,                ,0010000,2, 1,         0,    0,1000000000000000000000000000000000000000,0000000000000000000000010000000000001000,         0,         0,         0,         0,1, 0, 0, 0,6604874                       ,    0,         0,0,20181108 20:06:53,1590                          , 9999, 9999, 9999,  101,32767,     0,     0
