 ED5.2,4468996                       ,2031                          ,MELISSA YOHA VAL    ,4952      ,                ,  101,                    ,                              , 0,2,20190121 21:03:19,    0,         0,        22,  307,   65,  101,2,                ,0010000,2, 1,         0,    0,1000000000000000000000000000000000000000,0000000000000000000000010000000000001000,         0,         0,         0,         0,1, 0, 0, 0,4468996                       ,    0,         0,0,20190121 21:02:57,2031                          , 9999, 9999, 9999,  101,32767,     0,     0
 ED5.2,1532                          ,1176                          ,                    ,1632      ,                ,  101,                    ,                              ,14,0,20190121 21:03:41,    0,         0,        18,65535,65535, 9999,2,                ,0000000,0, 0,         0,    0,0000000000000000000000000000000000000000,0000000000000000000000000000000000000000,         0,         0,         0,         0,1, 0, 0, 0,1532                          ,    0,        18,0,20190121 21:03:23,1176                          ,  101, 9999,  101,  101,    0,     0,     0
 ED5.2,4631481                       ,1896                          ,EDGAR YECID BERM    ,1632      ,                ,  101,                    ,                              , 0,2,20190121 21:11:37,    0,         0,         0,10001,   11,  101,2,                ,0010000,2, 1,         0,    0,1000000000000000000000000000000000000000,0000000000000000000000010000000000001000,         0,         0,         0,         0,1, 0, 0, 0,4631481                       ,    0,         0,0,20190121 21:11:37,1896                          , 9999, 9999, 9999,  101,32767,     0,     0
 ED5.2,1384                          ,1582                          ,                    ,1949      ,                ,  101,                    ,                              ,14,0,20190121 21:13:52,    0,         0,        55,65535,65535, 9999,2,                ,0000000,0, 0,         0,    0,0000000000000000000000000000000000000000,0000000000000000000000000000000000000000,         0,         0,         0,         0,1, 0, 0, 0,1384                          ,    0,        55,0,20190121 21:12:57,1582                          ,  101, 9999,  101,  101,    0,     0,     0
 ED5.2,3133394176                    ,3239                          ,JOSE ANTONIO ECH    ,1979      ,                ,  101,                    ,                              , 0,1,20190121 21:15:52,    0,         0,        25,  377,   21,  101,2,                ,0010000,0, 0,         0,    0,0000000000000000000000000000000000000000,0000000000000000000000010000000000001000,         0,         0,         0,         0,1, 0, 0, 0,033133394176                  ,    0,         0,0,20190121 21:15:27,3239                          , 9999, 9999, 9999,  101,32767,     0,     0
 ED5.2,2538534                       ,4017                          ,JUAN FERNAND SOL    ,2843      ,                ,  101,                    ,                              , 0,2,20190121 21:17:24,    0,         0,         0,10445,   15,  101,2,                ,0010000,2, 1,         0,    0,1000000000000000000000000000000000000000,0000000000000000000000010000000000001000,         0,         0,         0,         0,1, 0, 0, 0,2538534                       ,    0,         0,0,20190121 21:17:24,4017                          , 9999, 9999, 9999,  101,32767,     0,     0
 ED5.2,1214                          ,1447                          ,                    ,1632      ,                ,  101,                    ,                              ,14,0,20190121 21:18:34,    0,         0,        73,65535,65535, 9999,2,                ,0000000,0, 0,         0,    0,0000000000000000000000000000000000000000,0000000000000000000000000000000000000000,         0,         0,         0,         0,1, 0, 0, 0,1214                          ,    0,        73,0,20190121 21:17:21,1447                          ,  101, 9999,  101,  101,    0,     0,     0
 ED5.2,1304                          ,1454                          ,                    ,1952      ,                ,  101,                    ,                              ,14,0,20190121 21:21:14,    0,         0,       156,65535,65535, 9999,2,                ,0000000,0, 0,         0,    0,0000000000000000000000000000000000000000,0000000000000000000000000000000000000000,         0,         0,         0,         0,1, 0, 0, 0,1304                          ,    0,       156,0,20190121 21:18:38,1454                          ,  101, 9999,  101,  101,    0,     0,     0
 ED5.2,3178807620                    ,1351                          ,LILIANA BARRERA     ,1949      ,                ,  101,                    ,                              , 0,1,20190121 21:25:34,    0,         0,       144,  378,   21,  101,2,                ,0010000,0, 0,         0,    0,0000000000000000000000000000000000000000,0000000000000000000000010000000000001000,         0,         0,         0,         0,1, 0, 0, 0,033178807620                  ,    0,         0,0,20190121 21:23:10,1351                          , 9999, 9999, 9999,  101,32767,     0,     0
 ED5.2,1454                          ,1304                          ,                    ,1632      ,                ,  101,                    ,                              ,14,0,20190121 21:28:05,    0,         0,         0,65535,65535, 9999,2,                ,0000000,0, 0,         0,    0,0000000000000000000000000000000000000000,0000000000000000000000000000000000000000,         0,         0,         0,         0,1, 0, 0, 0,1454                          ,    0,         0,0,20190121 21:28:05,1304                          ,  101, 9999,  101,  101,    0,     0,     0
 ED5.2,1214                          ,1454                          ,                    ,1952      ,                ,  101,                    ,                              ,14,0,20190121 21:28:16,    0,         0,       321,65535,65535, 9999,2,                ,0000000,0, 0,         0,    0,0000000000000000000000000000000000000000,0000000000000000000000000000000000000000,         0,         0,         0,         0,1, 0, 0, 0,1214                          ,    0,       321,0,20190121 21:22:55,1454                          ,  101, 9999,  101,  101,    0,     0,     0
 ED5.2,1582                          ,1265                          ,                    ,1632      ,                ,  101,                    ,                              ,14,0,20190121 21:28:28,    0,         0,        70,65535,65535, 9999,2,                ,0000000,0, 0,         0,    0,0000000000000000000000000000000000000000,0000000000000000000000000000000000000000,         0,         0,         0,         0,1, 0, 0, 0,1582                          ,    0,        70,0,20190121 21:27:18,1265                          ,  101, 9999,  101,  101,    0,     0,     0
 ED5.2,1454                          ,1304                          ,                    ,1632      ,                ,  101,                    ,                              ,14,0,20190121 21:28:40,    0,         0,         0,65535,65535, 9999,2,                ,0000000,0, 0,         0,    0,0000000000000000000000000000000000000000,0000000000000000000000000000000000000000,         0,         0,         0,         0,1, 0, 0, 0,1454                          ,    0,         0,0,20190121 21:28:40,1304                          ,  101, 9999,  101,  101,    0,     0,     0
 ED5.2,1304                          ,1454                          ,                    ,1952      ,                ,  101,                    ,                              ,14,0,20190121 21:29:12,    0,         0,        16,65535,65535, 9999,2,                ,0000000,0, 0,         0,    0,0000000000000000000000000000000000000000,0000000000000000000000000000000000000000,         0,         0,         0,         0,1, 0, 0, 0,1304                          ,    0,        16,0,20190121 21:28:56,1454                          ,  101, 9999,  101,  101,    0,     0,     0
 ED5.2,1214                          ,1454                          ,                    ,1952      ,                ,  101,                    ,                              ,14,0,20190121 21:29:31,    0,         0,        15,65535,65535, 9999,2,                ,0000000,0, 0,         0,    0,0000000000000000000000000000000000000000,0000000000000000000000000000000000000000,         0,         0,         0,         0,1, 0, 0, 0,1214                          ,    0,        15,0,20190121 21:29:16,1454                          ,  101, 9999,  101,  101,    0,     0,     0
 ED5.2,1357                          ,1664                          ,                    ,1632      ,                ,  101,                    ,                              ,14,0,20190121 21:30:10,    0,         0,         0,65535,65535, 9999,2,                ,0000000,0, 0,         0,    0,0000000000000000000000000000000000000000,0000000000000000000000000000000000000000,         0,         0,         0,         0,1, 0, 0, 0,1357                          ,    0,         0,0,20190121 21:30:10,1664                          ,  101, 9999,  101,  101,    0,     0,     0
 ED5.2,7484601                       ,1677                          ,JAVIER ANDRE NIE    ,1632      ,                ,  101,                    ,                              , 0,2,20190121 21:34:27,    0,         0,         0,10001,   11,  101,2,                ,0010000,2, 1,         0,    0,1000000000000000000000000000000000000000,0000000000000000000000010000000000001000,         0,         0,         0,         0,1, 0, 0, 0,7484601                       ,    0,         0,0,20190121 21:34:27,1677                          , 9999, 9999, 9999,  101,32767,     0,     0
 ED5.2,1869                          ,1384                          ,                    ,1632      ,                ,  101,                    ,                              ,14,0,20190121 21:35:05,    0,         0,        11,65535,65535, 9999,2,                ,0000000,0, 0,         0,    0,0000000000000000000000000000000000000000,0000000000000000000000000000000000000000,         0,         0,         0,         0,1, 0, 0, 0,1869                          ,    0,        11,0,20190121 21:34:54,1384                          ,  101, 9999,  101,  101,    0,     0,     0
 ED5.2,1557                          ,1452                          ,                    ,1632      ,                ,  101,                    ,                              ,14,0,20190121 21:35:14,    0,         0,        45,65535,65535, 9999,2,                ,0000000,0, 0,         0,    0,0000000000000000000000000000000000000000,0000000000000000000000000000000000000000,         0,         0,         0,         0,1, 0, 0, 0,1557                          ,    0,        45,0,20190121 21:34:29,1452                          ,  101, 9999,  101,  101,    0,     0,     0
 ED5.2,7484601                       ,3293                          ,ERIKA MARCEL JAR    ,1632      ,                ,  101,                    ,                              , 4,2,20190121 21:35:33,    0,         0,        40,  120,   20,  101,2,                ,0000000,3, 0,         0,    0,0000000000000000000000000000000000000000,0000000000000000000000010000000000000000,         0,         0,         0,         0,1, 0, 0, 0,A800                          ,   41,         0,1,20190121 21:34:53,                              , 9999, 9999, 9999, 9999,32767,     0,     0
 ED5.2,1384                          ,1582                          ,                    ,1949      ,                ,  101,                    ,                              ,14,0,20190121 21:38:23,    0,         0,        29,65535,65535, 9999,2,                ,0000000,0, 0,         0,    0,0000000000000000000000000000000000000000,0000000000000000000000000000000000000000,         0,         0,         0,         0,1, 0, 0, 0,1384                          ,    0,        29,0,20190121 21:37:54,1582                          ,  101, 9999,  101,  101,    0,     0,     0
 ED5.2,1340                          ,1452                          ,                    ,1632      ,                ,  101,                    ,                              ,14,0,20190121 21:40:35,    0,         0,         0,65535,65535, 9999,2,                ,0000000,0, 0,         0,    0,0000000000000000000000000000000000000000,0000000000000000000000000000000000000000,         0,         0,         0,         0,1, 0, 0, 0,1340                          ,    0,         0,0,20190121 21:40:35,1452                          ,  101, 9999,  101,  101,    0,     0,     0
 ED5.2,1240                          ,1452                          ,                    ,1632      ,                ,  101,                    ,                              ,14,0,20190121 21:40:37,    0,         0,         0,65535,65535, 9999,2,                ,0000000,0, 0,         0,    0,0000000000000000000000000000000000000000,0000000000000000000000000000000000000000,         0,         0,         0,         0,1, 0, 0, 0,1240                          ,    0,         0,0,20190121 21:40:37,1452                          ,  101, 9999,  101,  101,    0,     0,     0
 ED5.2,1265                          ,1452                          ,                    ,1632      ,                ,  101,                    ,                              ,14,0,20190121 21:41:05,    0,         0,        17,65535,65535, 9999,2,                ,0000000,0, 0,         0,    0,0000000000000000000000000000000000000000,0000000000000000000000000000000000000000,         0,         0,         0,         0,1, 0, 0, 0,1265                          ,    0,        17,0,20190121 21:40:48,1452                          ,  101, 9999,  101,  101,    0,     0,     0
 ED5.2,3128226899                    ,4003                          ,JUDY FRANCEL JAR    ,2952      ,                ,  101,                    ,                              , 0,2,20190121 21:50:17,    0,         0,         0,10349,   66,  101,2,                ,0010000,2, 1,         0,    0,1000000000000000000000000000000000000000,0000000000000000000000010000000000001000,         0,         0,         0,         0,1, 0, 0, 0,033128226899                  ,    0,         0,0,20190121 21:50:17,4003                          , 9999, 9999, 9999,  101,32767,     0,     0
 ED5.2,3128226899                    ,4003                          ,JUDY FRANCEL JAR    ,2952      ,                ,  101,                    ,                              , 0,2,20190121 21:50:52,    0,         0,         0,10349,   66,  101,2,                ,0010000,2, 1,         0,    0,1000000000000000000000000000000000000000,0000000000000000000000010000000000001000,         0,         0,         0,         0,1, 0, 0, 0,033128226899                  ,    0,         0,0,20190121 21:50:52,4003                          , 9999, 9999, 9999,  101,32767,     0,     0
 ED5.2,1214                          ,1447                          ,                    ,1632      ,                ,  101,                    ,                              ,14,0,20190121 21:54:48,    0,         0,        53,65535,65535, 9999,2,                ,0000000,0, 0,         0,    0,0000000000000000000000000000000000000000,0000000000000000000000000000000000000000,         0,         0,         0,         0,1, 0, 0, 0,1214                          ,    0,        53,0,20190121 21:53:55,1447                          ,  101, 9999,  101,  101,    0,     0,     0
 ED5.2,1557                          ,1584                          ,                    ,1635      ,                ,  101,                    ,                              ,14,0,20190121 21:55:33,    0,         0,      1063,65535,65535, 9999,2,                ,0000000,0, 0,         0,    0,0000000000000000000000000000000000000000,0000000000000000000000000000000000000000,         0,         0,         0,         0,1, 0, 0, 0,1557                          ,    0,      1063,0,20190121 21:37:50,1584                          ,  101, 9999,  101,  101,    0,     0,     0
 ED5.2,1214                          ,1447                          ,                    ,1632      ,                ,  101,                    ,                              ,14,0,20190121 21:59:34,    0,         0,         6,65535,65535, 9999,2,                ,0000000,0, 0,         0,    0,0000000000000000000000000000000000000000,0000000000000000000000000000000000000000,         0,         0,         0,         0,1, 0, 0, 0,1214                          ,    0,         6,0,20190121 21:59:28,1447                          ,  101, 9999,  101,  101,    0,     0,     0
 ED5.2,1896                          ,1532                          ,                    ,1632      ,                ,  101,                    ,                              ,14,0,20190121 22:00:34,    0,         0,        72,65535,65535, 9999,2,                ,0000000,0, 0,         0,    0,0000000000000000000000000000000000000000,0000000000000000000000000000000000000000,         0,         0,         0,         0,1, 0, 0, 0,1896                          ,    0,        72,0,20190121 21:59:22,1532                          ,  101, 9999,  101,  101,    0,     0,     0
