 ED5.2,4444321                       ,4077                          ,ELIANA AGUIRRE      ,2952      ,                ,  101,                    ,                              , 0,2,20181208 12:11:26,    0,         0,        96,10445,   15,  101,2,                ,0010000,2, 1,         0,    0,1000000000000000000000000000000000000000,0000000000000000000000010000000000001000,         0,         0,         0,         0,1, 0, 0, 0,4444321                       ,    0,         0,0,20181208 12:09:50,4077                          , 9999, 9999, 9999,  101,32767,     0,     0
 ED5.2,4087                          ,4003                          ,                    ,2952      ,                ,  101,                    ,                              ,14,0,20181208 12:13:07,    0,         0,        54,65535,65535, 9999,2,                ,0000000,0, 0,         0,    0,0000000000000000000000000000000000000000,0000000000000000000000000000000000000000,         0,         0,         0,         0,1, 0, 0, 0,4087                          ,    0,        54,0,20181208 12:12:13,4003                          ,  101, 9999,  101,  101,    0,     0,     0
 ED5.2,4877777                       ,1547                          ,JUAN GABRIEL DIA    ,1949      ,                ,  101,                    ,                              , 0,2,20181208 12:15:24,    0,         0,        13,10002,   11,  101,2,                ,0010000,2, 1,         0,    0,1000000000000000000000000000000000000000,0000000000000000000000010000000000001000,         0,         0,         0,         0,1, 0, 0, 0,4877777                       ,    0,         0,0,20181208 12:15:11,1547                          , 9999, 9999, 9999,  101,32767,     0,     0
 ED5.2,4877777                       ,1547                          ,JUAN GABRIEL DIA    ,1949      ,                ,  101,                    ,                              , 0,2,20181208 12:15:37,    0,         0,         3,10002,   11,  101,2,                ,0010000,2, 1,         0,    0,1000000000000000000000000000000000000000,0000000000000000000000010000000000001000,         0,         0,         0,         0,1, 0, 0, 0,4877777                       ,    0,         0,0,20181208 12:15:34,1547                          , 9999, 9999, 9999,  101,32767,     0,     0
 ED5.2,4877777                       ,1547                          ,JUAN GABRIEL DIA    ,1949      ,                ,  101,                    ,                              , 0,2,20181208 12:16:02,    0,         0,        14,10002,   11,  101,2,                ,0010000,2, 1,         0,    0,1000000000000000000000000000000000000000,0000000000000000000000010000000000001000,         0,         0,         0,         0,1, 0, 0, 0,4877777                       ,    0,         0,0,20181208 12:15:48,1547                          , 9999, 9999, 9999,  101,32767,     0,     0
 ED5.2,4877777                       ,1428                          ,HELBERT MAUR AGU    ,1949      ,                ,  101,                    ,                              , 0,2,20181208 12:17:45,    0,         0,         3,10002,   11,  101,2,                ,0010000,2, 1,         0,    0,1000000000000000000000000000000000000000,0000000000000000000000010000000000001000,         0,         0,         0,         0,1, 0, 0, 0,4877777                       ,    0,         0,0,20181208 12:17:42,1428                          , 9999, 9999, 9999,  101,32767,     0,     0
 ED5.2,663124417238                  ,FS082                         ,SIPsalida           ,          ,                ,  101,                    ,                              , 4,2,20181208 12:19:35,    0,         0,        52,10865,   82,  101,2,                ,0000000,2, 0,         0,    0,0000000000000000000000000000000000000000,0000000000000000000000010000000000000000,         0,         0,         0,         0,1, 0, 0, 0,A500                          ,   53,         0,1,20181208 12:18:43,                              , 9999, 9999, 9999, 9999,32767,     0,     0
 ED5.2,3814500                       ,FS020                         ,ETB                 ,          ,                ,  101,                    ,                              , 4,2,20181208 12:41:18,    0,         0,         3,  121,   20,  101,2,                ,0000000,2, 0,         0,    0,0000000000000000000000000000000000000000,0000000000000000000000010000000000000000,         0,         0,         0,         0,1, 0, 0, 0,A800                          ,    3,         0,0,20181208 12:41:15,                              , 9999, 9999, 9999, 9999,32767,     0,     0
 ED5.2,663107711976                  ,1014                          ,RECEPCION LO COU    ,1635      ,                ,  101,                    ,                              , 4,2,20181208 12:41:48,    0,         0,       213,  120,   20,  101,2,                ,0000000,2, 1,         0,    0,0000000000000000000000000000000000000000,0000000000000000000000010000000000000000,         0,         0,         0,         0,1, 0, 0, 0,A800                          ,  213,         0,1,20181208 12:38:15,                              , 9999, 9999, 9999, 9999,32767,     0,     0
 ED5.2,6604869                       ,1290                          ,JUAN FELIPE GARC    ,1741      ,                ,  101,                    ,                              , 0,2,20181208 12:53:17,    0,         0,         0,10865,   82,  101,2,                ,0010000,2, 1,         0,    0,1000000000000000000000000000000000000000,0000000000000000000000010000000000001000,         0,         0,         0,         0,1, 0, 0, 0,6604869                       ,    0,         0,0,20181208 12:53:17,1290                          , 9999, 9999, 9999,  101,32767,     0,     0
 ED5.2,7420719                       ,FS020                         ,ETB                 ,          ,                ,  101,                    ,                              , 4,2,20181208 12:56:25,    0,         0,         6,  120,   20,  101,2,                ,0000000,3, 0,         0,    0,0000000000000000000000000000000000000000,0000000000000000000000010000000000000000,         0,         0,         0,         0,1, 0, 0, 0,A800                          ,    7,         0,0,20181208 12:56:19,                              , 9999, 9999, 9999, 9999,32767,     0,     0
 ED5.2,6604869                       ,1290                          ,JUAN FELIPE GARC    ,1741      ,                ,  101,                    ,                              , 0,2,20181208 12:59:04,    0,         0,       154,10002,   11,  101,2,                ,0010000,2, 1,         0,    0,1000000000000000000000000000000000000000,0000000000000000000000010000000000001000,         0,         0,         0,         0,1, 0, 0, 0,6604869                       ,    0,         0,0,20181208 12:56:30,1290                          , 9999, 9999, 9999,  101,32767,     0,     0
 ED5.2,1547                          ,1737                          ,                    ,1635      ,                ,  101,                    ,                              ,14,0,20181208 13:01:01,    0,         0,         0,65535,65535, 9999,2,                ,0000000,0, 0,         0,    0,0000000000000000000000000000000000000000,0000000000000000000000000000000000000000,         0,         0,         0,         0,1, 0, 0, 0,1547                          ,    0,         0,0,20181208 13:01:01,1737                          ,  101, 9999,  101,  101,    0,     0,     0
