 ED5.2,2517430                       ,3293                          ,ERIKA MARCEL JAR    ,1632      ,                ,  101,                    ,                              , 0,2,20190107 19:00:50,    0,         0,         0,10001,   11,  101,2,                ,0010000,2, 1,         0,    0,1000000000000000000000000000000000000000,0000000000000000000000010000000000001000,         0,         0,         0,         0,1, 0, 0, 0,2517430                       ,    0,         0,0,20190107 19:00:50,3293                          , 9999, 9999, 9999,  101,32767,     0,     0
 ED5.2,2517430                       ,3293                          ,ERIKA MARCEL JAR    ,1632      ,                ,  101,                    ,                              , 0,2,20190107 19:06:06,    0,         0,        27,10001,   11,  101,2,                ,0010000,2, 1,         0,    0,1000000000000000000000000000000000000000,0000000000000000000000010000000000001000,         0,         0,         0,         0,1, 0, 0, 0,2517430                       ,    0,         0,0,20190107 19:05:39,3293                          , 9999, 9999, 9999,  101,32767,     0,     0
 ED5.2,2517430                       ,3293                          ,ERIKA MARCEL JAR    ,1632      ,                ,  101,                    ,                              , 0,2,20190107 19:06:13,    0,         0,         0,10001,   11,  101,2,                ,0010000,2, 1,         0,    0,1000000000000000000000000000000000000000,0000000000000000000000010000000000001000,         0,         0,         0,         0,1, 0, 0, 0,2517430                       ,    0,         0,0,20190107 19:06:13,3293                          , 9999, 9999, 9999,  101,32767,     0,     0
 ED5.2,2517430                       ,3293                          ,ERIKA MARCEL JAR    ,1632      ,                ,  101,                    ,                              , 0,2,20190107 19:06:26,    0,         0,         2,10001,   11,  101,2,                ,0010000,2, 1,         0,    0,1000000000000000000000000000000000000000,0000000000000000000000010000000000001000,         0,         0,         0,         0,1, 0, 0, 0,2517430                       ,    0,         0,0,20190107 19:06:24,3293                          , 9999, 9999, 9999,  101,32767,     0,     0
 ED5.2,1306                          ,1736                          ,                    ,1635      ,                ,  101,                    ,                              ,14,0,20190107 19:07:53,    0,         0,         0,65535,65535, 9999,2,                ,0000000,0, 0,         0,    0,0000000000000000000000000000000000000000,0000000000000000000000000000000000000000,         0,         0,         0,         0,1, 0, 0, 0,1306                          ,    0,         0,0,20190107 19:07:53,1736                          ,  101, 9999,  101,  101,    0,     0,     0
 ED5.2,1425                          ,1736                          ,                    ,1635      ,                ,  101,                    ,                              ,14,0,20190107 19:08:08,    0,         0,         0,65535,65535, 9999,2,                ,0000000,0, 0,         0,    0,0000000000000000000000000000000000000000,0000000000000000000000000000000000000000,         0,         0,         0,         0,1, 0, 0, 0,1306                          ,    0,         0,1,20190107 19:08:08,1736                          ,  101, 9999,  101,  101,    0,     0,     0
 ED5.2,3107                          ,1736                          ,                    ,1635      ,                ,  101,                    ,                              ,14,0,20190107 19:08:24,    0,         0,         6,65535,65535, 9999,2,                ,0000000,0, 0,         0,    0,0000000000000000000000000000000000000000,0000000000000000000000000000000000000000,         0,         0,         0,         0,1, 0, 0, 0,3107                          ,    0,         6,0,20190107 19:08:18,1736                          ,  101, 9999,  101,  101,    0,     0,     0
 ED5.2,1677                          ,1736                          ,                    ,1635      ,                ,  101,                    ,                              ,14,0,20190107 19:09:16,    0,         0,         0,65535,65535, 9999,2,                ,0000000,0, 0,         0,    0,0000000000000000000000000000000000000000,0000000000000000000000000000000000000000,         0,         0,         0,         0,1, 0, 0, 0,1677                          ,    0,         0,0,20190107 19:09:16,1736                          ,  101, 9999,  101,  101,    0,     0,     0
 ED5.2,1036                          ,1736                          ,                    ,1635      ,                ,  101,                    ,                              ,14,0,20190107 19:09:32,    0,         0,         0,65535,65535, 9999,2,                ,0000000,0, 0,         0,    0,0000000000000000000000000000000000000000,0000000000000000000000000000000000000000,         0,         0,         0,         0,1, 0, 0, 0,1677                          ,    0,         0,1,20190107 19:09:32,1736                          ,  101, 9999,  101,  101,    0,     0,     0
 ED5.2,3293                          ,1736                          ,                    ,1635      ,                ,  101,                    ,                              ,14,0,20190107 19:09:43,    0,         0,         8,65535,65535, 9999,2,                ,0000000,0, 0,         0,    0,0000000000000000000000000000000000000000,0000000000000000000000000000000000000000,         0,         0,         0,         0,1, 0, 0, 0,1677                          ,    0,         8,1,20190107 19:09:35,1736                          ,  101, 9999,  101,  101,    0,     0,     0
 ED5.2,6398080                       ,FS065                         ,Fidu-Cali           ,          ,                ,  101,                    ,                              , 4,2,20190107 19:18:57,    0,         0,        10,  316,   65,  101,2,                ,0000000,3, 0,         0,    0,0000000000000000000000000000000000000000,0000000000000000000000010000000000000000,         0,         0,         0,         0,1, 0, 0, 0,A600                          ,   10,         0,0,20190107 19:18:47,                              , 9999, 9999, 9999, 9999,32767,     0,     0
 ED5.2,6604869                       ,3107                          ,MARYURY PIRA        ,1672      ,                ,  101,                    ,                              , 0,2,20190107 19:19:28,    0,         0,        45,10001,   11,  101,2,                ,0010000,2, 1,         0,    0,1000000000000000000000000000000000000000,0000000000000000000000010000000000001000,         0,         0,         0,         0,1, 0, 0, 0,6604869                       ,    0,         0,0,20190107 19:18:43,3107                          , 9999, 9999, 9999,  101,32767,     0,     0
 ED5.2,3107                          ,3136                          ,                    ,1672      ,                ,  101,                    ,                              ,14,0,20190107 19:19:32,    0,         0,         0,65535,65535, 9999,2,                ,0000000,0, 0,         0,    0,0000000000000000000000000000000000000000,0000000000000000000000000000000000000000,         0,         0,         0,         0,1, 0, 0, 0,3107                          ,    0,         0,0,20190107 19:19:32,3136                          ,  101, 9999,  101,  101,    0,     0,     0
 ED5.2,6604869                       ,1304                          ,ANDRES FELIP YAG    ,1632      ,                ,  101,                    ,                              , 0,2,20190107 19:26:07,    0,         0,        24,10001,   11,  101,2,                ,0010000,2, 1,         0,    0,1000000000000000000000000000000000000000,0000000000000000000000010000000000001000,         0,         0,         0,         0,1, 0, 0, 0,6604869                       ,    0,         0,0,20190107 19:25:43,1304                          , 9999, 9999, 9999,  101,32767,     0,     0
 ED5.2,3107                          ,1736                          ,                    ,1635      ,                ,  101,                    ,                              ,14,0,20190107 19:37:24,    0,         0,         0,65535,65535, 9999,2,                ,0000000,0, 0,         0,    0,0000000000000000000000000000000000000000,0000000000000000000000000000000000000000,         0,         0,         0,         0,1, 0, 0, 0,3107                          ,    0,         0,0,20190107 19:37:24,1736                          ,  101, 9999,  101,  101,    0,     0,     0
 ED5.2,3136                          ,1736                          ,                    ,1635      ,                ,  101,                    ,                              ,14,0,20190107 19:37:39,    0,         0,         0,65535,65535, 9999,2,                ,0000000,0, 0,         0,    0,0000000000000000000000000000000000000000,0000000000000000000000000000000000000000,         0,         0,         0,         0,1, 0, 0, 0,3107                          ,    0,         0,1,20190107 19:37:39,1736                          ,  101, 9999,  101,  101,    0,     0,     0
 ED5.2,3107                          ,1736                          ,                    ,1635      ,                ,  101,                    ,                              ,14,0,20190107 19:37:40,    0,         0,         0,65535,65535, 9999,2,                ,0000000,0, 0,         0,    0,0000000000000000000000000000000000000000,0000000000000000000000000000000000000000,         0,         0,         0,         0,1, 0, 0, 0,3107                          ,    0,         0,1,20190107 19:37:40,1736                          ,  101, 9999,  101,  101,    0,     0,     0
 ED5.2,3107                          ,1736                          ,                    ,1635      ,                ,  101,                    ,                              ,14,0,20190107 19:37:55,    0,         0,         8,65535,65535, 9999,2,                ,0000000,0, 0,         0,    0,0000000000000000000000000000000000000000,0000000000000000000000000000000000000000,         0,         0,         0,         0,1, 0, 0, 0,3107                          ,    0,         8,0,20190107 19:37:47,1736                          ,  101, 9999,  101,  101,    0,     0,     0
