 ED5.2,4816                          ,4816                          ,JUAN CAMILO SERN    ,1091      ,                ,  101,                    ,                              , 2,2,20181224 07:14:17,    0,         0,         0,   78,   12,  101,2,                ,0010000,2, 0,         0,    0,0000000000000000000000000000000000000000,0000010000000000000000000000000000000000,         0,         0,         0,         0,1, 0, 0, 0,                              ,    0,         0,0,20181224 07:14:17,                              , 9999, 9999, 9999, 9999,32767,     0,     0
 ED5.2,7449344                       ,3204                          ,JUAN CAMILO SERN    ,1091      ,                ,  101,                    ,                              , 4,2,20181224 07:19:43,    0,         0,        66,10865,   82,  101,2,                ,0000000,2, 0,         0,    0,0000000000000000000000000000000000000000,0000000000000000000000010000000000000000,         0,         0,         0,         0,1, 0, 0, 0,7645                          ,   67,         0,1,20181224 07:18:37,                              , 9999, 9999, 9999, 9999,32767,     0,     0
 ED5.2,6461400                       ,4816                          ,JUAN CAMILO SERN    ,1091      ,                ,  101,                    ,                              , 9,2,20181224 07:25:31,    0,         0,        72,10865,   82,  101,2,                ,0000000,2, 0,         0,    0,0000000000000000000000000000000000000000,0000010000000000000000000000000000000000,         0,         0,         0,         0,1, 0, 0, 0,A500                          ,   72,         0,1,20181224 07:24:19,                              , 9999, 9999, 9999, 9999,32767,     0,     0
 ED5.2,4816                          ,4816                          ,JUAN CAMILO SERN    ,1091      ,                ,  101,                    ,                              , 2,2,20181224 07:25:31,    0,         0,         0,   79,   12,  101,2,                ,0010000,2, 0,         0,    0,0000000000000000000000000000000000000000,0000010000000000000000000000000000000000,         0,         0,         0,         0,1, 0, 0, 0,                              ,    0,         0,0,20181224 07:25:31,                              , 9999, 9999, 9999, 9999,32767,     0,     0
 ED5.2,8056912                       ,3167                          ,RAFAEL EDUAR COR    ,1979      ,                ,  101,                    ,                              , 0,2,20181224 07:29:00,    0,         0,         0,10001,   11,  101,2,                ,0010000,2, 1,         0,    0,1000000000000000000000000000000000000000,0000000000000000000000010000000000001000,         0,         0,         0,         0,1, 0, 0, 0,8056912                       ,    0,         0,0,20181224 07:29:00,3167                          , 9999, 9999, 9999,  101,32767,     0,     0
 ED5.2,------------------------------,******************************,                    ,**********,                ,  101,                    ,******************************, 4,2,20181224 07:30:35,    0,         0,        19,10865,   82,  101,2,                ,0000000,2, 0,         0,    0,0000000000000000000000000000000000000000,0000000000000000000000010000000000000000,         0,         0,         0,         0,1, 0, 0, 0,------------------------------,   17,         3,1,20181224 07:30:16,******************************, 9999, 9999, 9999, 9999,32767,     0,     0
 ED5.2,7427777                       ,3502                          ,NORMAN FERNA CAM    ,4091      ,                ,  101,                    ,                              , 4,2,20181224 07:31:05,    0,         0,        21,10865,   82,  101,2,                ,0000000,2, 0,         0,    0,0000000000000000000000000000000000000000,0000000000000000000000010000000000000000,         0,         0,         0,         0,1, 0, 0, 0,A500                          ,   22,         0,0,20181224 07:30:44,                              , 9999, 9999, 9999, 9999,32767,     0,     0
 ED5.2,6461400                       ,4816                          ,JUAN CAMILO SERN    ,1091      ,                ,  101,                    ,                              , 9,2,20181224 07:36:15,    0,         0,        73,10865,   82,  101,2,                ,0000000,2, 0,         0,    0,0000000000000000000000000000000000000000,0000010000000000000000000000000000000000,         0,         0,         0,         0,1, 0, 0, 0,A500                          ,   74,         0,1,20181224 07:35:02,                              , 9999, 9999, 9999, 9999,32767,     0,     0
 ED5.2,4816                          ,4816                          ,JUAN CAMILO SERN    ,1091      ,                ,  101,                    ,                              , 2,2,20181224 07:36:15,    0,         0,         0,   80,   12,  101,2,                ,0010000,2, 0,         0,    0,0000000000000000000000000000000000000000,0000010000000000000000000000000000000000,         0,         0,         0,         0,1, 0, 0, 0,                              ,    0,         0,0,20181224 07:36:15,                              , 9999, 9999, 9999, 9999,32767,     0,     0
 ED5.2,5801311                       ,FS082                         ,SIPsalida           ,          ,                ,  101,                    ,                              , 4,2,20181224 07:37:58,    0,         0,         4,10865,   82,  101,2,                ,0000000,2, 0,         0,    0,0000000000000000000000000000000000000000,0000000000000000000000010000000000000000,         0,         0,         0,         0,1, 0, 0, 0,A500                          ,    4,         0,0,20181224 07:37:54,                              , 9999, 9999, 9999, 9999,32767,     0,     0
 ED5.2,8023                          ,3184                          ,                    ,1979      ,                ,  101,                    ,                              ,14,0,20181224 07:41:40,    0,         0,         0,65535,65535, 9999,2,                ,0000000,0, 0,         0,    0,0000000000000000000000000000000000000000,0000000000000000000000000000000000000000,         0,         0,         0,         0,1, 0, 0, 0,45                            ,    0,         0,0,20181224 07:41:40,3184                          ,  101, 9999, 9999,  101,    0,     0,     0
 ED5.2,4640869                       ,1014                          ,RECEPCION LO COU    ,1635      ,                ,  101,                    ,                              , 4,2,20181224 07:43:25,    0,         0,        95,  120,   20,  101,2,                ,0000000,3, 0,         0,    0,0000000000000000000000000000000000000000,0000000000000000000000010000000000000000,         0,         0,         0,         0,1, 0, 0, 0,A800                          ,   95,         0,1,20181224 07:41:50,                              , 9999, 9999, 9999, 9999,32767,     0,     0
 ED5.2,4640869                       ,FS020                         ,ETB                 ,          ,                ,  101,                    ,                              , 4,2,20181224 07:44:23,    0,         0,        47,  120,   20,  101,2,                ,0000000,3, 0,         0,    0,0000000000000000000000000000000000000000,0000000000000000000000010000000000000000,         0,         0,         0,         0,1, 0, 0, 0,A800                          ,   48,         0,1,20181224 07:43:36,                              , 9999, 9999, 9999, 9999,32767,     0,     0
 ED5.2,7940024                       ,FS020                         ,ETB                 ,          ,                ,  101,                    ,                              , 4,2,20181224 07:45:28,    0,         0,         3,  121,   20,  101,2,                ,0000000,3, 0,         0,    0,0000000000000000000000000000000000000000,0000000000000000000000010000000000000000,         0,         0,         0,         0,1, 0, 0, 0,A800                          ,    3,         0,0,20181224 07:45:25,                              , 9999, 9999, 9999, 9999,32767,     0,     0
 ED5.2,1345                          ,1822                          ,                    ,1632      ,                ,  101,                    ,                              ,14,0,20181224 07:45:38,    0,         0,         0,65535,65535, 9999,2,                ,0000000,0, 0,         0,    0,0000000000000000000000000000000000000000,0000000000000000000000000000000000000000,         0,         0,         0,         0,1, 0, 0, 0,1345                          ,    0,         0,0,20181224 07:45:38,1822                          ,  101, 9999,  101,  101,    0,     0,     0
 ED5.2,663178936290                  ,FS020                         ,ETB                 ,          ,                ,  101,                    ,                              , 4,2,20181224 07:45:43,    0,         0,         4,  121,   20,  101,2,                ,0000000,3, 0,         0,    0,0000000000000000000000000000000000000000,0000000000000000000000010000000000000000,         0,         0,         0,         0,1, 0, 0, 0,A800                          ,    5,         0,0,20181224 07:45:39,                              , 9999, 9999, 9999, 9999,32767,     0,     0
 ED5.2,3824500                       ,FS020                         ,ETB                 ,          ,                ,  101,                    ,                              , 4,2,20181224 07:45:45,    0,         0,         4,  122,   20,  101,2,                ,0000000,3, 0,         0,    0,0000000000000000000000000000000000000000,0000000000000000000000010000000000000000,         0,         0,         0,         0,1, 0, 0, 0,A800                          ,    5,         0,0,20181224 07:45:41,                              , 9999, 9999, 9999, 9999,32767,     0,     0
 ED5.2,0745602080                    ,4000                          ,RECEPCION MEDELL    ,2952      ,                ,  101,                    ,                              , 4,2,20181224 07:46:31,    0,         0,       116,10445,   15,  101,2,                ,0000000,2, 0,         0,    0,0000000000000000000000000000000000000000,0000000000000000000000010000000000000000,         0,         0,         0,         0,1, 0, 0, 0,A800                          ,  117,         0,1,20181224 07:44:35,                              , 9999, 9999, 9999, 9999,32767,     0,     0
 ED5.2,3824500                       ,FS020                         ,ETB                 ,          ,                ,  101,                    ,                              , 4,2,20181224 07:46:51,    0,         0,        32,  121,   20,  101,2,                ,0000000,3, 0,         0,    0,0000000000000000000000000000000000000000,0000000000000000000000010000000000000000,         0,         0,         0,         0,1, 0, 0, 0,A800                          ,   33,         0,1,20181224 07:46:19,                              , 9999, 9999, 9999, 9999,32767,     0,     0
 ED5.2,6461400                       ,4810                          ,FELIPE ROJAS AM     ,1213      ,                ,  101,                    ,                              , 9,2,20181224 07:47:03,    0,         0,        40,10865,   82,  101,2,                ,0000000,2, 0,         0,    0,0000000000000000000000000000000000000000,0000010000000000000000000000000000000000,         0,         0,         0,         0,1, 0, 0, 0,A500                          ,   40,         0,1,20181224 07:46:23,                              , 9999, 9999, 9999, 9999,32767,     0,     0
 ED5.2,4810                          ,4810                          ,FELIPE ROJAS AM     ,1213      ,                ,  101,                    ,                              , 2,2,20181224 07:47:04,    0,         0,         0,   81,   12,  101,2,                ,0010000,2, 0,         0,    0,0000000000000000000000000000000000000000,0000010000000000000000000000000000000000,         0,         0,         0,         0,1, 0, 0, 0,                              ,    0,         0,0,20181224 07:47:04,                              , 9999, 9999, 9999, 9999,32767,     0,     0
 ED5.2,4640869                       ,1014                          ,RECEPCION LO COU    ,1635      ,                ,  101,                    ,                              , 4,2,20181224 07:48:00,    0,         0,       184,  120,   20,  101,2,                ,0000000,3, 0,         0,    0,0000000000000000000000000000000000000000,0000000000000000000000010000000000000000,         0,         0,         0,         0,1, 0, 0, 0,A800                          ,  184,         0,1,20181224 07:44:56,                              , 9999, 9999, 9999, 9999,32767,     0,     0
 ED5.2,3250200                       ,1404                          ,LAURA CRISTI GUT    ,1952      ,                ,  101,                    ,                              , 4,2,20181224 07:48:06,    0,         0,        38,  121,   20,  101,2,                ,0000000,2, 1,         0,    0,0000000000000000000000000000000000000000,0000000000000000000000010000000000000000,         0,         0,         0,         0,1, 0, 0, 0,A800                          ,   38,         0,1,20181224 07:47:28,                              , 9999, 9999, 9999, 9999,32767,     0,     0
 ED5.2,1851                          ,1335                          ,                    ,1949      ,                ,  101,                    ,                              ,14,0,20181224 07:49:52,    0,         0,         5,65535,65535, 9999,2,                ,0000000,0, 0,         0,    0,0000000000000000000000000000000000000000,0000000000000000000000000000000000000000,         0,         0,         0,         0,1, 0, 0, 0,1851                          ,    0,         5,0,20181224 07:49:47,1335                          ,  101, 9999,  101,  101,    0,     0,     0
 ED5.2,                              ,FS020                         ,ETB                 ,          ,                ,  101,                    ,                              , 4,2,20181224 07:50:05,    0,         0,         4,  120,   20,  101,2,                ,0000000,3, 0,         0,    0,0000000000000000000000000000000000000000,0000000000000000000000010000000000000000,         0,         0,         0,         0,1, 0, 0, 0,A800                          ,    4,         0,0,20181224 07:50:01,                              , 9999, 9999, 9999, 9999,32767,     0,     0
 ED5.2,6461400                       ,4810                          ,FELIPE ROJAS AM     ,1213      ,                ,  101,                    ,                              , 9,2,20181224 07:51:16,    0,         0,        29,10865,   82,  101,2,                ,0000000,2, 0,         0,    0,0000000000000000000000000000000000000000,0000010000000000000000000000000000000000,         0,         0,         0,         0,1, 0, 0, 0,A500                          ,   30,         0,1,20181224 07:50:47,                              , 9999, 9999, 9999, 9999,32767,     0,     0
 ED5.2,4810                          ,4810                          ,FELIPE ROJAS AM     ,1213      ,                ,  101,                    ,                              , 2,2,20181224 07:51:16,    0,         0,         0,   82,   12,  101,2,                ,0010000,2, 0,         0,    0,0000000000000000000000000000000000000000,0000010000000000000000000000000000000000,         0,         0,         0,         0,1, 0, 0, 0,                              ,    0,         0,0,20181224 07:51:16,                              , 9999, 9999, 9999, 9999,32767,     0,     0
 ED5.2,7777                          ,1527                          ,                    ,1952      ,                ,  101,                    ,                              , 3,0,20181224 07:53:22,    0,         0,         0,65535,65535, 9999,2,                ,0000000,0, 0,         0,    0,0000000000000000000000000000000000000000,0000000000000000000000000000000000000000,         0,         0,         0,         0,1, 0, 0, 0,7777                          ,    0,         0,0,20181224 07:53:22,1527                          ,  101, 9999,  101,  101,    0,     0,     0
 ED5.2,------------------------------,******************************,                    ,**********,                ,  101,                    ,******************************, 4,2,20181224 07:55:00,    0,         0,        20,10865,   82,  101,2,                ,0000000,2, 0,         0,    0,0000000000000000000000000000000000000000,0000000000000000000000010000000000000000,         0,         0,         0,         0,1, 0, 0, 0,------------------------------,   16,         4,1,20181224 07:54:40,******************************, 9999, 9999, 9999, 9999,32767,     0,     0
 ED5.2,2904208                       ,1600                          ,RECEPCION COUNTR    ,1635      ,                ,  101,                    ,                              , 4,2,20181224 07:55:28,    0,         0,        88,  120,   20,  101,2,                ,0000000,3, 0,         0,    0,0000000000000000000000000000000000000000,0000000000000000000000010000000000000000,         0,         0,         0,         0,1, 0, 0, 0,A800                          ,   88,         0,1,20181224 07:54:00,                              , 9999, 9999, 9999, 9999,32767,     0,     0
 ED5.2,7954360                       ,FS082                         ,SIPsalida           ,          ,                ,  101,                    ,                              , 4,2,20181224 07:56:08,    0,         0,        20,10865,   82,  101,2,                ,0000000,2, 0,         0,    0,0000000000000000000000000000000000000000,0000000000000000000000010000000000000000,         0,         0,         0,         0,1, 0, 0, 0,A500                          ,   21,         0,0,20181224 07:55:48,                              , 9999, 9999, 9999, 9999,32767,     0,     0
 ED5.2,2904208                       ,FS020                         ,ETB                 ,          ,                ,  101,                    ,                              , 4,2,20181224 07:56:49,    0,         0,        53,  120,   20,  101,2,                ,0000000,3, 0,         0,    0,0000000000000000000000000000000000000000,0000000000000000000000010000000000000000,         0,         0,         0,         0,1, 0, 0, 0,A800                          ,   53,         0,1,20181224 07:55:56,                              , 9999, 9999, 9999, 9999,32767,     0,     0
 ED5.2,246077                        ,FS020                         ,ETB                 ,          ,                ,  101,                    ,                              , 4,2,20181224 07:57:42,    0,         0,         4,  122,   20,  101,2,                ,0000000,3, 0,         0,    0,0000000000000000000000000000000000000000,0000000000000000000000010000000000000000,         0,         0,         0,         0,1, 0, 0, 0,A800                          ,    5,         0,0,20181224 07:57:38,                              , 9999, 9999, 9999, 9999,32767,     0,     0
 ED5.2,663102477154                  ,1248                          ,MARIA ISABEL MEN    ,1843      ,                ,  101,                    ,                              , 4,2,20181224 07:58:03,    0,         0,        58,  121,   20,  101,2,                ,0000000,2, 1,         0,    0,0000000000000000000000000000000000000000,0000000000000000000000010000000000000000,         0,         0,         0,         0,1, 0, 0, 0,A800                          ,   59,         0,1,20181224 07:57:05,                              , 9999, 9999, 9999, 9999,32767,     0,     0
 ED5.2,2904208                       ,1736                          ,RECEPCION 2 MORA    ,1635      ,                ,  101,                    ,                              , 4,2,20181224 07:58:23,    0,         0,        84,  120,   20,  101,2,                ,0000000,3, 0,         0,    0,0000000000000000000000000000000000000000,0000000000000000000000010000000000000000,         0,         0,         0,         0,1, 0, 0, 0,A800                          ,   85,         0,1,20181224 07:56:59,                              , 9999, 9999, 9999, 9999,32767,     0,     0
 ED5.2,2904208                       ,FS020                         ,ETB                 ,          ,                ,  101,                    ,                              , 4,2,20181224 07:59:15,    0,         0,        43,  120,   20,  101,2,                ,0000000,3, 0,         0,    0,0000000000000000000000000000000000000000,0000000000000000000000010000000000000000,         0,         0,         0,         0,1, 0, 0, 0,A800                          ,   43,         0,1,20181224 07:58:32,                              , 9999, 9999, 9999, 9999,32767,     0,     0
 ED5.2,7436978                       ,FS020                         ,ETB                 ,          ,                ,  101,                    ,                              , 4,2,20181224 08:00:41,    0,         0,        48,  120,   20,  101,2,                ,0000000,3, 0,         0,    0,0000000000000000000000000000000000000000,0000000000000000000000010000000000000000,         0,         0,         0,         0,1, 0, 0, 0,A800                          ,   49,         0,1,20181224 07:59:53,                              , 9999, 9999, 9999, 9999,32767,     0,     0
