 ED5.2,30195                         ,5161                          ,LORENA PATRI ACU    ,3952      ,                ,  101,                    ,                              , 0,2,20181128 19:02:26,    0,         0,         0, 2842,   82,  101,2,                ,0010000,2, 1,         0,    0,1000000000000000000000000000000000000000,0000000000000000000000010000000000001000,         0,         0,         0,         0,1, 0, 0, 0,30195                         ,    0,         0,0,20181128 19:02:26,5161                          , 9999, 9999, 9999,  101,32767,     0,     0
 ED5.2,4349213                       ,1314                          ,INGENIERO DESARR    ,1945      ,                ,  101,                    ,                              , 0,2,20181128 19:02:43,    0,         0,        29, 1975,   11,  101,2,                ,0010000,2, 1,         0,    0,1000000000000000000000000000000000000000,0000000000000000000000010000000000001000,         0,         0,         0,         0,1, 0, 0, 0,4349213                       ,    0,         0,0,20181128 19:02:14,1314                          , 9999, 9999, 9999,  101,32767,     0,     0
 ED5.2,663206778297                  ,FS020                         ,ETB                 ,          ,                ,  101,                    ,                              , 4,2,20181128 19:03:05,    0,         0,         4,  120,   20,  101,2,                ,0000000,2, 1,         0,    0,0000000000000000000000000000000000000000,0000000000000000000000010000000000000000,         0,         0,         0,         0,1, 0, 0, 0,A800                          ,    4,         0,0,20181128 19:03:01,                              , 9999, 9999, 9999, 9999,32767,     0,     0
 ED5.2,4349213                       ,1314                          ,INGENIERO DESARR    ,1945      ,                ,  101,                    ,                              , 0,2,20181128 19:03:27,    0,         0,         0, 1975,   11,  101,2,                ,0010000,2, 1,         0,    0,1000000000000000000000000000000000000000,0000000000000000000000010000000000001000,         0,         0,         0,         0,1, 0, 0, 0,4349213                       ,    0,         0,0,20181128 19:03:27,1314                          , 9999, 9999, 9999,  101,32767,     0,     0
 ED5.2,3019597                       ,5161                          ,LORENA PATRI ACU    ,3952      ,                ,  101,                    ,                              , 0,2,20181128 19:04:58,    0,         0,       139, 2842,   82,  101,2,                ,0010000,2, 1,         0,    0,1000000000000000000000000000000000000000,0000000000000000000000010000000000001000,         0,         0,         0,         0,1, 0, 0, 0,3019597                       ,    0,         0,0,20181128 19:02:39,5161                          , 9999, 9999, 9999,  101,32767,     0,     0
 ED5.2,8012                          ,8018                          ,                    ,6425      ,                ,  101,                    ,                              ,14,0,20181128 19:07:01,    0,         0,        15,65535,65535, 9999,2,                ,0000000,0, 0,         0,    0,0000000000000000000000000000000000000000,0000000000000000000000000000000000000000,         0,         0,         0,         0,1, 0, 0, 0,8012                          ,    0,        15,0,20181128 19:06:46,8018                          ,  101, 9999,  101,  101,    0,     0,     0
 ED5.2,1129                          ,1736                          ,                    ,1635      ,                ,  101,                    ,                              ,14,0,20181128 19:09:07,    0,         0,        12,65535,65535, 9999,2,                ,0000000,0, 0,         0,    0,0000000000000000000000000000000000000000,0000000000000000000000000000000000000000,         0,         0,         0,         0,1, 0, 0, 0,1129                          ,    0,        12,0,20181128 19:08:55,1736                          ,  101, 9999,  101,  101,    0,     0,     0
 ED5.2,663006842024                  ,FS020                         ,ETB                 ,          ,                ,  101,                    ,                              , 4,2,20181128 19:12:48,    0,         0,        17,  120,   20,  101,2,                ,0000000,2, 1,         0,    0,0000000000000000000000000000000000000000,0000000000000000000000010000000000000000,         0,         0,         0,         0,1, 0, 0, 0,A800                          ,   18,         0,0,20181128 19:12:31,                              , 9999, 9999, 9999, 9999,32767,     0,     0
 ED5.2,1259                          ,1145                          ,                    ,1949      ,                ,  101,                    ,                              ,14,0,20181128 19:12:53,    0,         0,      1783,65535,65535, 9999,2,                ,0000000,0, 0,         0,    0,0000000000000000000000000000000000000000,0000000000000000000000000000000000000000,         0,         0,         0,         0,1, 0, 0, 0,1259                          ,    0,      1783,0,20181128 18:43:10,1145                          ,  101, 9999,  101,  101,    0,     0,     0
 ED5.2,7420771                       ,4811                          ,                    ,          ,                ,  101,                    ,                              , 7,2,20181128 19:14:00,    0,         0,     30257, 2862,   82,  101,2,                ,0010000,2, 1,         0,    0,1000000000000000000000000000000000000000,0000000000000000000000010000000000001000,         0,         0,         0,         0,1, 0, 0, 0,7420771                       ,    0,         0,0,20181128 10:49:43,                              , 9999, 9999, 9999, 9999,32767,     0,     0
 ED5.2,4218364                       ,FS082                         ,SIPsalida           ,          ,                ,  101,                    ,                              , 4,2,20181128 19:14:53,    0,         0,         2, 2842,   82,  101,2,                ,0000000,2, 0,         0,    0,0000000000000000000000000000000000000000,0000000000000000000000010000000000000000,         0,         0,         0,         0,1, 0, 0, 0,A500                          ,    2,         0,0,20181128 19:14:51,                              , 9999, 9999, 9999, 9999,32767,     0,     0
 ED5.2,4218364                       ,FS082                         ,SIPsalida           ,          ,                ,  101,                    ,                              , 4,2,20181128 19:15:31,    0,         0,         4, 2842,   82,  101,2,                ,0000000,2, 0,         0,    0,0000000000000000000000000000000000000000,0000000000000000000000010000000000000000,         0,         0,         0,         0,1, 0, 0, 0,A500                          ,    5,         0,0,20181128 19:15:27,                              , 9999, 9999, 9999, 9999,32767,     0,     0
 ED5.2,4077                          ,4065                          ,                    ,2843      ,                ,  101,                    ,                              ,14,0,20181128 19:15:46,    0,         0,        22,65535,65535, 9999,2,                ,0000000,0, 0,         0,    0,0000000000000000000000000000000000000000,0000000000000000000000000000000000000000,         0,         0,         0,         0,1, 0, 0, 0,4077                          ,    0,        22,0,20181128 19:15:24,4065                          ,  101, 9999,  101,  101,    0,     0,     0
 ED5.2,------------------------------,******************************,                    ,**********,                ,  101,                    ,******************************, 4,2,20181128 19:16:01,    0,         0,        22, 2842,   82,  101,2,                ,0000000,2, 0,         0,    0,0000000000000000000000000000000000000000,0000000000000000000000010000000000000000,         0,         0,         0,         0,1, 0, 0, 0,------------------------------,   20,         3,1,20181128 19:15:39,******************************, 9999, 9999, 9999, 9999,32767,     0,     0
 ED5.2,3344030                       ,4027                          ,LILIANA MARIN RI    ,1952      ,                ,  101,                    ,                              , 0,2,20181128 19:20:35,    0,         0,        28, 2419,   15,  101,2,                ,0010000,2, 1,         0,    0,1000000000000000000000000000000000000000,0000000000000000000000010000000000001000,         0,         0,         0,         0,1, 0, 0, 0,3344030                       ,    0,         0,0,20181128 19:20:07,4027                          , 9999, 9999, 9999,  101,32767,     0,     0
 ED5.2,2576601                       ,1057                          ,LINA MAYERLY CAR    ,1112      ,                ,  101,                    ,                              , 0,2,20181128 19:21:42,    0,         0,        73, 1975,   11,  101,2,                ,0010000,2, 1,         0,    0,1000000000000000000000000000000000000000,0000000000000000000000010000000000001000,         0,         0,         0,         0,1, 0, 0, 0,2576601                       ,    0,         0,0,20181128 19:20:29,1057                          , 9999, 9999, 9999,  101,32767,     0,     0
 ED5.2,5120                          ,5155                          ,                    ,3952      ,                ,  101,                    ,                              ,14,0,20181128 19:22:05,    0,         0,        31,65535,65535, 9999,2,                ,0000000,0, 0,         0,    0,0000000000000000000000000000000000000000,0000000000000000000000000000000000000000,         0,         0,         0,         0,1, 0, 0, 0,5120                          ,    0,        31,0,20181128 19:21:34,5155                          ,  101, 9999,  101,  101,    0,     0,     0
 ED5.2,5120                          ,5135                          ,                    ,3843      ,                ,  101,                    ,                              ,14,0,20181128 19:22:14,    0,         0,         0,65535,65535, 9999,2,                ,0000000,0, 0,         0,    0,0000000000000000000000000000000000000000,0000000000000000000000000000000000000000,         0,         0,         0,         0,1, 0, 0, 0,5120                          ,    0,         0,0,20181128 19:22:14,5135                          ,  101, 9999,  101,  101,    0,     0,     0
 ED5.2,4087                          ,4012                          ,                    ,2952      ,                ,  101,                    ,                              ,14,0,20181128 19:22:18,    0,         0,        15,65535,65535, 9999,2,                ,0000000,0, 0,         0,    0,0000000000000000000000000000000000000000,0000000000000000000000000000000000000000,         0,         0,         0,         0,1, 0, 0, 0,4087                          ,    0,        15,0,20181128 19:22:03,4012                          ,  101, 9999,  101,  101,    0,     0,     0
 ED5.2,5117                          ,5135                          ,                    ,3843      ,                ,  101,                    ,                              ,14,0,20181128 19:23:00,    0,         0,        38,65535,65535, 9999,2,                ,0000000,0, 0,         0,    0,0000000000000000000000000000000000000000,0000000000000000000000000000000000000000,         0,         0,         0,         0,1, 0, 0, 0,5117                          ,    0,        38,0,20181128 19:22:22,5135                          ,  101, 9999,  101,  101,    0,     0,     0
 ED5.2,7420719                       ,1340                          ,RECEPCION MORATO    ,1635      ,                ,  101,                    ,                              , 4,2,20181128 19:24:14,    0,         0,        36,  120,   20,  101,2,                ,0000000,3, 0,         0,    0,0000000000000000000000000000000000000000,0000000000000000000000010000000000000000,         0,         0,         0,         0,1, 0, 0, 0,A800                          ,   36,         0,1,20181128 19:23:38,                              , 9999, 9999, 9999, 9999,32767,     0,     0
 ED5.2,5155                          ,5120                          ,                    ,3952      ,                ,  101,                    ,                              ,14,0,20181128 19:27:00,    0,         0,       126,65535,65535, 9999,2,                ,0000000,0, 0,         0,    0,0000000000000000000000000000000000000000,0000000000000000000000000000000000000000,         0,         0,         0,         0,1, 0, 0, 0,5155                          ,    0,       126,0,20181128 19:24:54,5120                          ,  101, 9999,  101,  101,    0,     0,     0
 ED5.2,5207                          ,5155                          ,                    ,3952      ,                ,  101,                    ,                              ,14,0,20181128 19:33:28,    0,         0,         0,65535,65535, 9999,2,                ,0000000,0, 0,         0,    0,0000000000000000000000000000000000000000,0000000000000000000000000000000000000000,         0,         0,         0,         0,1, 0, 0, 0,5207                          ,    0,         0,0,20181128 19:33:28,5155                          ,  101, 9999,  101,  101,    0,     0,     0
 ED5.2,5248100                       ,2072                          ,PROACD CALI         ,4948      ,                ,  101,                    ,                              , 0,2,20181128 19:36:42,    0,         0,         6,  301,   65,  101,2,                ,0010000,2, 1,         0,    0,1000000000000000000000000000000000000000,0000000000000000000000010000000000001000,         0,         0,         0,         0,1, 0, 0, 0,5248100                       ,    0,         0,0,20181128 19:36:36,2072                          , 9999, 9999, 9999,  101,32767,     0,     0
 ED5.2,0726440300                    ,FS062                         ,CALI                ,          ,                ,  101,                    ,                              , 4,2,20181128 19:36:43,    0,         0,         7,  273,   62,  101,2,                ,0000000,3, 0,         0,    0,0000000000000000000000000000000000000000,0000000000000000000000010000000000000000,         0,         0,         0,         0,1, 0, 0, 0,A400                          ,    8,         0,0,20181128 19:36:36,                              , 9999, 9999, 9999, 9999,32767,     0,     0
 ED5.2,5248100                       ,2072                          ,PROACD CALI         ,4948      ,                ,  101,                    ,                              , 0,2,20181128 19:36:51,    0,         0,         2,  302,   65,  101,2,                ,0010000,2, 1,         0,    0,1000000000000000000000000000000000000000,0000000000000000000000010000000000001000,         0,         0,         0,         0,1, 0, 0, 0,5248100                       ,    0,         0,0,20181128 19:36:49,2072                          , 9999, 9999, 9999,  101,32767,     0,     0
 ED5.2,0726440300                    ,FS062                         ,CALI                ,          ,                ,  101,                    ,                              , 4,2,20181128 19:36:52,    0,         0,         4,  274,   62,  101,2,                ,0000000,3, 0,         0,    0,0000000000000000000000000000000000000000,0000000000000000000000010000000000000000,         0,         0,         0,         0,1, 0, 0, 0,A400                          ,    4,         0,0,20181128 19:36:48,                              , 9999, 9999, 9999, 9999,32767,     0,     0
 ED5.2,5240659                       ,2072                          ,PROACD CALI         ,4948      ,                ,  101,                    ,                              , 0,2,20181128 19:37:02,    0,         0,         5,  303,   65,  101,2,                ,0010000,2, 1,         0,    0,1000000000000000000000000000000000000000,0000000000000000000000010000000000001000,         0,         0,         0,         0,1, 0, 0, 0,5240659                       ,    0,         0,0,20181128 19:36:57,2072                          , 9999, 9999, 9999,  101,32767,     0,     0
 ED5.2,0726440300                    ,FS065                         ,Fidu-Cali           ,          ,                ,  101,                    ,                              , 4,2,20181128 19:37:02,    0,         0,         5,  304,   65,  101,2,                ,0000000,3, 0,         0,    0,0000000000000000000000000000000000000000,0000000000000000000000010000000000000000,         0,         0,         0,         0,1, 0, 0, 0,A600                          ,    6,         0,0,20181128 19:36:57,                              , 9999, 9999, 9999, 9999,32767,     0,     0
 ED5.2,6442200                       ,2072                          ,PROACD CALI         ,4948      ,                ,  101,                    ,                              , 0,2,20181128 19:37:12,    0,         0,         1,  305,   65,  101,2,                ,0010000,2, 1,         0,    0,1000000000000000000000000000000000000000,0000000000000000000000010000000000001000,         0,         0,         0,         0,1, 0, 0, 0,6442200                       ,    0,         0,0,20181128 19:37:11,2072                          , 9999, 9999, 9999,  101,32767,     0,     0
 ED5.2,0916447700                    ,2072                          ,PROACD CALI         ,4948      ,                ,  101,                    ,                              , 0,2,20181128 19:37:23,    0,         0,         0,  120,   20,  101,2,                ,0010000,2, 1,         0,    0,1000000000000000000000000000000000000000,0000000000000000000000010000000000001000,         0,         0,         0,         0,1, 0, 0, 0,0916447700                    ,    0,         0,0,20181128 19:37:23,2072                          , 9999, 9999, 9999,  101,32767,     0,     0
 ED5.2,0516447700                    ,2072                          ,PROACD CALI         ,4948      ,                ,  101,                    ,                              , 0,2,20181128 19:37:35,    0,         0,         4,  120,   20,  101,2,                ,0010000,2, 1,         0,    0,1000000000000000000000000000000000000000,0000000000000000000000010000000000001000,         0,         0,         0,         0,1, 0, 0, 0,0516447700                    ,    0,         0,0,20181128 19:37:31,2072                          , 9999, 9999, 9999,  101,32767,     0,     0
 ED5.2,6447700                       ,FS020                         ,ETB                 ,          ,                ,  101,                    ,                              , 4,2,20181128 19:37:35,    0,         0,         4,  121,   20,  101,2,                ,0000000,2, 1,         0,    0,0000000000000000000000000000000000000000,0000000000000000000000010000000000000000,         0,         0,         0,         0,1, 0, 0, 0,A800                          ,    4,         0,0,20181128 19:37:31,                              , 9999, 9999, 9999, 9999,32767,     0,     0
 ED5.2,0513190800                    ,2072                          ,PROACD CALI         ,4948      ,                ,  101,                    ,                              , 0,2,20181128 19:37:55,    0,         0,         0,  120,   20,  101,2,                ,0010000,2, 1,         0,    0,1000000000000000000000000000000000000000,0000000000000000000000010000000000001000,         0,         0,         0,         0,1, 0, 0, 0,0513190800                    ,    0,         0,0,20181128 19:37:55,2072                          , 9999, 9999, 9999,  101,32767,     0,     0
 ED5.2,5142                          ,5155                          ,                    ,3952      ,                ,  101,                    ,                              ,14,0,20181128 19:38:22,    0,         0,         0,65535,65535, 9999,2,                ,0000000,0, 0,         0,    0,0000000000000000000000000000000000000000,0000000000000000000000000000000000000000,         0,         0,         0,         0,1, 0, 0, 0,5142                          ,    0,         0,0,20181128 19:38:22,5155                          ,  101, 9999,  101,  101,    0,     0,     0
 ED5.2,5100                          ,5155                          ,                    ,3952      ,                ,  101,                    ,                              ,14,0,20181128 19:38:23,    0,         0,         0,65535,65535, 9999,2,                ,0000000,0, 0,         0,    0,0000000000000000000000000000000000000000,0000000000000000000000000000000000000000,         0,         0,         0,         0,1, 0, 0, 0,5142                          ,    0,         0,1,20181128 19:38:23,5155                          ,  101, 9999,  101,  101,    0,     0,     0
 ED5.2,4028                          ,4038                          ,                    ,2952      ,                ,  101,                    ,                              ,14,0,20181128 19:50:54,    0,         0,         8,65535,65535, 9999,2,                ,0000000,0, 0,         0,    0,0000000000000000000000000000000000000000,0000000000000000000000000000000000000000,         0,         0,         0,         0,1, 0, 0, 0,4028                          ,    0,         8,0,20181128 19:50:46,4038                          ,  101, 9999,  101,  101,    0,     0,     0
 ED5.2,4072                          ,4038                          ,                    ,2952      ,                ,  101,                    ,                              ,14,0,20181128 19:54:52,    0,         0,        17,65535,65535, 9999,2,                ,0000000,0, 0,         0,    0,0000000000000000000000000000000000000000,0000000000000000000000000000000000000000,         0,         0,         0,         0,1, 0, 0, 0,4072                          ,    0,        17,0,20181128 19:54:35,4038                          ,  101, 9999,  101,  101,    0,     0,     0
 ED5.2,4034                          ,4072                          ,                    ,2952      ,                ,  101,                    ,                              ,14,0,20181128 19:56:24,    0,         0,         0,65535,65535, 9999,2,                ,0000000,0, 0,         0,    0,0000000000000000000000000000000000000000,0000000000000000000000000000000000000000,         0,         0,         0,         0,1, 0, 0, 0,4034                          ,    0,         0,0,20181128 19:56:24,4072                          ,  101, 9999,  101,  101,    0,     0,     0
 ED5.2,4054                          ,4072                          ,                    ,2952      ,                ,  101,                    ,                              ,14,0,20181128 19:56:27,    0,         0,         0,65535,65535, 9999,2,                ,0000000,0, 0,         0,    0,0000000000000000000000000000000000000000,0000000000000000000000000000000000000000,         0,         0,         0,         0,1, 0, 0, 0,4054                          ,    0,         0,0,20181128 19:56:27,4072                          ,  101, 9999,  101,  101,    0,     0,     0
 ED5.2,4038                          ,4072                          ,                    ,2952      ,                ,  101,                    ,                              ,14,0,20181128 19:56:51,    0,         0,        12,65535,65535, 9999,2,                ,0000000,0, 0,         0,    0,0000000000000000000000000000000000000000,0000000000000000000000000000000000000000,         0,         0,         0,         0,1, 0, 0, 0,4038                          ,    0,        12,0,20181128 19:56:39,4072                          ,  101, 9999,  101,  101,    0,     0,     0
 ED5.2,4062                          ,4067                          ,                    ,2952      ,                ,  101,                    ,                              ,14,0,20181128 19:56:59,    0,         0,        12,65535,65535, 9999,2,                ,0000000,0, 0,         0,    0,0000000000000000000000000000000000000000,0000000000000000000000000000000000000000,         0,         0,         0,         0,1, 0, 0, 0,4062                          ,    0,        12,0,20181128 19:56:47,4067                          ,  101, 9999,  101,  101,    0,     0,     0
 ED5.2,5185542                       ,4019                          ,NORELY DEL S RIO    ,2952      ,                ,  101,                    ,                              , 4,2,20181128 19:58:23,    0,         0,        86, 2419,   15,  101,2,                ,0000000,2, 0,         0,    0,0000000000000000000000000000000000000000,0000000000000000000000010000000000000000,         0,         0,         0,         0,1, 0, 0, 0,A800                          ,    9,        78,0,20181128 19:56:57,                              , 9999, 9999, 9999, 9999,32767,     0,     0
 ED5.2,                              ,FS083                         ,fidumaniza          ,          ,                ,  101,                    ,                              , 4,1,20181128 20:01:10,    0,         0,         8,  414,   83,  101,2,                ,0000000,0, 0,         0,    0,0000000000000000000000000000000000000000,0000000000000000000000010000000000000000,         0,         0,         0,         0,1, 0, 0, 0,                              ,    9,         0,1,20181128 20:01:02,                              , 9999, 9999, 9999, 9999,32767,     0,     0
