 ED5.2,                              ,3709                          ,MAYRA ALEJAN RAM    ,5466      ,                ,  101,                    ,                              , 4,1,20190113 10:18:05,    0,         0,       189,  410,   84,  101,2,                ,0000000,0, 0,         0,    0,0000000000000000000000000000000000000000,0000000000000000000000010000000000000000,         0,         0,         0,         0,1, 0, 0, 0,                              ,  190,         0,1,20190113 10:14:56,                              , 9999, 9999, 9999, 9999,32767,     0,     0
 ED5.2,5254563                       ,1532                          ,ESTEPHANIA CARO     ,1632      ,                ,  101,                    ,                              , 0,2,20190113 10:19:39,    0,         0,       374,10001,   11,  101,2,                ,0010000,2, 1,         0,    0,1000000000000000000000000000000000000000,0000000000000000000000010000000000001000,         0,         0,         0,         0,1, 0, 0, 0,5254563                       ,    0,         0,0,20190113 10:13:25,1532                          , 9999, 9999, 9999,  101,32767,     0,     0
 ED5.2,                              ,3709                          ,MAYRA ALEJAN RAM    ,5466      ,                ,  101,                    ,                              , 4,1,20190113 10:19:51,    0,         0,        74,  410,   84,  101,2,                ,0000000,0, 0,         0,    0,0000000000000000000000000000000000000000,0000000000000000000000010000000000000000,         0,         0,         0,         0,1, 0, 0, 0,                              ,   74,         0,1,20190113 10:18:37,                              , 9999, 9999, 9999, 9999,32767,     0,     0
 ED5.2,1439                          ,1736                          ,                    ,1635      ,                ,  101,                    ,                              ,14,0,20190113 10:20:36,    0,         0,         8,65535,65535, 9999,2,                ,0000000,0, 0,         0,    0,0000000000000000000000000000000000000000,0000000000000000000000000000000000000000,         0,         0,         0,         0,1, 0, 0, 0,1439                          ,    0,         8,0,20190113 10:20:28,1736                          ,  101, 9999,  101,  101,    0,     0,     0
 ED5.2,6604869                       ,1736                          ,RECEPCION 2 MORA    ,1635      ,                ,  101,                    ,                              , 0,2,20190113 10:33:59,    0,         0,        33,10865,   82,  101,2,                ,0010000,2, 1,         0,    0,1000000000000000000000000000000000000000,0000000000000000000000010000000000001000,         0,         0,         0,         0,1, 0, 0, 0,6604869                       ,    0,         0,0,20190113 10:33:26,1736                          , 9999, 9999, 9999,  101,32767,     0,     0
 ED5.2,663125120736                  ,FS082                         ,SIPsalida           ,          ,                ,  101,                    ,                              , 4,2,20190113 10:42:28,    0,         0,        33,10865,   82,  101,2,                ,0000000,2, 0,         0,    0,0000000000000000000000000000000000000000,0000000000000000000000010000000000000000,         0,         0,         0,         0,1, 0, 0, 0,A500                          ,   33,         0,0,20190113 10:41:55,                              , 9999, 9999, 9999, 9999,32767,     0,     0
 ED5.2,663125120736                  ,FS082                         ,SIPsalida           ,          ,                ,  101,                    ,                              , 4,2,20190113 10:43:10,    0,         0,        36,10865,   82,  101,2,                ,0000000,2, 0,         0,    0,0000000000000000000000000000000000000000,0000000000000000000000010000000000000000,         0,         0,         0,         0,1, 0, 0, 0,A500                          ,   36,         0,1,20190113 10:42:34,                              , 9999, 9999, 9999, 9999,32767,     0,     0
 ED5.2,663125120736                  ,FS082                         ,SIPsalida           ,          ,                ,  101,                    ,                              , 4,2,20190113 10:43:50,    0,         0,        31,10865,   82,  101,2,                ,0000000,2, 0,         0,    0,0000000000000000000000000000000000000000,0000000000000000000000010000000000000000,         0,         0,         0,         0,1, 0, 0, 0,A500                          ,   31,         0,1,20190113 10:43:19,                              , 9999, 9999, 9999, 9999,32767,     0,     0
 ED5.2,663165235869                  ,3379                          ,KAREN LIZETH POR    ,1466      ,                ,  101,                    ,                              , 4,2,20190113 10:44:40,    0,         0,        29,10867,   82,  101,2,                ,0000000,2, 0,         0,    0,0000000000000000000000000000000000000000,0000000000000000000000010000000000000000,         0,         0,         0,         0,1, 0, 0, 0,7634                          ,   30,         0,1,20190113 10:44:11,                              , 9999, 9999, 9999, 9999,32767,     0,     0
 ED5.2,663125120736                  ,3377                          ,LIBRE LIBRE         ,1528      ,                ,  101,                    ,                              , 4,2,20190113 10:46:29,    0,         0,       149,10865,   82,  101,2,                ,0000000,2, 0,         0,    0,0000000000000000000000000000000000000000,0000000000000000000000010000000000000000,         0,         0,         0,         0,1, 0, 0, 0,A500                          ,  150,         0,1,20190113 10:44:00,                              , 9999, 9999, 9999, 9999,32767,     0,     0
 ED5.2,1439                          ,1441                          ,                    ,1632      ,                ,  101,                    ,                              ,14,0,20190113 10:51:22,    0,         0,       176,65535,65535, 9999,2,                ,0000000,0, 0,         0,    0,0000000000000000000000000000000000000000,0000000000000000000000000000000000000000,         0,         0,         0,         0,1, 0, 0, 0,1439                          ,    0,       176,0,20190113 10:48:26,1441                          ,  101, 9999,  101,  101,    0,     0,     0
 ED5.2,7461166                       ,FS020                         ,ETB                 ,          ,                ,  101,                    ,                              , 4,2,20190113 10:58:02,    0,         0,        29,  120,   20,  101,2,                ,0000000,3, 0,         0,    0,0000000000000000000000000000000000000000,0000000000000000000000010000000000000000,         0,         0,         0,         0,1, 0, 0, 0,A800                          ,   30,         0,0,20190113 10:57:33,                              , 9999, 9999, 9999, 9999,32767,     0,     0
 ED5.2,033125120736                  ,2020                          ,ESTEFANI XIO MON    ,4635      ,                ,  101,                    ,                              , 4,2,20190113 11:23:01,    0,         0,        55,  284,   62,  101,2,                ,0000000,3, 0,         0,    0,0000000000000000000000000000000000000000,0000000000000000000000010000000000000000,         0,         0,         0,         0,1, 0, 0, 0,A400                          ,   55,         0,0,20190113 11:22:06,                              , 9999, 9999, 9999, 9999,32767,     0,     0
