 ED5.2,09712                         ,FS020                         ,ETB                 ,          ,                ,  101,                    ,                              , 4,2,20190119 08:15:24,    0,         0,         6,  120,   20,  101,2,                ,0000000,3, 0,         0,    0,0000000000000000000000000000000000000000,0000000000000000000000010000000000000000,         0,         0,         0,         0,1, 0, 0, 0,A800                          ,    7,         0,0,20190119 08:15:18,                              , 9999, 9999, 9999, 9999,32767,     0,     0
 ED5.2,663127876683                  ,4010                          ,ELIZABETH PA GAR    ,2843      ,                ,  101,                    ,                              , 4,2,20190119 08:18:39,    0,         0,        64,10445,   15,  101,2,                ,0000000,2, 0,         0,    0,0000000000000000000000000000000000000000,0000000000000000000000010000000000000000,         0,         0,         0,         0,1, 0, 0, 0,A800                          ,   65,         0,1,20190119 08:17:35,                              , 9999, 9999, 9999, 9999,32767,     0,     0
 ED5.2,663127876683                  ,4010                          ,ELIZABETH PA GAR    ,2843      ,                ,  101,                    ,                              , 4,2,20190119 08:19:52,    0,         0,        66,10445,   15,  101,2,                ,0000000,2, 0,         0,    0,0000000000000000000000000000000000000000,0000000000000000000000010000000000000000,         0,         0,         0,         0,1, 0, 0, 0,A800                          ,   66,         0,1,20190119 08:18:46,                              , 9999, 9999, 9999, 9999,32767,     0,     0
 ED5.2,663127876683                  ,1600                          ,RECEPCION COUNTR    ,1635      ,                ,  101,                    ,                              , 4,2,20190119 08:21:52,    0,         0,       103,  121,   20,  101,2,                ,0000000,2, 0,         0,    0,0000000000000000000000000000000000000000,0000000000000000000000010000000000000000,         0,         0,         0,         0,1, 0, 0, 0,A800                          ,  103,         0,1,20190119 08:20:09,                              , 9999, 9999, 9999, 9999,32767,     0,     0
 ED5.2,663127876683                  ,FS020                         ,ETB                 ,          ,                ,  101,                    ,                              , 4,2,20190119 08:22:46,    0,         0,        46,  121,   20,  101,2,                ,0000000,2, 0,         0,    0,0000000000000000000000000000000000000000,0000000000000000000000010000000000000000,         0,         0,         0,         0,1, 0, 0, 0,A800                          ,   46,         0,1,20190119 08:22:00,                              , 9999, 9999, 9999, 9999,32767,     0,     0
 ED5.2,7429774                       ,1014                          ,RECEPCION LO COU    ,1635      ,                ,  101,                    ,                              , 4,2,20190119 08:22:57,    0,         0,       359,  120,   20,  101,2,                ,0000000,3, 0,         0,    0,0000000000000000000000000000000000000000,0000000000000000000000010000000000000000,         0,         0,         0,         0,1, 0, 0, 0,A800                          ,  360,         0,1,20190119 08:16:58,                              , 9999, 9999, 9999, 9999,32767,     0,     0
 ED5.2,663117080471                  ,FS065                         ,Fidu-Cali           ,          ,                ,  101,                    ,                              , 4,2,20190119 08:23:12,    0,         0,         5,  302,   65,  101,2,                ,0000000,3, 0,         0,    0,0000000000000000000000000000000000000000,0000000000000000000000010000000000000000,         0,         0,         0,         0,1, 0, 0, 0,A600                          ,    5,         0,0,20190119 08:23:07,                              , 9999, 9999, 9999, 9999,32767,     0,     0
 ED5.2,7429774                       ,FS020                         ,ETB                 ,          ,                ,  101,                    ,                              , 4,2,20190119 08:24:01,    0,         0,        50,  120,   20,  101,2,                ,0000000,3, 0,         0,    0,0000000000000000000000000000000000000000,0000000000000000000000010000000000000000,         0,         0,         0,         0,1, 0, 0, 0,A800                          ,   51,         0,1,20190119 08:23:11,                              , 9999, 9999, 9999, 9999,32767,     0,     0
 ED5.2,663127876683                  ,4010                          ,ELIZABETH PA GAR    ,2843      ,                ,  101,                    ,                              , 4,2,20190119 08:24:05,    0,         0,        60,10445,   15,  101,2,                ,0000000,2, 0,         0,    0,0000000000000000000000000000000000000000,0000000000000000000000010000000000000000,         0,         0,         0,         0,1, 0, 0, 0,A800                          ,   60,         0,1,20190119 08:23:05,                              , 9999, 9999, 9999, 9999,32767,     0,     0
 ED5.2,7429774                       ,FS020                         ,ETB                 ,          ,                ,  101,                    ,                              , 4,2,20190119 08:25:21,    0,         0,        49,  120,   20,  101,2,                ,0000000,3, 0,         0,    0,0000000000000000000000000000000000000000,0000000000000000000000010000000000000000,         0,         0,         0,         0,1, 0, 0, 0,A800                          ,   49,         0,1,20190119 08:24:32,                              , 9999, 9999, 9999, 9999,32767,     0,     0
 ED5.2,8970207                       ,6111                          ,OLGA LUCIA GIRAL    ,5952      ,                ,  101,                    ,                              , 0,2,20190119 08:50:16,    0,         0,       232,10002,   11,  101,2,                ,0010000,2, 1,         0,    0,1000000000000000000000000000000000000000,0000000000000000000000010000000000001000,         0,         0,         0,         0,1, 0, 0, 0,0518970207                    ,    0,         0,0,20190119 08:46:24,6111                          , 9999, 9999, 9999,  101,32767,     0,     0
 ED5.2,6604869                       ,1526                          ,DIEGO ALEXAN LOP    ,1632      ,                ,  101,                    ,                              , 0,2,20190119 08:50:28,    0,         0,       335,10001,   11,  101,2,                ,0010000,2, 1,         0,    0,1000000000000000000000000000000000000000,0000000000000000000000010000000000001000,         0,         0,         0,         0,1, 0, 0, 0,6604869                       ,    0,         0,0,20190119 08:44:53,1526                          , 9999, 9999, 9999,  101,32767,     0,     0
 ED5.2,8070417                       ,1380                          ,JORGE EDUARD GON    ,1952      ,                ,  101,                    ,                              , 0,2,20190119 08:51:20,    0,         0,       191,10003,   11,  101,2,                ,0010000,2, 1,         0,    0,1000000000000000000000000000000000000000,0000000000000000000000010000000000001000,         0,         0,         0,         0,1, 0, 0, 0,8070417                       ,    0,         0,0,20190119 08:48:09,1380                          , 9999, 9999, 9999,  101,32767,     0,     0
 ED5.2,3012926537                    ,5122                          ,MILAGRO DE J CUE    ,3635      ,                ,  101,                    ,                              , 0,1,20190119 08:56:01,    0,         0,        77,  377,   21,  101,2,                ,0010000,0, 0,         0,    0,0000000000000000000000000000000000000000,0000000000000000000000010000000000001000,         0,         0,         0,         0,1, 0, 0, 0,033012926537                  ,    0,         0,0,20190119 08:54:44,5122                          , 9999, 9999, 9999,  101,32767,     0,     0
 ED5.2,9                             ,1600                          ,RECEPCION COUNTR    ,1635      ,                ,  101,                    ,                              , 0,2,20190119 09:00:59,    0,         0,         0,10865,   82,  101,2,                ,0010000,2, 1,         0,    0,1000000000000000000000000000000000000000,0000000000000000000000010000000000001000,         0,         0,         0,         0,1, 0, 0, 0,9                             ,    0,         0,0,20190119 09:00:59,1600                          , 9999, 9999, 9999,  101,32767,     0,     0
