 ED5.2,6059900                       ,FS020                         ,ETB                 ,          ,                ,  101,                    ,                              , 4,2,20190126 08:16:36,    0,         0,         4,  120,   20,  101,2,                ,0000000,2, 0,         0,    0,0000000000000000000000000000000000000000,0000000000000000000000010000000000000000,         0,         0,         0,         0,1, 0, 0, 0,A800                          ,    4,         0,0,20190126 08:16:32,                              , 9999, 9999, 9999, 9999,32767,     0,     0
 ED5.2,6059900                       ,FS020                         ,ETB                 ,          ,                ,  101,                    ,                              , 4,2,20190126 08:18:18,    0,         0,         4,  120,   20,  101,2,                ,0000000,2, 0,         0,    0,0000000000000000000000000000000000000000,0000000000000000000000010000000000000000,         0,         0,         0,         0,1, 0, 0, 0,A800                          ,    4,         0,0,20190126 08:18:14,                              , 9999, 9999, 9999, 9999,32767,     0,     0
 ED5.2,3462395                       ,2071                          ,MILDRED OSORIO      ,4635      ,                ,  101,                    ,                              , 0,2,20190126 08:24:51,    0,         0,        38,  302,   65,  101,2,                ,0010000,2, 1,         0,    0,1000000000000000000000000000000000000000,0000000000000000000000010000000000001000,         0,         0,         0,         0,1, 0, 0, 0,3462395                       ,    0,         0,0,20190126 08:24:13,2071                          , 9999, 9999, 9999,  101,32767,     0,     0
 ED5.2,7580508                       ,3136                          ,MARIA ALEJAN MON    ,1672      ,                ,  101,                    ,                              , 0,2,20190126 08:25:43,    0,         0,        32,10001,   11,  101,2,                ,0010000,2, 1,         0,    0,1000000000000000000000000000000000000000,0000000000000000000000010000000000001000,         0,         0,         0,         0,1, 0, 0, 0,7580508                       ,    0,         0,0,20190126 08:25:11,3136                          , 9999, 9999, 9999,  101,32767,     0,     0
 ED5.2,8915041                       ,FS020                         ,ETB                 ,          ,                ,  101,                    ,                              , 4,2,20190126 08:28:28,    0,         0,        40,  120,   20,  101,2,                ,0000000,3, 0,         0,    0,0000000000000000000000000000000000000000,0000000000000000000000010000000000000000,         0,         0,         0,         0,1, 0, 0, 0,A800                          ,   41,         0,0,20190126 08:27:48,                              , 9999, 9999, 9999, 9999,32767,     0,     0
 ED5.2,8915041                       ,FS020                         ,ETB                 ,          ,                ,  101,                    ,                              , 4,2,20190126 08:29:20,    0,         0,        45,  120,   20,  101,2,                ,0000000,3, 0,         0,    0,0000000000000000000000000000000000000000,0000000000000000000000010000000000000000,         0,         0,         0,         0,1, 0, 0, 0,A800                          ,   46,         0,1,20190126 08:28:35,                              , 9999, 9999, 9999, 9999,32767,     0,     0
 ED5.2,1647                          ,3327                          ,ASISTENTE OPERAT    ,1949      ,                ,  101,                    ,                              , 0,2,20190126 08:29:42,    0,         0,         0,10001,   11,  101,2,                ,0010000,2, 1,         0,    0,1000000000000000000000000000000000000000,0000000000000000000000010000000000000000,         0,         0,         0,         0,1, 0, 0, 0,                              ,    0,         0,0,20190126 08:29:42,3327                          , 9999, 9999, 9999,  101,32767,     0,     0
 ED5.2,1647                          ,3327                          ,ASISTENTE OPERAT    ,1949      ,                ,  101,                    ,                              , 0,2,20190126 08:29:56,    0,         0,         0,10001,   11,  101,2,                ,0010000,2, 1,         0,    0,1000000000000000000000000000000000000000,0000000000000000000000010000000000000000,         0,         0,         0,         0,1, 0, 0, 0,                              ,    0,         0,0,20190126 08:29:56,3327                          , 9999, 9999, 9999,  101,32767,     0,     0
 ED5.2,7561702                       ,FS020                         ,ETB                 ,          ,                ,  101,                    ,                              , 4,2,20190126 08:31:02,    0,         0,        19,  120,   20,  101,2,                ,0000000,3, 0,         0,    0,0000000000000000000000000000000000000000,0000000000000000000000010000000000000000,         0,         0,         0,         0,1, 0, 0, 0,A800                          ,   20,         0,0,20190126 08:30:43,                              , 9999, 9999, 9999, 9999,32767,     0,     0
 ED5.2,7561702                       ,1526                          ,DIEGO ALEXAN LOP    ,1632      ,                ,  101,                    ,                              , 4,2,20190126 08:31:46,    0,         0,        41,  120,   20,  101,2,                ,0000000,3, 0,         0,    0,0000000000000000000000000000000000000000,0000000000000000000000010000000000000000,         0,         0,         0,         0,1, 0, 0, 0,A800                          ,   41,         0,1,20190126 08:31:05,                              , 9999, 9999, 9999, 9999,32767,     0,     0
 ED5.2,7561702                       ,1736                          ,RECEPCION 2 MORA    ,1635      ,                ,  101,                    ,                              , 4,2,20190126 08:32:29,    0,         0,        39,  120,   20,  101,2,                ,0000000,3, 0,         0,    0,0000000000000000000000000000000000000000,0000000000000000000000010000000000000000,         0,         0,         0,         0,1, 0, 0, 0,A800                          ,   39,         0,1,20190126 08:31:50,                              , 9999, 9999, 9999, 9999,32767,     0,     0
 ED5.2,1378                          ,1373                          ,                    ,1949      ,                ,  101,                    ,                              ,14,0,20190126 08:33:12,    0,         0,         0,65535,65535, 9999,2,                ,0000000,0, 0,         0,    0,0000000000000000000000000000000000000000,0000000000000000000000000000000000000000,         0,         0,         0,         0,1, 0, 0, 0,1378                          ,    0,         0,0,20190126 08:33:12,1373                          ,  101, 9999,  101,  101,    0,     0,     0
 ED5.2,7561702                       ,FS020                         ,ETB                 ,          ,                ,  101,                    ,                              , 4,2,20190126 08:33:25,    0,         0,        18,  120,   20,  101,2,                ,0000000,3, 0,         0,    0,0000000000000000000000000000000000000000,0000000000000000000000010000000000000000,         0,         0,         0,         0,1, 0, 0, 0,A800                          ,   19,         0,0,20190126 08:33:07,                              , 9999, 9999, 9999, 9999,32767,     0,     0
 ED5.2,                              ,1600                          ,RECEPCION COUNTR    ,1635      ,                ,  101,                    ,                              , 4,2,20190126 08:35:16,    0,         0,        77,  120,   20,  101,2,                ,0000000,2, 0,         0,    0,0000000000000000000000000000000000000000,0000000000000000000000010000000000000000,         0,         0,         0,         0,1, 0, 0, 0,A800                          ,   77,         0,1,20190126 08:33:59,                              , 9999, 9999, 9999, 9999,32767,     0,     0
 ED5.2,4444141                       ,4083                          ,MARIA ISABEL ROL    ,2214      ,                ,  101,                    ,                              , 0,2,20190126 08:35:17,    0,         0,         0,10445,   15,  101,2,                ,0010000,2, 1,         0,    0,1000000000000000000000000000000000000000,0000000000000000000000010000000000001000,         0,         0,         0,         0,1, 0, 0, 0,4444141                       ,    0,         0,0,20190126 08:35:17,4083                          , 9999, 9999, 9999,  101,32767,     0,     0
 ED5.2,0944444141                    ,4083                          ,MARIA ISABEL ROL    ,2214      ,                ,  101,                    ,                              , 0,2,20190126 08:35:23,    0,         0,         4,10865,   82,  101,2,                ,0010000,2, 1,         0,    0,1000000000000000000000000000000000000000,0000000000000000000000010000000000001000,         0,         0,         0,         0,1, 0, 0, 0,4444141                       ,    0,         0,0,20190126 08:35:19,4083                          , 9999, 9999, 9999,  101,32767,     0,     0
 ED5.2,4444141                       ,4022                          ,ESTEBAN URIBE JA    ,2843      ,                ,  101,                    ,                              , 0,2,20190126 08:35:37,    0,         0,         0,10445,   15,  101,2,                ,0010000,2, 1,         0,    0,1000000000000000000000000000000000000000,0000000000000000000000010000000000001000,         0,         0,         0,         0,1, 0, 0, 0,4444141                       ,    0,         0,0,20190126 08:35:37,4022                          , 9999, 9999, 9999,  101,32767,     0,     0
 ED5.2,4444141                       ,4002                          ,NATALIA BONNETT     ,2843      ,                ,  101,                    ,                              , 0,2,20190126 08:35:52,    0,         0,         0,10445,   15,  101,2,                ,0010000,2, 1,         0,    0,1000000000000000000000000000000000000000,0000000000000000000000010000000000001000,         0,         0,         0,         0,1, 0, 0, 0,4444141                       ,    0,         0,0,20190126 08:35:52,4002                          , 9999, 9999, 9999,  101,32767,     0,     0
 ED5.2,0944444141                    ,4022                          ,ESTEBAN URIBE JA    ,2843      ,                ,  101,                    ,                              , 0,2,20190126 08:35:54,    0,         0,        15,10865,   82,  101,2,                ,0010000,2, 1,         0,    0,1000000000000000000000000000000000000000,0000000000000000000000010000000000001000,         0,         0,         0,         0,1, 0, 0, 0,4444141                       ,    0,         0,0,20190126 08:35:39,4022                          , 9999, 9999, 9999,  101,32767,     0,     0
 ED5.2,0944444141                    ,4002                          ,NATALIA BONNETT     ,2843      ,                ,  101,                    ,                              , 0,2,20190126 08:36:00,    0,         0,         7,10866,   82,  101,2,                ,0010000,2, 1,         0,    0,1000000000000000000000000000000000000000,0000000000000000000000010000000000001000,         0,         0,         0,         0,1, 0, 0, 0,4444141                       ,    0,         0,0,20190126 08:35:53,4002                          , 9999, 9999, 9999,  101,32767,     0,     0
 ED5.2,4444141                       ,4021                          ,JAIME ERNEST MAY    ,2843      ,                ,  101,                    ,                              , 0,2,20190126 08:36:14,    0,         0,         0,10445,   15,  101,2,                ,0010000,2, 1,         0,    0,1000000000000000000000000000000000000000,0000000000000000000000010000000000001000,         0,         0,         0,         0,1, 0, 0, 0,4444141                       ,    0,         0,0,20190126 08:36:14,4021                          , 9999, 9999, 9999,  101,32767,     0,     0
 ED5.2,0944444141                    ,4021                          ,JAIME ERNEST MAY    ,2843      ,                ,  101,                    ,                              , 0,2,20190126 08:36:20,    0,         0,         4,10865,   82,  101,2,                ,0010000,2, 1,         0,    0,1000000000000000000000000000000000000000,0000000000000000000000010000000000001000,         0,         0,         0,         0,1, 0, 0, 0,4444141                       ,    0,         0,0,20190126 08:36:16,4021                          , 9999, 9999, 9999,  101,32767,     0,     0
 ED5.2,4444141                       ,4061                          ,LUISA FERNAN ALE    ,2425      ,                ,  101,                    ,                              , 0,2,20190126 08:36:50,    0,         0,         0,10445,   15,  101,2,                ,0010000,2, 1,         0,    0,1000000000000000000000000000000000000000,0000000000000000000000010000000000001000,         0,         0,         0,         0,1, 0, 0, 0,4444141                       ,    0,         0,0,20190126 08:36:50,4061                          , 9999, 9999, 9999,  101,32767,     0,     0
 ED5.2,0944444141                    ,4061                          ,LUISA FERNAN ALE    ,2425      ,                ,  101,                    ,                              , 0,2,20190126 08:36:55,    0,         0,         4,10865,   82,  101,2,                ,0010000,2, 1,         0,    0,1000000000000000000000000000000000000000,0000000000000000000000010000000000001000,         0,         0,         0,         0,1, 0, 0, 0,4444141                       ,    0,         0,0,20190126 08:36:51,4061                          , 9999, 9999, 9999,  101,32767,     0,     0
 ED5.2,4444141                       ,4071                          ,JUDY LILIANA USU    ,2425      ,                ,  101,                    ,                              , 0,2,20190126 08:37:11,    0,         0,         0,10445,   15,  101,2,                ,0010000,2, 1,         0,    0,1000000000000000000000000000000000000000,0000000000000000000000010000000000001000,         0,         0,         0,         0,1, 0, 0, 0,4444141                       ,    0,         0,0,20190126 08:37:11,4071                          , 9999, 9999, 9999,  101,32767,     0,     0
 ED5.2,0944444141                    ,4071                          ,JUDY LILIANA USU    ,2425      ,                ,  101,                    ,                              , 0,2,20190126 08:37:16,    0,         0,         3,10865,   82,  101,2,                ,0010000,2, 1,         0,    0,1000000000000000000000000000000000000000,0000000000000000000000010000000000001000,         0,         0,         0,         0,1, 0, 0, 0,4444141                       ,    0,         0,0,20190126 08:37:13,4071                          , 9999, 9999, 9999,  101,32767,     0,     0
 ED5.2,4444141                       ,4041                          ,ERIKA PATRIC SAN    ,2425      ,                ,  101,                    ,                              , 0,2,20190126 08:37:26,    0,         0,         0,10445,   15,  101,2,                ,0010000,2, 1,         0,    0,1000000000000000000000000000000000000000,0000000000000000000000010000000000001000,         0,         0,         0,         0,1, 0, 0, 0,4444141                       ,    0,         0,0,20190126 08:37:26,4041                          , 9999, 9999, 9999,  101,32767,     0,     0
 ED5.2,0944444141                    ,4041                          ,ERIKA PATRIC SAN    ,2425      ,                ,  101,                    ,                              , 0,2,20190126 08:37:31,    0,         0,         3,10865,   82,  101,2,                ,0010000,2, 1,         0,    0,1000000000000000000000000000000000000000,0000000000000000000000010000000000001000,         0,         0,         0,         0,1, 0, 0, 0,4444141                       ,    0,         0,0,20190126 08:37:28,4041                          , 9999, 9999, 9999,  101,32767,     0,     0
 ED5.2,4444141                       ,4073                          ,NATALIA CARO VAS    ,2425      ,                ,  101,                    ,                              , 0,2,20190126 08:37:43,    0,         0,         0,10445,   15,  101,2,                ,0010000,2, 1,         0,    0,1000000000000000000000000000000000000000,0000000000000000000000010000000000001000,         0,         0,         0,         0,1, 0, 0, 0,4444141                       ,    0,         0,0,20190126 08:37:43,4073                          , 9999, 9999, 9999,  101,32767,     0,     0
 ED5.2,0944444141                    ,4073                          ,NATALIA CARO VAS    ,2425      ,                ,  101,                    ,                              , 0,2,20190126 08:37:48,    0,         0,         3,10865,   82,  101,2,                ,0010000,2, 1,         0,    0,1000000000000000000000000000000000000000,0000000000000000000000010000000000001000,         0,         0,         0,         0,1, 0, 0, 0,4444141                       ,    0,         0,0,20190126 08:37:45,4073                          , 9999, 9999, 9999,  101,32767,     0,     0
 ED5.2,4444141                       ,4047                          ,LINA MARIA DUQUE    ,2425      ,                ,  101,                    ,                              , 0,2,20190126 08:38:20,    0,         0,         0,10445,   15,  101,2,                ,0010000,2, 1,         0,    0,1000000000000000000000000000000000000000,0000000000000000000000010000000000001000,         0,         0,         0,         0,1, 0, 0, 0,4444141                       ,    0,         0,0,20190126 08:38:20,4047                          , 9999, 9999, 9999,  101,32767,     0,     0
 ED5.2,0944444141                    ,4047                          ,LINA MARIA DUQUE    ,2425      ,                ,  101,                    ,                              , 0,2,20190126 08:38:30,    0,         0,         8,10865,   82,  101,2,                ,0010000,2, 1,         0,    0,1000000000000000000000000000000000000000,0000000000000000000000010000000000001000,         0,         0,         0,         0,1, 0, 0, 0,4444141                       ,    0,         0,0,20190126 08:38:22,4047                          , 9999, 9999, 9999,  101,32767,     0,     0
 ED5.2,4444141                       ,4007                          ,PAULA MARCEL ROM    ,2425      ,                ,  101,                    ,                              , 0,2,20190126 08:38:41,    0,         0,         0,10445,   15,  101,2,                ,0010000,2, 1,         0,    0,1000000000000000000000000000000000000000,0000000000000000000000010000000000001000,         0,         0,         0,         0,1, 0, 0, 0,4444141                       ,    0,         0,0,20190126 08:38:41,4007                          , 9999, 9999, 9999,  101,32767,     0,     0
 ED5.2,0944444141                    ,4007                          ,PAULA MARCEL ROM    ,2425      ,                ,  101,                    ,                              , 0,2,20190126 08:38:45,    0,         0,         2,10865,   82,  101,2,                ,0010000,2, 1,         0,    0,1000000000000000000000000000000000000000,0000000000000000000000010000000000001000,         0,         0,         0,         0,1, 0, 0, 0,4444141                       ,    0,         0,0,20190126 08:38:43,4007                          , 9999, 9999, 9999,  101,32767,     0,     0
 ED5.2,4444141                       ,4047                          ,LINA MARIA DUQUE    ,2425      ,                ,  101,                    ,                              , 0,2,20190126 08:40:00,    0,         0,         0,10445,   15,  101,2,                ,0010000,2, 1,         0,    0,1000000000000000000000000000000000000000,0000000000000000000000010000000000001000,         0,         0,         0,         0,1, 0, 0, 0,4444141                       ,    0,         0,0,20190126 08:40:00,4047                          , 9999, 9999, 9999,  101,32767,     0,     0
 ED5.2,0944444141                    ,4047                          ,LINA MARIA DUQUE    ,2425      ,                ,  101,                    ,                              , 0,2,20190126 08:40:09,    0,         0,         8,10865,   82,  101,2,                ,0010000,2, 1,         0,    0,1000000000000000000000000000000000000000,0000000000000000000000010000000000001000,         0,         0,         0,         0,1, 0, 0, 0,4444141                       ,    0,         0,0,20190126 08:40:01,4047                          , 9999, 9999, 9999,  101,32767,     0,     0
 ED5.2,4047                          ,4032                          ,                    ,2638      ,                ,  101,                    ,                              ,14,0,20190126 08:40:24,    0,         0,         6,65535,65535, 9999,2,                ,0000000,0, 0,         0,    0,0000000000000000000000000000000000000000,0000000000000000000000000000000000000000,         0,         0,         0,         0,1, 0, 0, 0,4047                          ,    0,         6,0,20190126 08:40:18,4032                          ,  101, 9999,  101,  101,    0,     0,     0
 ED5.2,3299620                       ,FS082                         ,SIPsalida           ,          ,                ,  101,                    ,                              , 4,2,20190126 08:40:49,    0,         0,         3,10865,   82,  101,2,                ,0000000,2, 0,         0,    0,0000000000000000000000000000000000000000,0000000000000000000000010000000000000000,         0,         0,         0,         0,1, 0, 0, 0,A500                          ,    3,         0,0,20190126 08:40:46,                              , 9999, 9999, 9999, 9999,32767,     0,     0
 ED5.2,3234854124                    ,4047                          ,LINA MARIA DUQUE    ,2425      ,                ,  101,                    ,                              , 0,2,20190126 08:40:51,    0,         0,         5,10349,   66,  101,2,                ,0010000,2, 1,         0,    0,1000000000000000000000000000000000000000,0000000000000000000000010000000000001000,         0,         0,         0,         0,1, 0, 0, 0,033234854124                  ,    0,         0,0,20190126 08:40:46,4047                          , 9999, 9999, 9999,  101,32767,     0,     0
 ED5.2,4032                          ,4088                          ,                    ,2952      ,                ,  101,                    ,                              ,14,0,20190126 08:42:53,    0,         0,        12,65535,65535, 9999,2,                ,0000000,0, 0,         0,    0,0000000000000000000000000000000000000000,0000000000000000000000000000000000000000,         0,         0,         0,         0,1, 0, 0, 0,4032                          ,    0,        12,0,20190126 08:42:41,4088                          ,  101, 9999,  101,  101,    0,     0,     0
 ED5.2,4032                          ,4072                          ,                    ,2952      ,                ,  101,                    ,                              ,14,0,20190126 08:43:10,    0,         0,         7,65535,65535, 9999,2,                ,0000000,0, 0,         0,    0,0000000000000000000000000000000000000000,0000000000000000000000000000000000000000,         0,         0,         0,         0,1, 0, 0, 0,4032                          ,    0,         7,0,20190126 08:43:03,4072                          ,  101, 9999,  101,  101,    0,     0,     0
 ED5.2,4032                          ,4003                          ,                    ,2952      ,                ,  101,                    ,                              ,14,0,20190126 08:43:22,    0,         0,         6,65535,65535, 9999,2,                ,0000000,0, 0,         0,    0,0000000000000000000000000000000000000000,0000000000000000000000000000000000000000,         0,         0,         0,         0,1, 0, 0, 0,4032                          ,    0,         6,0,20190126 08:43:16,4003                          ,  101, 9999,  101,  101,    0,     0,     0
 ED5.2,4032                          ,4063                          ,                    ,2952      ,                ,  101,                    ,                              ,14,0,20190126 08:43:34,    0,         0,         7,65535,65535, 9999,2,                ,0000000,0, 0,         0,    0,0000000000000000000000000000000000000000,0000000000000000000000000000000000000000,         0,         0,         0,         0,1, 0, 0, 0,4032                          ,    0,         7,0,20190126 08:43:27,4063                          ,  101, 9999,  101,  101,    0,     0,     0
 ED5.2,4032                          ,4077                          ,                    ,2952      ,                ,  101,                    ,                              ,14,0,20190126 08:44:01,    0,         0,        22,65535,65535, 9999,2,                ,0000000,0, 0,         0,    0,0000000000000000000000000000000000000000,0000000000000000000000000000000000000000,         0,         0,         0,         0,1, 0, 0, 0,4032                          ,    0,        22,0,20190126 08:43:39,4077                          ,  101, 9999,  101,  101,    0,     0,     0
 ED5.2,5402000                       ,4077                          ,ELIANA AGUIRRE      ,2952      ,                ,  101,                    ,                              , 0,2,20190126 08:45:05,    0,         0,         0,10445,   15,  101,2,                ,0010000,2, 1,         0,    0,1000000000000000000000000000000000000000,0000000000000000000000010000000000001000,         0,         0,         0,         0,1, 0, 0, 0,5402000                       ,    0,         0,0,20190126 08:45:05,4077                          , 9999, 9999, 9999,  101,32767,     0,     0
 ED5.2,0945402000                    ,4077                          ,ELIANA AGUIRRE      ,2952      ,                ,  101,                    ,                              , 0,2,20190126 08:45:27,    0,         0,         0,10865,   82,  101,2,                ,0010000,2, 1,         0,    0,1000000000000000000000000000000000000000,0000000000000000000000010000000000001000,         0,         0,         0,         0,1, 0, 0, 0,5402000                       ,    0,         0,0,20190126 08:45:27,4077                          , 9999, 9999, 9999,  101,32767,     0,     0
 ED5.2,5402000                       ,4077                          ,ELIANA AGUIRRE      ,2952      ,                ,  101,                    ,                              , 0,2,20190126 08:45:38,    0,         0,         0,10445,   15,  101,2,                ,0010000,2, 1,         0,    0,1000000000000000000000000000000000000000,0000000000000000000000010000000000001000,         0,         0,         0,         0,1, 0, 0, 0,5402000                       ,    0,         0,0,20190126 08:45:38,4077                          , 9999, 9999, 9999,  101,32767,     0,     0
 ED5.2,0945402000                    ,4077                          ,ELIANA AGUIRRE      ,2952      ,                ,  101,                    ,                              , 0,2,20190126 08:45:46,    0,         0,         0,10865,   82,  101,2,                ,0010000,2, 1,         0,    0,1000000000000000000000000000000000000000,0000000000000000000000010000000000001000,         0,         0,         0,         0,1, 0, 0, 0,5402000                       ,    0,         0,0,20190126 08:45:46,4077                          , 9999, 9999, 9999,  101,32767,     0,     0
 ED5.2,4032                          ,4077                          ,                    ,2952      ,                ,  101,                    ,                              ,14,0,20190126 08:46:32,    0,         0,        42,65535,65535, 9999,2,                ,0000000,0, 0,         0,    0,0000000000000000000000000000000000000000,0000000000000000000000000000000000000000,         0,         0,         0,         0,1, 0, 0, 0,4032                          ,    0,        42,0,20190126 08:45:50,4077                          ,  101, 9999,  101,  101,    0,     0,     0
 ED5.2,5402000                       ,4045                          ,PROACD FREDY TA     ,2635      ,                ,  101,                    ,                              , 0,2,20190126 08:47:18,    0,         0,        10,10001,   11,  101,2,                ,0010000,2, 1,         0,    0,1000000000000000000000000000000000000000,0000000000000000000000010000000000001000,         0,         0,         0,         0,1, 0, 0, 0,5402000                       ,    0,         0,0,20190126 08:47:08,4045                          , 9999, 9999, 9999,  101,32767,     0,     0
 ED5.2,5402000                       ,4046                          ,SANTIAGO LOPEZ G    ,2952      ,                ,  101,                    ,                              , 0,2,20190126 08:47:34,    0,         0,         0,10445,   15,  101,2,                ,0010000,2, 1,         0,    0,1000000000000000000000000000000000000000,0000000000000000000000010000000000001000,         0,         0,         0,         0,1, 0, 0, 0,5402000                       ,    0,         0,0,20190126 08:47:34,4046                          , 9999, 9999, 9999,  101,32767,     0,     0
 ED5.2,0945402000                    ,4046                          ,SANTIAGO LOPEZ G    ,2952      ,                ,  101,                    ,                              , 0,2,20190126 08:47:38,    0,         0,         0,10865,   82,  101,2,                ,0010000,2, 1,         0,    0,1000000000000000000000000000000000000000,0000000000000000000000010000000000001000,         0,         0,         0,         0,1, 0, 0, 0,5402000                       ,    0,         0,0,20190126 08:47:38,4046                          , 9999, 9999, 9999,  101,32767,     0,     0
 ED5.2,5402000                       ,4088                          ,DAVID STIVEN GUE    ,2952      ,                ,  101,                    ,                              , 0,2,20190126 08:47:46,    0,         0,         0,10445,   15,  101,2,                ,0010000,2, 1,         0,    0,1000000000000000000000000000000000000000,0000000000000000000000010000000000001000,         0,         0,         0,         0,1, 0, 0, 0,5402000                       ,    0,         0,0,20190126 08:47:46,4088                          , 9999, 9999, 9999,  101,32767,     0,     0
 ED5.2,0945402000                    ,4088                          ,DAVID STIVEN GUE    ,2952      ,                ,  101,                    ,                              , 0,2,20190126 08:47:49,    0,         0,         0,10865,   82,  101,2,                ,0010000,2, 1,         0,    0,1000000000000000000000000000000000000000,0000000000000000000000010000000000001000,         0,         0,         0,         0,1, 0, 0, 0,5402000                       ,    0,         0,0,20190126 08:47:49,4088                          , 9999, 9999, 9999,  101,32767,     0,     0
 ED5.2,4042                          ,4056                          ,                    ,2635      ,                ,  101,                    ,                              ,14,0,20190126 08:48:06,    0,         0,         0,65535,65535, 9999,2,                ,0000000,0, 0,         0,    0,0000000000000000000000000000000000000000,0000000000000000000000000000000000000000,         0,         0,         0,         0,1, 0, 0, 0,4042                          ,    0,         0,0,20190126 08:48:06,4056                          ,  101, 9999,  101,  101,    0,     0,     0
 ED5.2,                              ,FS020                         ,ETB                 ,          ,                ,  101,                    ,                              , 4,2,20190126 08:49:14,    0,         0,        57,  120,   20,  101,2,                ,0000000,2, 0,         0,    0,0000000000000000000000000000000000000000,0000000000000000000000010000000000000000,         0,         0,         0,         0,1, 0, 0, 0,A800                          ,   58,         0,1,20190126 08:48:17,                              , 9999, 9999, 9999, 9999,32767,     0,     0
 ED5.2,                              ,1340                          ,RECEPCION MORATO    ,1635      ,                ,  101,                    ,                              , 4,2,20190126 08:50:51,    0,         0,        88,  120,   20,  101,2,                ,0000000,2, 0,         0,    0,0000000000000000000000000000000000000000,0000000000000000000000010000000000000000,         0,         0,         0,         0,1, 0, 0, 0,A800                          ,   88,         0,1,20190126 08:49:23,                              , 9999, 9999, 9999, 9999,32767,     0,     0
 ED5.2,5402000                       ,4056                          ,IVAN LOPEZ HE       ,2635      ,                ,  101,                    ,                              , 0,2,20190126 08:51:23,    0,         0,         0,10445,   15,  101,2,                ,0010000,2, 1,         0,    0,1000000000000000000000000000000000000000,0000000000000000000000010000000000001000,         0,         0,         0,         0,1, 0, 0, 0,5402000                       ,    0,         0,0,20190126 08:51:23,4056                          , 9999, 9999, 9999,  101,32767,     0,     0
 ED5.2,0945402000                    ,4056                          ,IVAN LOPEZ HE       ,2635      ,                ,  101,                    ,                              , 0,2,20190126 08:51:37,    0,         0,        11,10865,   82,  101,2,                ,0010000,2, 1,         0,    0,1000000000000000000000000000000000000000,0000000000000000000000010000000000001000,         0,         0,         0,         0,1, 0, 0, 0,5402000                       ,    0,         0,0,20190126 08:51:26,4056                          , 9999, 9999, 9999,  101,32767,     0,     0
 ED5.2,3809530                       ,4042                          ,DARIO GOMEZ LO      ,2949      ,                ,  101,                    ,                              , 4,2,20190126 08:51:38,    0,         0,        13,10445,   15,  101,2,                ,0000000,2, 0,         0,    0,0000000000000000000000000000000000000000,0000000000000000000000010000000000000000,         0,         0,         0,         0,1, 0, 0, 0,A800                          ,   13,         0,0,20190126 08:51:25,                              , 9999, 9999, 9999, 9999,32767,     0,     0
 ED5.2,663123771409                  ,FS201                         ,SIP-Med Va          ,          ,                ,  101,                    ,                              , 4,2,20190126 08:52:11,    0,         0,         2,11361,  201,  101,2,                ,0000000,2, 0,         0,    0,0000000000000000000000000000000000000000,0000000000000000000000010000000000000000,         0,         0,         0,         0,1, 0, 0, 0,7764                          ,    3,         0,0,20190126 08:52:09,                              , 9999, 9999, 9999, 9999,32767,     0,     0
 ED5.2,                              ,1014                          ,RECEPCION LO COU    ,1635      ,                ,  101,                    ,                              , 4,2,20190126 08:52:15,    0,         0,        80,  120,   20,  101,2,                ,0000000,2, 0,         0,    0,0000000000000000000000000000000000000000,0000000000000000000000010000000000000000,         0,         0,         0,         0,1, 0, 0, 0,A800                          ,   80,         0,1,20190126 08:50:55,                              , 9999, 9999, 9999, 9999,32767,     0,     0
 ED5.2,5605030                       ,4056                          ,IVAN LOPEZ HE       ,2635      ,                ,  101,                    ,                              , 0,2,20190126 08:52:36,    0,         0,        10,10445,   15,  101,2,                ,0010000,2, 1,         0,    0,1000000000000000000000000000000000000000,0000000000000000000000010000000000001000,         0,         0,         0,         0,1, 0, 0, 0,5605030                       ,    0,         0,0,20190126 08:52:26,4056                          , 9999, 9999, 9999,  101,32767,     0,     0
 ED5.2,0745402000                    ,FS201                         ,SIP-Med Va          ,          ,                ,  101,                    ,                              , 4,2,20190126 08:52:36,    0,         0,        10,11361,  201,  101,2,                ,0000000,2, 0,         0,    0,0000000000000000000000000000000000000000,0000000000000000000000010000000000000000,         0,         0,         0,         0,1, 0, 0, 0,7764                          ,   11,         0,0,20190126 08:52:26,                              , 9999, 9999, 9999, 9999,32767,     0,     0
 ED5.2,560                           ,4077                          ,ELIANA AGUIRRE      ,2952      ,                ,  101,                    ,                              , 0,2,20190126 08:53:27,    0,         0,         0,10445,   15,  101,2,                ,0010000,2, 1,         0,    0,1000000000000000000000000000000000000000,0000000000000000000000010000000000001000,         0,         0,         0,         0,1, 0, 0, 0,560                           ,    0,         0,0,20190126 08:53:27,4077                          , 9999, 9999, 9999,  101,32767,     0,     0
 ED5.2,5302000                       ,4077                          ,ELIANA AGUIRRE      ,2952      ,                ,  101,                    ,                              , 0,2,20190126 08:53:35,    0,         0,         0,10445,   15,  101,2,                ,0010000,2, 1,         0,    0,1000000000000000000000000000000000000000,0000000000000000000000010000000000001000,         0,         0,         0,         0,1, 0, 0, 0,5302000                       ,    0,         0,0,20190126 08:53:35,4077                          , 9999, 9999, 9999,  101,32767,     0,     0
 ED5.2,5402080                       ,4077                          ,ELIANA AGUIRRE      ,2952      ,                ,  101,                    ,                              , 0,2,20190126 08:53:42,    0,         0,         0,10445,   15,  101,2,                ,0010000,2, 1,         0,    0,1000000000000000000000000000000000000000,0000000000000000000000010000000000001000,         0,         0,         0,         0,1, 0, 0, 0,5402080                       ,    0,         0,0,20190126 08:53:42,4077                          , 9999, 9999, 9999,  101,32767,     0,     0
 ED5.2,                              ,1600                          ,RECEPCION COUNTR    ,1635      ,                ,  101,                    ,                              , 4,2,20190126 08:53:46,    0,         0,        87,  120,   20,  101,2,                ,0000000,2, 0,         0,    0,0000000000000000000000000000000000000000,0000000000000000000000010000000000000000,         0,         0,         0,         0,1, 0, 0, 0,A800                          ,   87,         0,1,20190126 08:52:19,                              , 9999, 9999, 9999, 9999,32767,     0,     0
 ED5.2,5402000                       ,4077                          ,ELIANA AGUIRRE      ,2952      ,                ,  101,                    ,                              , 0,2,20190126 08:53:48,    0,         0,         0,10445,   15,  101,2,                ,0010000,2, 1,         0,    0,1000000000000000000000000000000000000000,0000000000000000000000010000000000001000,         0,         0,         0,         0,1, 0, 0, 0,5402000                       ,    0,         0,0,20190126 08:53:48,4077                          , 9999, 9999, 9999,  101,32767,     0,     0
 ED5.2,0945402000                    ,4077                          ,ELIANA AGUIRRE      ,2952      ,                ,  101,                    ,                              , 0,2,20190126 08:54:02,    0,         0,        12,10865,   82,  101,2,                ,0010000,2, 1,         0,    0,1000000000000000000000000000000000000000,0000000000000000000000010000000000001000,         0,         0,         0,         0,1, 0, 0, 0,5402000                       ,    0,         0,0,20190126 08:53:50,4077                          , 9999, 9999, 9999,  101,32767,     0,     0
 ED5.2,3809530                       ,4028                          ,VANESA HENAO SE     ,2952      ,                ,  101,                    ,                              , 4,2,20190126 08:54:02,    0,         0,        12,10446,   15,  101,2,                ,0000000,2, 0,         0,    0,0000000000000000000000000000000000000000,0000000000000000000000010000000000000000,         0,         0,         0,         0,1, 0, 0, 0,A800                          ,   13,         0,0,20190126 08:53:50,                              , 9999, 9999, 9999, 9999,32767,     0,     0
 ED5.2,5402000                       ,4077                          ,ELIANA AGUIRRE      ,2952      ,                ,  101,                    ,                              , 0,2,20190126 08:54:09,    0,         0,         0,10446,   15,  101,2,                ,0010000,2, 1,         0,    0,1000000000000000000000000000000000000000,0000000000000000000000010000000000001000,         0,         0,         0,         0,1, 0, 0, 0,5402000                       ,    0,         0,0,20190126 08:54:09,4077                          , 9999, 9999, 9999,  101,32767,     0,     0
 ED5.2,4880955                       ,4056                          ,IVAN LOPEZ HE       ,2635      ,                ,  101,                    ,                              , 0,2,20190126 08:54:17,    0,         0,         0,10445,   15,  101,2,                ,0010000,2, 1,         0,    0,1000000000000000000000000000000000000000,0000000000000000000000010000000000001000,         0,         0,         0,         0,1, 0, 0, 0,4880955                       ,    0,         0,0,20190126 08:54:17,4056                          , 9999, 9999, 9999,  101,32767,     0,     0
 ED5.2,0945402000                    ,4077                          ,ELIANA AGUIRRE      ,2952      ,                ,  101,                    ,                              , 0,2,20190126 08:54:33,    0,         0,        21,10865,   82,  101,2,                ,0010000,2, 1,         0,    0,1000000000000000000000000000000000000000,0000000000000000000000010000000000001000,         0,         0,         0,         0,1, 0, 0, 0,5402000                       ,    0,         0,0,20190126 08:54:12,4077                          , 9999, 9999, 9999,  101,32767,     0,     0
 ED5.2,3809530                       ,FS015                         ,SIPMED F            ,          ,                ,  101,                    ,                              , 4,2,20190126 08:54:34,    0,         0,        23,10446,   15,  101,2,                ,0000000,2, 0,         0,    0,0000000000000000000000000000000000000000,0000000000000000000000010000000000000000,         0,         0,         0,         0,1, 0, 0, 0,A800                          ,   23,         0,1,20190126 08:54:11,                              , 9999, 9999, 9999, 9999,32767,     0,     0
 ED5.2,5402000                       ,4077                          ,ELIANA AGUIRRE      ,2952      ,                ,  101,                    ,                              , 0,2,20190126 08:54:41,    0,         0,         0,10445,   15,  101,2,                ,0010000,2, 1,         0,    0,1000000000000000000000000000000000000000,0000000000000000000000010000000000001000,         0,         0,         0,         0,1, 0, 0, 0,5402000                       ,    0,         0,0,20190126 08:54:41,4077                          , 9999, 9999, 9999,  101,32767,     0,     0
 ED5.2,3809530                       ,4024                          ,ZORAIDA MESA RES    ,2952      ,                ,  101,                    ,                              , 4,2,20190126 08:54:58,    0,         0,        16,10445,   15,  101,2,                ,0000000,2, 0,         0,    0,0000000000000000000000000000000000000000,0000000000000000000000010000000000000000,         0,         0,         0,         0,1, 0, 0, 0,A800                          ,   12,         4,0,20190126 08:54:42,                              , 9999, 9999, 9999, 9999,32767,     0,     0
 ED5.2,0945402000                    ,4077                          ,ELIANA AGUIRRE      ,2952      ,                ,  101,                    ,                              , 0,2,20190126 08:54:59,    0,         0,        16,10865,   82,  101,2,                ,0010000,2, 1,         0,    0,1000000000000000000000000000000000000000,0000000000000000000000010000000000001000,         0,         0,         0,         0,1, 0, 0, 0,5402000                       ,    0,         0,0,20190126 08:54:43,4077                          , 9999, 9999, 9999,  101,32767,     0,     0
 ED5.2,3410                          ,88                            ,                    ,          ,                ,  101,                    ,                              ,14,0,20190126 08:55:26,    0,         0,         0,65535,65535, 9999,2,                ,0000000,0, 0,         0,    0,0000000000000000000000000000000000000000,0000000000000000000000000000000000000000,         0,         0,         0,         0,1, 0, 0, 0,3410                          ,    0,         0,0,20190126 08:55:26,88                            ,  101, 9999,  101,  101,    0,     0,     0
 ED5.2,------------------------------,******************************,                    ,**********,                ,  101,                    ,******************************, 4,2,20190126 08:55:49,    0,         0,       188,11361,  201,  101,2,                ,0000000,2, 0,         0,    0,0000000000000000000000000000000000000000,0000000000000000000000010000000000000000,         0,         0,         0,         0,1, 0, 0, 0,------------------------------,   37,       152,1,20190126 08:52:41,******************************, 9999, 9999, 9999, 9999,32767,     0,     0
 ED5.2,3420                          ,88                            ,                    ,          ,                ,  101,                    ,                              ,14,0,20190126 08:55:49,    0,         0,         0,65535,65535, 9999,2,                ,0000000,0, 0,         0,    0,0000000000000000000000000000000000000000,0000000000000000000000000000000000000000,         0,         0,         0,         0,1, 0, 0, 0,3410                          ,    0,         0,0,20190126 08:55:49,88                            ,  101, 9999,  101,  101,    0,     0,     0
 ED5.2,4032                          ,4024                          ,                    ,2952      ,                ,  101,                    ,                              ,14,0,20190126 08:56:20,    0,         0,        76,65535,65535, 9999,2,                ,0000000,0, 0,         0,    0,0000000000000000000000000000000000000000,0000000000000000000000000000000000000000,         0,         0,         0,         0,1, 0, 0, 0,4032                          ,    0,        76,0,20190126 08:55:04,4024                          ,  101, 9999,  101,  101,    0,     0,     0
 ED5.2,663173686594                  ,1737                          ,RECEPCION TO ALI    ,1635      ,                ,  101,                    ,                              , 4,2,20190126 08:57:03,    0,         0,        75,  120,   20,  101,2,                ,0000000,2, 0,         0,    0,0000000000000000000000000000000000000000,0000000000000000000000010000000000000000,         0,         0,         0,         0,1, 0, 0, 0,A800                          ,   22,        54,0,20190126 08:55:48,                              , 9999, 9999, 9999, 9999,32767,     0,     0
 ED5.2,4444141                       ,3404                          ,WILDER ALEXA GOE    ,2091      ,                ,  101,                    ,                              , 0,2,20190126 08:57:33,    0,         0,         4,11362,  201,  101,2,                ,0000000,2, 1,         0,    0,1000000000000000000000000000000000000000,0000000000000000000000010000000000001000,         0,         0,         0,         0,1, 0, 0, 0,4444141                       ,    0,         0,0,20190126 08:57:29,3404                          , 9999, 9999, 9999,  101,32767,     0,     0
 ED5.2,4032                          ,3404                          ,                    ,2091      ,                ,  101,                    ,                              ,14,0,20190126 08:57:44,    0,         0,         5,65535,65535, 9999,2,                ,0000000,0, 0,         0,    0,0000000000000000000000000000000000000000,0000000000000000000000000000000000000000,         0,         0,         0,         0,1, 0, 0, 0,4032                          ,    0,         5,0,20190126 08:57:39,3404                          ,  101, 9999,  101,  101,    0,     0,     0
 ED5.2,4032                          ,3434                          ,                    ,2466      ,                ,  101,                    ,                              ,14,0,20190126 08:58:00,    0,         0,         9,65535,65535, 9999,2,                ,0000000,0, 0,         0,    0,0000000000000000000000000000000000000000,0000000000000000000000000000000000000000,         0,         0,         0,         0,1, 0, 0, 0,4032                          ,    0,         9,0,20190126 08:57:51,3434                          ,  101, 9999,  101,  101,    0,     0,     0
 ED5.2,5605030                       ,3430                          ,DIEGO LEON RESTR    ,2466      ,                ,  101,                    ,                              , 0,2,20190126 08:58:08,    0,         0,         0,11362,  201,  101,2,                ,0000000,2, 1,         0,    0,1000000000000000000000000000000000000000,0000000000000000000000010000000000001000,         0,         0,         0,         0,1, 0, 0, 0,5605030                       ,    0,         0,0,20190126 08:58:08,3430                          , 9999, 9999, 9999,  101,32767,     0,     0
 ED5.2,0945605030                    ,3430                          ,DIEGO LEON RESTR    ,2466      ,                ,  101,                    ,                              , 0,2,20190126 08:58:15,    0,         0,         5,10865,   82,  101,2,                ,0010000,2, 1,         0,    0,1000000000000000000000000000000000000000,0000000000000000000000010000000000001000,         0,         0,         0,         0,1, 0, 0, 0,5605030                       ,    0,         0,0,20190126 08:58:10,3430                          , 9999, 9999, 9999,  101,32767,     0,     0
 ED5.2,3809530                       ,FS201                         ,SIP-Med Va          ,          ,                ,  101,                    ,                              , 4,2,20190126 08:58:15,    0,         0,         6,11362,  201,  101,2,                ,0000000,2, 0,         0,    0,0000000000000000000000000000000000000000,0000000000000000000000010000000000000000,         0,         0,         0,         0,1, 0, 0, 0,7764                          ,    6,         0,0,20190126 08:58:09,                              , 9999, 9999, 9999, 9999,32767,     0,     0
 ED5.2,663017844294                  ,3400                          ,SARA VILLA RA       ,2675      ,                ,  101,                    ,                              , 4,2,20190126 08:58:26,    0,         0,       116,11361,  201,  101,2,                ,0000000,2, 0,         0,    0,0000000000000000000000000000000000000000,0000000000000000000000010000000000000000,         0,         0,         0,         0,1, 0, 0, 0,7764                          ,  117,         0,0,20190126 08:56:30,                              , 9999, 9999, 9999, 9999,32767,     0,     0
 ED5.2,4032                          ,3430                          ,                    ,2466      ,                ,  101,                    ,                              ,14,0,20190126 08:58:32,    0,         0,        14,65535,65535, 9999,2,                ,0000000,0, 0,         0,    0,0000000000000000000000000000000000000000,0000000000000000000000000000000000000000,         0,         0,         0,         0,1, 0, 0, 0,4032                          ,    0,        14,0,20190126 08:58:18,3430                          ,  101, 9999,  101,  101,    0,     0,     0
 ED5.2,663168771396                  ,3430                          ,DIEGO LEON RESTR    ,2466      ,                ,  101,                    ,                              , 4,2,20190126 08:59:04,    0,         0,        23,11361,  201,  101,2,                ,0000000,2, 0,         0,    0,0000000000000000000000000000000000000000,0000000000000000000000010000000000000000,         0,         0,         0,         0,1, 0, 0, 0,7764                          ,   17,         6,0,20190126 08:58:41,                              , 9999, 9999, 9999, 9999,32767,     0,     0
 ED5.2,4032                          ,3465                          ,                    ,2466      ,                ,  101,                    ,                              ,14,0,20190126 08:59:23,    0,         0,         6,65535,65535, 9999,2,                ,0000000,0, 0,         0,    0,0000000000000000000000000000000000000000,0000000000000000000000000000000000000000,         0,         0,         0,         0,1, 0, 0, 0,4032                          ,    0,         6,0,20190126 08:59:17,3465                          ,  101, 9999,  101,  101,    0,     0,     0
 ED5.2,4032                          ,3466                          ,                    ,2466      ,                ,  101,                    ,                              ,14,0,20190126 08:59:35,    0,         0,         6,65535,65535, 9999,2,                ,0000000,0, 0,         0,    0,0000000000000000000000000000000000000000,0000000000000000000000000000000000000000,         0,         0,         0,         0,1, 0, 0, 0,4032                          ,    0,         6,0,20190126 08:59:29,3466                          ,  101, 9999,  101,  101,    0,     0,     0
 ED5.2,4032                          ,3464                          ,                    ,2466      ,                ,  101,                    ,                              ,14,0,20190126 08:59:47,    0,         0,         5,65535,65535, 9999,2,                ,0000000,0, 0,         0,    0,0000000000000000000000000000000000000000,0000000000000000000000000000000000000000,         0,         0,         0,         0,1, 0, 0, 0,4032                          ,    0,         5,0,20190126 08:59:42,3464                          ,  101, 9999,  101,  101,    0,     0,     0
 ED5.2,4032                          ,3402                          ,                    ,2466      ,                ,  101,                    ,                              ,14,0,20190126 08:59:59,    0,         0,         4,65535,65535, 9999,2,                ,0000000,0, 0,         0,    0,0000000000000000000000000000000000000000,0000000000000000000000000000000000000000,         0,         0,         0,         0,1, 0, 0, 0,4032                          ,    0,         4,0,20190126 08:59:55,3402                          ,  101, 9999,  101,  101,    0,     0,     0
 ED5.2,4032                          ,3422                          ,ANGELA PATRI SAN    ,2466      ,                ,  101,                    ,                              , 0,2,20190126 09:00:04,    0,         0,         0,11361,  201,  101,2,                ,0000000,2, 1,         0,    0,1000000000000000000000000000000000000000,0000000000000000000000010000000000001000,         0,         0,         0,         0,1, 0, 0, 0,4032                          ,    0,         0,0,20190126 09:00:04,3422                          , 9999, 9999, 9999,  101,32767,     0,     0
