 ED5.2,3911796                       ,1145                          ,BIBIANA RODRIGUE    ,1949      ,                ,  101,                    ,                              , 0,2,20181227 22:02:34,    0,         0,       168,10001,   11,  101,2,                ,0010000,2, 1,         0,    0,1000000000000000000000000000000000000000,0000000000000000000000010000000000001000,         0,         0,         0,         0,1, 0, 0, 0,3911796                       ,    0,         0,0,20181227 21:59:46,1145                          , 9999, 9999, 9999,  101,32767,     0,     0
 ED5.2,1381                          ,1856                          ,                    ,1952      ,                ,  101,                    ,                              ,14,0,20181227 22:03:07,    0,         0,        28,65535,65535, 9999,2,                ,0000000,0, 0,         0,    0,0000000000000000000000000000000000000000,0000000000000000000000000000000000000000,         0,         0,         0,         0,1, 0, 0, 0,1381                          ,    0,        28,0,20181227 22:02:39,1856                          ,  101, 9999,  101,  101,    0,     0,     0
 ED5.2,1747                          ,1273                          ,                    ,1952      ,                ,  101,                    ,                              ,14,0,20181227 22:03:19,    0,         0,        45,65535,65535, 9999,2,                ,0000000,0, 0,         0,    0,0000000000000000000000000000000000000000,0000000000000000000000000000000000000000,         0,         0,         0,         0,1, 0, 0, 0,1747                          ,    0,        45,0,20181227 22:02:34,1273                          ,  101, 9999,  101,  101,    0,     0,     0
 ED5.2,1551                          ,1365                          ,                    ,1632      ,                ,  101,                    ,                              ,14,0,20181227 22:04:29,    0,         0,       118,65535,65535, 9999,2,                ,0000000,0, 0,         0,    0,0000000000000000000000000000000000000000,0000000000000000000000000000000000000000,         0,         0,         0,         0,1, 0, 0, 0,1551                          ,    0,       118,0,20181227 22:02:31,1365                          ,  101, 9999,  101,  101,    0,     0,     0
 ED5.2,3948092                       ,1239                          ,WILLINTONG MUNOZ    ,1949      ,                ,  101,                    ,                              , 0,2,20181227 22:04:42,    0,         0,        67,10001,   11,  101,2,                ,0010000,2, 1,         0,    0,1000000000000000000000000000000000000000,0000000000000000000000010000000000001000,         0,         0,         0,         0,1, 0, 0, 0,3948092                       ,    0,         0,0,20181227 22:03:35,1239                          , 9999, 9999, 9999,  101,32767,     0,     0
 ED5.2,1362                          ,3269                          ,                    ,1979      ,                ,  101,                    ,                              ,14,0,20181227 22:05:34,    0,         0,       105,65535,65535, 9999,2,                ,0000000,0, 0,         0,    0,0000000000000000000000000000000000000000,0000000000000000000000000000000000000000,         0,         0,         0,         0,1, 0, 0, 0,1362                          ,    0,       105,0,20181227 22:03:49,3269                          ,  101, 9999,  101,  101,    0,     0,     0
 ED5.2,1365                          ,1822                          ,                    ,1632      ,                ,  101,                    ,                              ,14,0,20181227 22:06:10,    0,         0,        69,65535,65535, 9999,2,                ,0000000,0, 0,         0,    0,0000000000000000000000000000000000000000,0000000000000000000000000000000000000000,         0,         0,         0,         0,1, 0, 0, 0,1365                          ,    0,        69,0,20181227 22:05:01,1822                          ,  101, 9999,  101,  101,    0,     0,     0
 ED5.2,1228                          ,1005                          ,                    ,1949      ,                ,  101,                    ,                              ,14,0,20181227 22:06:28,    0,         0,         5,65535,65535, 9999,2,                ,0000000,0, 0,         0,    0,0000000000000000000000000000000000000000,0000000000000000000000000000000000000000,         0,         0,         0,         0,1, 0, 0, 0,1228                          ,    0,         5,0,20181227 22:06:23,1005                          ,  101, 9999,  101,  101,    0,     0,     0
 ED5.2,1032                          ,1583                          ,                    ,1215      ,                ,  101,                    ,                              ,14,0,20181227 22:06:35,    0,         0,       314,65535,65535, 9999,2,                ,0000000,0, 0,         0,    0,0000000000000000000000000000000000000000,0000000000000000000000000000000000000000,         0,         0,         0,         0,1, 0, 0, 0,1032                          ,    0,       314,0,20181227 22:01:21,1583                          ,  101, 9999,  101,  101,    0,     0,     0
 ED5.2,1420                          ,1244                          ,                    ,1215      ,                ,  101,                    ,                              ,14,0,20181227 22:07:09,    0,         0,         0,65535,65535, 9999,2,                ,0000000,0, 0,         0,    0,0000000000000000000000000000000000000000,0000000000000000000000000000000000000000,         0,         0,         0,         0,1, 0, 0, 0,1420                          ,    0,         0,0,20181227 22:07:09,1244                          ,  101, 9999,  101,  101,    0,     0,     0
 ED5.2,1685                          ,1244                          ,                    ,1215      ,                ,  101,                    ,                              ,14,0,20181227 22:07:11,    0,         0,         0,65535,65535, 9999,2,                ,0000000,0, 0,         0,    0,0000000000000000000000000000000000000000,0000000000000000000000000000000000000000,         0,         0,         0,         0,1, 0, 0, 0,1420                          ,    0,         0,1,20181227 22:07:11,1244                          ,  101, 9999,  101,  101,    0,     0,     0
 ED5.2,1456                          ,1564                          ,                    ,1952      ,                ,  101,                    ,                              ,14,0,20181227 22:08:02,    0,         0,        90,65535,65535, 9999,2,                ,0000000,0, 0,         0,    0,0000000000000000000000000000000000000000,0000000000000000000000000000000000000000,         0,         0,         0,         0,1, 0, 0, 0,1456                          ,    0,        90,0,20181227 22:06:32,1564                          ,  101, 9999,  101,  101,    0,     0,     0
 ED5.2,4323739                       ,1119                          ,CAJA 24             ,1949      ,                ,  101,                    ,                              , 0,2,20181227 22:08:10,    0,         0,        57,10002,   11,  101,2,                ,0010000,2, 1,         0,    0,1000000000000000000000000000000000000000,0000000000000000000000010000000000001000,         0,         0,         0,         0,1, 0, 0, 0,4323739                       ,    0,         0,0,20181227 22:07:13,1119                          , 9999, 9999, 9999,  101,32767,     0,     0
 ED5.2,3111111                       ,1743                          ,NICOLAS AUGU MAR    ,1741      ,                ,  101,                    ,                              , 0,2,20181227 22:08:31,    0,         0,       108,10001,   11,  101,2,                ,0010000,2, 1,         0,    0,1000000000000000000000000000000000000000,0000000000000000000000010000000000001000,         0,         0,         0,         0,1, 0, 0, 0,3111111                       ,    0,         0,0,20181227 22:06:43,1743                          , 9999, 9999, 9999,  101,32767,     0,     0
 ED5.2,1499                          ,1747                          ,                    ,1952      ,                ,  101,                    ,                              ,14,0,20181227 22:08:38,    0,         0,        76,65535,65535, 9999,2,                ,0000000,0, 0,         0,    0,0000000000000000000000000000000000000000,0000000000000000000000000000000000000000,         0,         0,         0,         0,1, 0, 0, 0,1499                          ,    0,        76,0,20181227 22:07:22,1747                          ,  101, 9999,  101,  101,    0,     0,     0
 ED5.2,1381                          ,1856                          ,                    ,1952      ,                ,  101,                    ,                              ,14,0,20181227 22:08:52,    0,         0,       224,65535,65535, 9999,2,                ,0000000,0, 0,         0,    0,0000000000000000000000000000000000000000,0000000000000000000000000000000000000000,         0,         0,         0,         0,1, 0, 0, 0,1381                          ,    0,       224,0,20181227 22:05:08,1856                          ,  101, 9999,  101,  101,    0,     0,     0
 ED5.2,1745                          ,1426                          ,                    ,1952      ,                ,  101,                    ,                              ,14,0,20181227 22:09:46,    0,         0,        34,65535,65535, 9999,2,                ,0000000,0, 0,         0,    0,0000000000000000000000000000000000000000,0000000000000000000000000000000000000000,         0,         0,         0,         0,1, 0, 0, 0,1745                          ,    0,        34,0,20181227 22:09:12,1426                          ,  101, 9999,  101,  101,    0,     0,     0
 ED5.2,1365                          ,1822                          ,                    ,1632      ,                ,  101,                    ,                              ,14,0,20181227 22:11:43,    0,         0,       233,65535,65535, 9999,2,                ,0000000,0, 0,         0,    0,0000000000000000000000000000000000000000,0000000000000000000000000000000000000000,         0,         0,         0,         0,1, 0, 0, 0,1365                          ,    0,       233,0,20181227 22:07:50,1822                          ,  101, 9999,  101,  101,    0,     0,     0
 ED5.2,6604896                       ,1505                          ,JOHN ENRIQUE ROD    ,1741      ,                ,  101,                    ,                              , 0,2,20181227 22:12:48,    0,         0,         0,10001,   11,  101,2,                ,0010000,2, 1,         0,    0,1000000000000000000000000000000000000000,0000000000000000000000010000000000001000,         0,         0,         0,         0,1, 0, 0, 0,6604896                       ,    0,         0,0,20181227 22:12:48,1505                          , 9999, 9999, 9999,  101,32767,     0,     0
 ED5.2,1547                          ,1856                          ,                    ,1952      ,                ,  101,                    ,                              ,14,0,20181227 22:13:25,    0,         0,         0,65535,65535, 9999,2,                ,0000000,0, 0,         0,    0,0000000000000000000000000000000000000000,0000000000000000000000000000000000000000,         0,         0,         0,         0,1, 0, 0, 0,1547                          ,    0,         0,0,20181227 22:13:25,1856                          ,  101, 9999,  101,  101,    0,     0,     0
 ED5.2,1554                          ,1856                          ,                    ,1952      ,                ,  101,                    ,                              ,14,0,20181227 22:13:27,    0,         0,         0,65535,65535, 9999,2,                ,0000000,0, 0,         0,    0,0000000000000000000000000000000000000000,0000000000000000000000000000000000000000,         0,         0,         0,         0,1, 0, 0, 0,1475                          ,    0,         0,1,20181227 22:13:27,1856                          ,  101, 9999,  101,  101,    0,     0,     0
 ED5.2,1745                          ,1856                          ,                    ,1952      ,                ,  101,                    ,                              ,14,0,20181227 22:13:30,    0,         0,         0,65535,65535, 9999,2,                ,0000000,0, 0,         0,    0,0000000000000000000000000000000000000000,0000000000000000000000000000000000000000,         0,         0,         0,         0,1, 0, 0, 0,1745                          ,    0,         0,0,20181227 22:13:30,1856                          ,  101, 9999,  101,  101,    0,     0,     0
 ED5.2,1747                          ,1856                          ,                    ,1952      ,                ,  101,                    ,                              ,14,0,20181227 22:13:37,    0,         0,         0,65535,65535, 9999,2,                ,0000000,0, 0,         0,    0,0000000000000000000000000000000000000000,0000000000000000000000000000000000000000,         0,         0,         0,         0,1, 0, 0, 0,1747                          ,    0,         0,0,20181227 22:13:37,1856                          ,  101, 9999,  101,  101,    0,     0,     0
 ED5.2,1477                          ,3243                          ,                    ,1949      ,                ,  101,                    ,                              ,14,0,20181227 22:13:55,    0,         0,        24,65535,65535, 9999,2,                ,0000000,0, 0,         0,    0,0000000000000000000000000000000000000000,0000000000000000000000000000000000000000,         0,         0,         0,         0,1, 0, 0, 0,1477                          ,    0,        24,0,20181227 22:13:31,3243                          ,  101, 9999,  101,  101,    0,     0,     0
 ED5.2,6604869                       ,1505                          ,JOHN ENRIQUE ROD    ,1741      ,                ,  101,                    ,                              , 0,2,20181227 22:14:16,    0,         0,         0,10001,   11,  101,2,                ,0010000,2, 1,         0,    0,1000000000000000000000000000000000000000,0000000000000000000000010000000000001000,         0,         0,         0,         0,1, 0, 0, 0,6604869                       ,    0,         0,0,20181227 22:14:16,1505                          , 9999, 9999, 9999,  101,32767,     0,     0
 ED5.2,1856                          ,1381                          ,                    ,1952      ,                ,  101,                    ,                              ,14,0,20181227 22:14:20,    0,         0,        26,65535,65535, 9999,2,                ,0000000,0, 0,         0,    0,0000000000000000000000000000000000000000,0000000000000000000000000000000000000000,         0,         0,         0,         0,1, 0, 0, 0,1856                          ,    0,        26,0,20181227 22:13:54,1381                          ,  101, 9999,  101,  101,    0,     0,     0
 ED5.2,1590                          ,1540                          ,                    ,1952      ,                ,  101,                    ,                              ,14,0,20181227 22:16:39,    0,         0,        33,65535,65535, 9999,2,                ,0000000,0, 0,         0,    0,0000000000000000000000000000000000000000,0000000000000000000000000000000000000000,         0,         0,         0,         0,1, 0, 0, 0,1590                          ,    0,        33,0,20181227 22:16:06,1540                          ,  101, 9999,  101,  101,    0,     0,     0
 ED5.2,1577                          ,1736                          ,                    ,1635      ,                ,  101,                    ,                              ,14,0,20181227 22:17:09,    0,         0,        10,65535,65535, 9999,2,                ,0000000,0, 0,         0,    0,0000000000000000000000000000000000000000,0000000000000000000000000000000000000000,         0,         0,         0,         0,1, 0, 0, 0,1577                          ,    0,        10,0,20181227 22:16:59,1736                          ,  101, 9999,  101,  101,    0,     0,     0
 ED5.2,1540                          ,1747                          ,                    ,1952      ,                ,  101,                    ,                              ,14,0,20181227 22:17:32,    0,         0,        25,65535,65535, 9999,2,                ,0000000,0, 0,         0,    0,0000000000000000000000000000000000000000,0000000000000000000000000000000000000000,         0,         0,         0,         0,1, 0, 0, 0,1540                          ,    0,        25,0,20181227 22:17:07,1747                          ,  101, 9999,  101,  101,    0,     0,     0
 ED5.2,1145                          ,1736                          ,                    ,1635      ,                ,  101,                    ,                              ,14,0,20181227 22:17:52,    0,         0,        26,65535,65535, 9999,2,                ,0000000,0, 0,         0,    0,0000000000000000000000000000000000000000,0000000000000000000000000000000000000000,         0,         0,         0,         0,1, 0, 0, 0,1145                          ,    0,        26,0,20181227 22:17:26,1736                          ,  101, 9999,  101,  101,    0,     0,     0
 ED5.2,1477                          ,3243                          ,                    ,1949      ,                ,  101,                    ,                              ,14,0,20181227 22:18:55,    0,         0,        10,65535,65535, 9999,2,                ,0000000,0, 0,         0,    0,0000000000000000000000000000000000000000,0000000000000000000000000000000000000000,         0,         0,         0,         0,1, 0, 0, 0,1477                          ,    0,        10,0,20181227 22:18:45,3243                          ,  101, 9999,  101,  101,    0,     0,     0
 ED5.2,1207                          ,1223                          ,                    ,1632      ,                ,  101,                    ,                              ,14,0,20181227 22:24:49,    0,         0,         0,65535,65535, 9999,2,                ,0000000,0, 0,         0,    0,0000000000000000000000000000000000000000,0000000000000000000000000000000000000000,         0,         0,         0,         0,1, 0, 0, 0,1207                          ,    0,         0,0,20181227 22:24:49,1223                          ,  101, 9999,  101,  101,    0,     0,     0
 ED5.2,2972231                       ,4003                          ,JUDY FRANCEL JAR    ,2952      ,                ,  101,                    ,                              , 0,2,20181227 22:28:11,    0,         0,        44,10445,   15,  101,2,                ,0010000,2, 1,         0,    0,1000000000000000000000000000000000000000,0000000000000000000000010000000000001000,         0,         0,         0,         0,1, 0, 0, 0,2972231                       ,    0,         0,0,20181227 22:27:27,4003                          , 9999, 9999, 9999,  101,32767,     0,     0
 ED5.2,1387                          ,1587                          ,                    ,1952      ,                ,  101,                    ,                              ,14,0,20181227 22:29:30,    0,         0,        41,65535,65535, 9999,2,                ,0000000,0, 0,         0,    0,0000000000000000000000000000000000000000,0000000000000000000000000000000000000000,         0,         0,         0,         0,1, 0, 0, 0,1387                          ,    0,        41,0,20181227 22:28:49,1587                          ,  101, 9999,  101,  101,    0,     0,     0
 ED5.2,1588                          ,1587                          ,                    ,1952      ,                ,  101,                    ,                              ,14,0,20181227 22:30:15,    0,         0,        36,65535,65535, 9999,2,                ,0000000,0, 0,         0,    0,0000000000000000000000000000000000000000,0000000000000000000000000000000000000000,         0,         0,         0,         0,1, 0, 0, 0,1588                          ,    0,        36,0,20181227 22:29:39,1587                          ,  101, 9999,  101,  101,    0,     0,     0
 ED5.2,1588                          ,1587                          ,                    ,1952      ,                ,  101,                    ,                              ,14,0,20181227 22:32:05,    0,         0,        26,65535,65535, 9999,2,                ,0000000,0, 0,         0,    0,0000000000000000000000000000000000000000,0000000000000000000000000000000000000000,         0,         0,         0,         0,1, 0, 0, 0,1588                          ,    0,        26,0,20181227 22:31:39,1587                          ,  101, 9999,  101,  101,    0,     0,     0
 ED5.2,1032                          ,1210                          ,                    ,1215      ,                ,  101,                    ,                              ,14,0,20181227 22:32:06,    0,         0,         0,65535,65535, 9999,2,                ,0000000,0, 0,         0,    0,0000000000000000000000000000000000000000,0000000000000000000000000000000000000000,         0,         0,         0,         0,1, 0, 0, 0,1032                          ,    0,         0,0,20181227 22:32:06,1210                          ,  101, 9999,  101,  101,    0,     0,     0
 ED5.2,1449                          ,1210                          ,                    ,1215      ,                ,  101,                    ,                              ,14,0,20181227 22:32:22,    0,         0,         0,65535,65535, 9999,2,                ,0000000,0, 0,         0,    0,0000000000000000000000000000000000000000,0000000000000000000000000000000000000000,         0,         0,         0,         0,1, 0, 0, 0,1032                          ,    0,         0,1,20181227 22:32:22,1210                          ,  101, 9999,  101,  101,    0,     0,     0
 ED5.2,1365                          ,1210                          ,                    ,1215      ,                ,  101,                    ,                              ,14,0,20181227 22:32:22,    0,         0,         0,65535,65535, 9999,2,                ,0000000,0, 0,         0,    0,0000000000000000000000000000000000000000,0000000000000000000000000000000000000000,         0,         0,         0,         0,1, 0, 0, 0,1032                          ,    0,         0,1,20181227 22:32:22,1210                          ,  101, 9999,  101,  101,    0,     0,     0
 ED5.2,1819                          ,1588                          ,                    ,1952      ,                ,  101,                    ,                              ,14,0,20181227 22:33:10,    0,         0,        15,65535,65535, 9999,2,                ,0000000,0, 0,         0,    0,0000000000000000000000000000000000000000,0000000000000000000000000000000000000000,         0,         0,         0,         0,1, 0, 0, 0,1819                          ,    0,        15,0,20181227 22:32:55,1588                          ,  101, 9999,  101,  101,    0,     0,     0
 ED5.2,3269                          ,1210                          ,                    ,1215      ,                ,  101,                    ,                              ,14,0,20181227 22:33:55,    0,         0,        69,65535,65535, 9999,2,                ,0000000,0, 0,         0,    0,0000000000000000000000000000000000000000,0000000000000000000000000000000000000000,         0,         0,         0,         0,1, 0, 0, 0,3269                          ,    0,        69,0,20181227 22:32:46,1210                          ,  101, 9999,  101,  101,    0,     0,     0
 ED5.2,4735063                       ,1227                          ,VISACION 4          ,1949      ,                ,  101,                    ,                              , 0,2,20181227 22:33:59,    0,         0,        33,10865,   82,  101,2,                ,0010000,2, 1,         0,    0,1000000000000000000000000000000000000000,0000000000000000000000010000000000001000,         0,         0,         0,         0,1, 0, 0, 0,4735063                       ,    0,         0,0,20181227 22:33:26,1227                          , 9999, 9999, 9999,  101,32767,     0,     0
 ED5.2,1588                          ,1587                          ,                    ,1952      ,                ,  101,                    ,                              ,14,0,20181227 22:37:59,    0,         0,        50,65535,65535, 9999,2,                ,0000000,0, 0,         0,    0,0000000000000000000000000000000000000000,0000000000000000000000000000000000000000,         0,         0,         0,         0,1, 0, 0, 0,1588                          ,    0,        50,0,20181227 22:37:09,1587                          ,  101, 9999,  101,  101,    0,     0,     0
 ED5.2,1540                          ,1590                          ,                    ,1952      ,                ,  101,                    ,                              ,14,0,20181227 22:38:02,    0,         0,        19,65535,65535, 9999,2,                ,0000000,0, 0,         0,    0,0000000000000000000000000000000000000000,0000000000000000000000000000000000000000,         0,         0,         0,         0,1, 0, 0, 0,1540                          ,    0,        19,0,20181227 22:37:43,1590                          ,  101, 9999,  101,  101,    0,     0,     0
 ED5.2,1819                          ,1588                          ,                    ,1952      ,                ,  101,                    ,                              ,14,0,20181227 22:38:46,    0,         0,        38,65535,65535, 9999,2,                ,0000000,0, 0,         0,    0,0000000000000000000000000000000000000000,0000000000000000000000000000000000000000,         0,         0,         0,         0,1, 0, 0, 0,1819                          ,    0,        38,0,20181227 22:38:08,1588                          ,  101, 9999,  101,  101,    0,     0,     0
 ED5.2,1024                          ,1213                          ,                    ,1911      ,                ,  101,                    ,                              ,14,0,20181227 22:40:39,    0,         0,        60,65535,65535, 9999,2,                ,0000000,0, 0,         0,    0,0000000000000000000000000000000000000000,0000000000000000000000000000000000000000,         0,         0,         0,         0,1, 0, 0, 0,1024                          ,    0,        60,0,20181227 22:39:39,1213                          ,  101, 9999,  101,  101,    0,     0,     0
 ED5.2,1456                          ,1590                          ,                    ,1952      ,                ,  101,                    ,                              ,14,0,20181227 22:40:45,    0,         0,        68,65535,65535, 9999,2,                ,0000000,0, 0,         0,    0,0000000000000000000000000000000000000000,0000000000000000000000000000000000000000,         0,         0,         0,         0,1, 0, 0, 0,1456                          ,    0,        68,0,20181227 22:39:37,1590                          ,  101, 9999,  101,  101,    0,     0,     0
 ED5.2,1439                          ,1736                          ,                    ,1635      ,                ,  101,                    ,                              ,14,0,20181227 22:40:51,    0,         0,         0,65535,65535, 9999,2,                ,0000000,0, 0,         0,    0,0000000000000000000000000000000000000000,0000000000000000000000000000000000000000,         0,         0,         0,         0,1, 0, 0, 0,1439                          ,    0,         0,0,20181227 22:40:51,1736                          ,  101, 9999,  101,  101,    0,     0,     0
 ED5.2,1493                          ,1736                          ,                    ,1635      ,                ,  101,                    ,                              ,14,0,20181227 22:40:57,    0,         0,         0,65535,65535, 9999,2,                ,0000000,0, 0,         0,    0,0000000000000000000000000000000000000000,0000000000000000000000000000000000000000,         0,         0,         0,         0,1, 0, 0, 0,1439                          ,    0,         0,1,20181227 22:40:57,1736                          ,  101, 9999,  101,  101,    0,     0,     0
 ED5.2,1590                          ,1540                          ,                    ,1952      ,                ,  101,                    ,                              ,14,0,20181227 22:41:19,    0,         0,        12,65535,65535, 9999,2,                ,0000000,0, 0,         0,    0,0000000000000000000000000000000000000000,0000000000000000000000000000000000000000,         0,         0,         0,         0,1, 0, 0, 0,1590                          ,    0,        12,0,20181227 22:41:07,1540                          ,  101, 9999,  101,  101,    0,     0,     0
 ED5.2,1540                          ,1590                          ,                    ,1952      ,                ,  101,                    ,                              ,14,0,20181227 22:44:47,    0,         0,        17,65535,65535, 9999,2,                ,0000000,0, 0,         0,    0,0000000000000000000000000000000000000000,0000000000000000000000000000000000000000,         0,         0,         0,         0,1, 0, 0, 0,1540                          ,    0,        17,0,20181227 22:44:30,1590                          ,  101, 9999,  101,  101,    0,     0,     0
 ED5.2,1747                          ,1856                          ,                    ,1952      ,                ,  101,                    ,                              ,14,0,20181227 22:46:08,    0,         0,       101,65535,65535, 9999,2,                ,0000000,0, 0,         0,    0,0000000000000000000000000000000000000000,0000000000000000000000000000000000000000,         0,         0,         0,         0,1, 0, 0, 0,1747                          ,    0,       101,0,20181227 22:44:27,1856                          ,  101, 9999,  101,  101,    0,     0,     0
 ED5.2,1032                          ,1210                          ,                    ,1215      ,                ,  101,                    ,                              ,14,0,20181227 22:47:08,    0,         0,       141,65535,65535, 9999,2,                ,0000000,0, 0,         0,    0,0000000000000000000000000000000000000000,0000000000000000000000000000000000000000,         0,         0,         0,         0,1, 0, 0, 0,1032                          ,    0,       141,0,20181227 22:44:47,1210                          ,  101, 9999,  101,  101,    0,     0,     0
 ED5.2,1747                          ,1856                          ,                    ,1952      ,                ,  101,                    ,                              ,14,0,20181227 22:49:51,    0,         0,        52,65535,65535, 9999,2,                ,0000000,0, 0,         0,    0,0000000000000000000000000000000000000000,0000000000000000000000000000000000000000,         0,         0,         0,         0,1, 0, 0, 0,1747                          ,    0,        52,0,20181227 22:48:59,1856                          ,  101, 9999,  101,  101,    0,     0,     0
 ED5.2,1005                          ,1228                          ,                    ,1949      ,                ,  101,                    ,                              ,14,0,20181227 22:50:48,    0,         0,        30,65535,65535, 9999,2,                ,0000000,0, 0,         0,    0,0000000000000000000000000000000000000000,0000000000000000000000000000000000000000,         0,         0,         0,         0,1, 0, 0, 0,1005                          ,    0,        30,0,20181227 22:50:18,1228                          ,  101, 9999,  101,  101,    0,     0,     0
 ED5.2,1567                          ,1544                          ,                    ,1952      ,                ,  101,                    ,                              ,14,0,20181227 22:50:49,    0,         0,        16,65535,65535, 9999,2,                ,0000000,0, 0,         0,    0,0000000000000000000000000000000000000000,0000000000000000000000000000000000000000,         0,         0,         0,         0,1, 0, 0, 0,1567                          ,    0,        16,0,20181227 22:50:33,1544                          ,  101, 9999,  101,  101,    0,     0,     0
 ED5.2,1590                          ,1563                          ,                    ,1952      ,                ,  101,                    ,                              ,14,0,20181227 22:52:09,    0,         0,         0,65535,65535, 9999,2,                ,0000000,0, 0,         0,    0,0000000000000000000000000000000000000000,0000000000000000000000000000000000000000,         0,         0,         0,         0,1, 0, 0, 0,1273                          ,    0,         0,1,20181227 22:52:09,1563                          ,  101, 9999,  101,  101,    0,     0,     0
 ED5.2,1564                          ,1563                          ,                    ,1952      ,                ,  101,                    ,                              ,14,0,20181227 22:53:13,    0,         0,        58,65535,65535, 9999,2,                ,0000000,0, 0,         0,    0,0000000000000000000000000000000000000000,0000000000000000000000000000000000000000,         0,         0,         0,         0,1, 0, 0, 0,1564                          ,    0,        58,0,20181227 22:52:15,1563                          ,  101, 9999,  101,  101,    0,     0,     0
 ED5.2,663502832884                  ,1334                          ,CAJERO RECAUDO      ,1949      ,                ,  101,                    ,                              , 4,2,20181227 22:53:27,    0,         0,       177,  120,   20,  101,2,                ,0000000,3, 0,         0,    0,0000000000000000000000000000000000000000,0000000000000000000000010000000000000000,         0,         0,         0,         0,1, 0, 0, 0,A800                          ,   23,       154,0,20181227 22:50:30,                              , 9999, 9999, 9999, 9999,32767,     0,     0
 ED5.2,1747                          ,1499                          ,                    ,1952      ,                ,  101,                    ,                              ,14,0,20181227 22:53:38,    0,         0,        27,65535,65535, 9999,2,                ,0000000,0, 0,         0,    0,0000000000000000000000000000000000000000,0000000000000000000000000000000000000000,         0,         0,         0,         0,1, 0, 0, 0,1747                          ,    0,        27,0,20181227 22:53:11,1499                          ,  101, 9999,  101,  101,    0,     0,     0
 ED5.2,1588                          ,1426                          ,                    ,1952      ,                ,  101,                    ,                              ,14,0,20181227 22:55:04,    0,         0,        40,65535,65535, 9999,2,                ,0000000,0, 0,         0,    0,0000000000000000000000000000000000000000,0000000000000000000000000000000000000000,         0,         0,         0,         0,1, 0, 0, 0,1588                          ,    0,        40,0,20181227 22:54:24,1426                          ,  101, 9999,  101,  101,    0,     0,     0
 ED5.2,1448                          ,1736                          ,                    ,1635      ,                ,  101,                    ,                              ,14,0,20181227 22:55:59,    0,         0,         0,65535,65535, 9999,2,                ,0000000,0, 0,         0,    0,0000000000000000000000000000000000000000,0000000000000000000000000000000000000000,         0,         0,         0,         0,1, 0, 0, 0,1448                          ,    0,         0,0,20181227 22:55:59,1736                          ,  101, 9999,  101,  101,    0,     0,     0
 ED5.2,1105                          ,1228                          ,                    ,1949      ,                ,  101,                    ,                              ,14,0,20181227 22:56:29,    0,         0,         0,65535,65535, 9999,2,                ,0000000,0, 0,         0,    0,0000000000000000000000000000000000000000,0000000000000000000000000000000000000000,         0,         0,         0,         0,1, 0, 0, 0,1105                          ,    0,         0,0,20181227 22:56:29,1228                          ,  101, 9999,  101,  101,    0,     0,     0
 ED5.2,1005                          ,1228                          ,                    ,1949      ,                ,  101,                    ,                              ,14,0,20181227 22:57:16,    0,         0,        36,65535,65535, 9999,2,                ,0000000,0, 0,         0,    0,0000000000000000000000000000000000000000,0000000000000000000000000000000000000000,         0,         0,         0,         0,1, 0, 0, 0,1005                          ,    0,        36,0,20181227 22:56:40,1228                          ,  101, 9999,  101,  101,    0,     0,     0
 ED5.2,1588                          ,1587                          ,                    ,1952      ,                ,  101,                    ,                              ,14,0,20181227 22:59:23,    0,         0,        38,65535,65535, 9999,2,                ,0000000,0, 0,         0,    0,0000000000000000000000000000000000000000,0000000000000000000000000000000000000000,         0,         0,         0,         0,1, 0, 0, 0,1588                          ,    0,        38,0,20181227 22:58:45,1587                          ,  101, 9999,  101,  101,    0,     0,     0
 ED5.2,1591                          ,1587                          ,                    ,1952      ,                ,  101,                    ,                              ,14,0,20181227 23:02:52,    0,         0,       163,65535,65535, 9999,2,                ,0000000,0, 0,         0,    0,0000000000000000000000000000000000000000,0000000000000000000000000000000000000000,         0,         0,         0,         0,1, 0, 0, 0,1591                          ,    0,       163,0,20181227 23:00:09,1587                          ,  101, 9999,  101,  101,    0,     0,     0
