 ED5.2,3114953546                    ,3228                          ,ALBA ROSA BOTERO    ,1979      ,                ,  101,                    ,                              , 0,1,20181224 15:03:17,    0,         0,        29,  377,   21,  101,2,                ,0010000,0, 0,         0,    0,0000000000000000000000000000000000000000,0000000000000000000000010000000000001000,         0,         0,         0,         0,1, 0, 0, 0,033114953546                  ,    0,         0,0,20181224 15:02:48,3228                          , 9999, 9999, 9999,  101,32767,     0,     0
 ED5.2,663147404911                  ,1736                          ,RECEPCION 2 MORA    ,1635      ,                ,  101,                    ,                              , 4,2,20181224 15:05:05,    0,         0,        90,  120,   20,  101,2,                ,0000000,2, 0,         0,    0,0000000000000000000000000000000000000000,0000000000000000000000010000000000000000,         0,         0,         0,         0,1, 0, 0, 0,A800                          ,   90,         0,1,20181224 15:03:35,                              , 9999, 9999, 9999, 9999,32767,     0,     0
 ED5.2,663106119810                  ,5110                          ,RECEPCION 2 BQUI    ,3843      ,                ,  101,                    ,                              , 4,2,20181224 15:08:50,    0,         0,       179,10865,   82,  101,2,                ,0000000,2, 0,         0,    0,0000000000000000000000000000000000000000,0000000000000000000000010000000000000000,         0,         0,         0,         0,1, 0, 0, 0,A900                          ,  180,         0,1,20181224 15:05:51,                              , 9999, 9999, 9999, 9999,32767,     0,     0
 ED5.2,663102179556                  ,FS020                         ,ETB                 ,          ,                ,  101,                    ,                              , 4,2,20181224 15:09:27,    0,         0,        46,  120,   20,  101,2,                ,0000000,2, 1,         0,    0,0000000000000000000000000000000000000000,0000000000000000000000010000000000000000,         0,         0,         0,         0,1, 0, 0, 0,A800                          ,   47,         0,1,20181224 15:08:41,                              , 9999, 9999, 9999, 9999,32767,     0,     0
 ED5.2,53028469                      ,FS082                         ,SIPsalida           ,          ,                ,  101,                    ,                              , 4,2,20181224 15:09:46,    0,         0,        12,10865,   82,  101,2,                ,0000000,2, 0,         0,    0,0000000000000000000000000000000000000000,0000000000000000000000010000000000000000,         0,         0,         0,         0,1, 0, 0, 0,A900                          ,   12,         0,0,20181224 15:09:34,                              , 9999, 9999, 9999, 9999,32767,     0,     0
 ED5.2,663106119810                  ,FS082                         ,SIPsalida           ,          ,                ,  101,                    ,                              , 4,2,20181224 15:15:49,    0,         0,         9,10865,   82,  101,2,                ,0000000,2, 0,         0,    0,0000000000000000000000000000000000000000,0000000000000000000000010000000000000000,         0,         0,         0,         0,1, 0, 0, 0,A900                          ,   10,         0,0,20181224 15:15:40,                              , 9999, 9999, 9999, 9999,32767,     0,     0
 ED5.2,663106119810                  ,FS082                         ,SIPsalida           ,          ,                ,  101,                    ,                              , 4,2,20181224 15:16:28,    0,         0,        33,10865,   82,  101,2,                ,0000000,2, 0,         0,    0,0000000000000000000000000000000000000000,0000000000000000000000010000000000000000,         0,         0,         0,         0,1, 0, 0, 0,A900                          ,   33,         0,1,20181224 15:15:55,                              , 9999, 9999, 9999, 9999,32767,     0,     0
 ED5.2,663002109161                  ,1014                          ,RECEPCION LO COU    ,1635      ,                ,  101,                    ,                              , 4,2,20181224 15:25:44,    0,         0,        75,  120,   20,  101,2,                ,0000000,2, 0,         0,    0,0000000000000000000000000000000000000000,0000000000000000000000010000000000000000,         0,         0,         0,         0,1, 0, 0, 0,A800                          ,   75,         0,1,20181224 15:24:29,                              , 9999, 9999, 9999, 9999,32767,     0,     0
 ED5.2,------------------------------,******************************,                    ,**********,                ,  101,                    ,******************************, 4,2,20181224 15:35:43,    0,         0,        26,  122,   20,  101,2,                ,0000000,3, 0,         0,    0,0000000000000000000000000000000000000000,0000000000000000000000010000000000000000,         0,         0,         0,         0,1, 0, 0, 0,------------------------------,   23,         4,1,20181224 15:35:17,******************************, 9999, 9999, 9999, 9999,32767,     0,     0
 ED5.2,663016475874                  ,1595                          ,ANDREA CAROL CUE    ,1952      ,                ,  101,                    ,                              , 4,2,20181224 15:36:33,    0,         0,        92,  121,   20,  101,2,                ,0000000,2, 1,         0,    0,0000000000000000000000000000000000000000,0000000000000000000000010000000000000000,         0,         0,         0,         0,1, 0, 0, 0,A800                          ,   93,         0,1,20181224 15:35:01,                              , 9999, 9999, 9999, 9999,32767,     0,     0
 ED5.2,663135450508                  ,1600                          ,RECEPCION COUNTR    ,1635      ,                ,  101,                    ,                              , 4,2,20181224 15:38:47,    0,         0,       231,  120,   20,  101,2,                ,0000000,2, 1,         0,    0,0000000000000000000000000000000000000000,0000000000000000000000010000000000000000,         0,         0,         0,         0,1, 0, 0, 0,A800                          ,  231,         0,1,20181224 15:34:56,                              , 9999, 9999, 9999, 9999,32767,     0,     0
 ED5.2,3944341                       ,1851                          ,YURY KATERIN ROD    ,1979      ,                ,  101,                    ,                              , 0,2,20181224 15:43:01,    0,         0,       184,10001,   11,  101,2,                ,0010000,2, 1,         0,    0,1000000000000000000000000000000000000000,0000000000000000000000010000000000001000,         0,         0,         0,         0,1, 0, 0, 0,3944341                       ,    0,         0,0,20181224 15:39:57,1851                          , 9999, 9999, 9999,  101,32767,     0,     0
 ED5.2,53852368                      ,5110                          ,RECEPCION 2 BQUI    ,3843      ,                ,  101,                    ,                              , 4,2,20181224 15:45:26,    0,         0,       341,10865,   82,  101,2,                ,0000000,2, 0,         0,    0,0000000000000000000000000000000000000000,0000000000000000000000010000000000000000,         0,         0,         0,         0,1, 0, 0, 0,A900                          ,  341,         0,1,20181224 15:39:45,                              , 9999, 9999, 9999, 9999,32767,     0,     0
 ED5.2,072309540                     ,FS015                         ,SIPMED F            ,          ,                ,  101,                    ,                              , 4,2,20181224 15:57:22,    0,         0,        29,10445,   15,  101,2,                ,0000000,2, 0,         0,    0,0000000000000000000000000000000000000000,0000000000000000000000010000000000000000,         0,         0,         0,         0,1, 0, 0, 0,A800                          ,   29,         0,1,20181224 15:56:53,                              , 9999, 9999, 9999, 9999,32767,     0,     0
 ED5.2,663115999280                  ,FS020                         ,ETB                 ,          ,                ,  101,                    ,                              , 4,2,20181224 15:57:29,    0,         0,         6,  120,   20,  101,2,                ,0000000,2, 1,         0,    0,0000000000000000000000000000000000000000,0000000000000000000000010000000000000000,         0,         0,         0,         0,1, 0, 0, 0,A800                          ,    6,         0,0,20181224 15:57:23,                              , 9999, 9999, 9999, 9999,32767,     0,     0
 ED5.2,072309540                     ,4000                          ,RECEPCION MEDELL    ,2952      ,                ,  101,                    ,                              , 4,2,20181224 15:59:05,    0,         0,        74,10445,   15,  101,2,                ,0000000,2, 0,         0,    0,0000000000000000000000000000000000000000,0000000000000000000000010000000000000000,         0,         0,         0,         0,1, 0, 0, 0,A800                          ,   75,         0,1,20181224 15:57:51,                              , 9999, 9999, 9999, 9999,32767,     0,     0
 ED5.2,4859933                       ,1201                          ,NAYIBE PATRI BOL    ,1949      ,                ,  101,                    ,                              , 4,2,20181224 16:02:09,    0,         0,        74,  120,   20,  101,2,                ,0000000,2, 0,         0,    0,0000000000000000000000000000000000000000,0000000000000000000000010000000000000000,         0,         0,         0,         0,1, 0, 0, 0,A800                          ,   11,        64,0,20181224 16:00:55,                              , 9999, 9999, 9999, 9999,32767,     0,     0
