 ED5.2,5170051                       ,1024                          ,DANIEL ANDRE TAN    ,1638      ,                ,  101,                    ,                              , 0,2,20190105 11:00:39,    0,         0,         0,  120,   20,  101,2,                ,0010000,2, 1,         0,    0,1000000000000000000000000000000000000000,0000000000000000000000010000000000001000,         0,         0,         0,         0,1, 0, 0, 0,5170051                       ,    0,         0,0,20190105 11:00:39,1024                          , 9999, 9999, 9999,  101,32767,     0,     0
 ED5.2,6107                          ,1369                          ,                    ,1632      ,                ,  101,                    ,                              ,14,0,20190105 11:01:02,    0,         0,         0,65535,65535, 9999,2,                ,0000000,0, 0,         0,    0,0000000000000000000000000000000000000000,0000000000000000000000000000000000000000,         0,         0,         0,         0,1, 0, 0, 0,6107                          ,    0,         0,0,20190105 11:01:02,1369                          ,  101, 9999,  101,  101,    0,     0,     0
 ED5.2,88                            ,1369                          ,                    ,1632      ,                ,  101,                    ,                              ,14,0,20190105 11:01:03,    0,         0,         1,65535,65535, 9999,2,                ,0000000,0, 0,         0,    0,0000000000000000000000000000000000000000,0000000000000000000000000000000000000000,         0,         0,         0,         0,1, 0, 0, 0,6107                          ,    0,         1,1,20190105 11:01:02,1369                          ,  101, 9999,  101,  101,    0,     0,     0
 ED5.2,3030040                       ,1736                          ,RECEPCION 2 MORA    ,1635      ,                ,  101,                    ,                              , 0,2,20190105 11:01:04,    0,         0,         0,10866,   82,  101,2,                ,0010000,2, 1,         0,    0,1000000000000000000000000000000000000000,0000000000000000000000010000000000001000,         0,         0,         0,         0,1, 0, 0, 0,3030040                       ,    0,         0,0,20190105 11:01:04,1736                          , 9999, 9999, 9999,  101,32767,     0,     0
 ED5.2,6105                          ,1369                          ,                    ,1632      ,                ,  101,                    ,                              ,14,0,20190105 11:01:20,    0,         0,         0,65535,65535, 9999,2,                ,0000000,0, 0,         0,    0,0000000000000000000000000000000000000000,0000000000000000000000000000000000000000,         0,         0,         0,         0,1, 0, 0, 0,6105                          ,    0,         0,0,20190105 11:01:20,1369                          ,  101, 9999,  101,  101,    0,     0,     0
 ED5.2,6111                          ,1369                          ,                    ,1632      ,                ,  101,                    ,                              ,14,0,20190105 11:01:25,    0,         0,         0,65535,65535, 9999,2,                ,0000000,0, 0,         0,    0,0000000000000000000000000000000000000000,0000000000000000000000000000000000000000,         0,         0,         0,         0,1, 0, 0, 0,6105                          ,    0,         0,1,20190105 11:01:25,1369                          ,  101, 9999,  101,  101,    0,     0,     0
 ED5.2,3004005463                    ,1736                          ,RECEPCION 2 MORA    ,1635      ,                ,  101,                    ,                              , 0,2,20190105 11:01:48,    0,         0,         0,10349,   66,  101,2,                ,0010000,2, 1,         0,    0,1000000000000000000000000000000000000000,0000000000000000000000010000000000001000,         0,         0,         0,         0,1, 0, 0, 0,033004005463                  ,    0,         0,0,20190105 11:01:48,1736                          , 9999, 9999, 9999,  101,32767,     0,     0
 ED5.2,1369                          ,1340                          ,                    ,1635      ,                ,  101,                    ,                              ,14,0,20190105 11:01:49,    0,         0,         7,65535,65535, 9999,2,                ,0000000,0, 0,         0,    0,0000000000000000000000000000000000000000,0000000000000000000000000000000000000000,         0,         0,         0,         0,1, 0, 0, 0,1369                          ,    0,         7,0,20190105 11:01:42,1340                          ,  101, 9999,  101,  101,    0,     0,     0
 ED5.2,5170051                       ,1024                          ,DANIEL ANDRE TAN    ,1638      ,                ,  101,                    ,                              , 0,2,20190105 11:02:47,    0,         0,         0,  120,   20,  101,2,                ,0010000,2, 1,         0,    0,1000000000000000000000000000000000000000,0000000000000000000000010000000000001000,         0,         0,         0,         0,1, 0, 0, 0,5170051                       ,    0,         0,0,20190105 11:02:47,1024                          , 9999, 9999, 9999,  101,32767,     0,     0
 ED5.2,3669808                       ,4059                          ,KELLY JOHANN PER    ,2632      ,                ,  101,                    ,                              , 0,2,20190105 11:03:36,    0,         0,         0,10445,   15,  101,2,                ,0010000,2, 1,         0,    0,1000000000000000000000000000000000000000,0000000000000000000000010000000000001000,         0,         0,         0,         0,1, 0, 0, 0,3669808                       ,    0,         0,0,20190105 11:03:36,4059                          , 9999, 9999, 9999,  101,32767,     0,     0
 ED5.2,3669808                       ,4009                          ,ANDRES FELIP GUT    ,2632      ,                ,  101,                    ,                              , 0,2,20190105 11:03:38,    0,         0,         0,11361,  201,  101,2,                ,0000000,2, 1,         0,    0,1000000000000000000000000000000000000000,0000000000000000000000010000000000001000,         0,         0,         0,         0,1, 0, 0, 0,3669808                       ,    0,         0,0,20190105 11:03:38,4009                          , 9999, 9999, 9999,  101,32767,     0,     0
 ED5.2,2054148                       ,FS020                         ,ETB                 ,          ,                ,  101,                    ,                              , 4,2,20190105 11:03:43,    0,         0,        60,  121,   20,  101,2,                ,0000000,3, 0,         0,    0,0000000000000000000000000000000000000000,0000000000000000000000010000000000000000,         0,         0,         0,         0,1, 0, 0, 0,A800                          ,   61,         0,1,20190105 11:02:43,                              , 9999, 9999, 9999, 9999,32767,     0,     0
 ED5.2,0943669808                    ,4009                          ,ANDRES FELIP GUT    ,2632      ,                ,  101,                    ,                              , 0,2,20190105 11:03:53,    0,         0,         0,10868,   82,  101,2,                ,0010000,2, 1,         0,    0,1000000000000000000000000000000000000000,0000000000000000000000010000000000001000,         0,         0,         0,         0,1, 0, 0, 0,3669808                       ,    0,         0,0,20190105 11:03:53,4009                          , 9999, 9999, 9999,  101,32767,     0,     0
 ED5.2,0943669808                    ,4059                          ,KELLY JOHANN PER    ,2632      ,                ,  101,                    ,                              , 0,2,20190105 11:04:10,    0,         0,         0,10867,   82,  101,2,                ,0010000,2, 1,         0,    0,1000000000000000000000000000000000000000,0000000000000000000000010000000000001000,         0,         0,         0,         0,1, 0, 0, 0,3669808                       ,    0,         0,0,20190105 11:04:10,4059                          , 9999, 9999, 9999,  101,32767,     0,     0
 ED5.2,4046                          ,4009                          ,                    ,2632      ,                ,  101,                    ,                              ,14,0,20190105 11:04:45,    0,         0,        48,65535,65535, 9999,2,                ,0000000,0, 0,         0,    0,0000000000000000000000000000000000000000,0000000000000000000000000000000000000000,         0,         0,         0,         0,1, 0, 0, 0,4046                          ,    0,        48,0,20190105 11:03:57,4009                          ,  101, 9999,  101,  101,    0,     0,     0
 ED5.2,6044535                       ,4009                          ,ANDRES FELIP GUT    ,2632      ,                ,  101,                    ,                              , 0,2,20190105 11:04:56,    0,         0,         0,11361,  201,  101,2,                ,0000000,2, 1,         0,    0,1000000000000000000000000000000000000000,0000000000000000000000010000000000001000,         0,         0,         0,         0,1, 0, 0, 0,6044535                       ,    0,         0,0,20190105 11:04:56,4009                          , 9999, 9999, 9999,  101,32767,     0,     0
 ED5.2,6044535                       ,4059                          ,KELLY JOHANN PER    ,2632      ,                ,  101,                    ,                              , 0,2,20190105 11:04:56,    0,         0,         0,10445,   15,  101,2,                ,0010000,2, 1,         0,    0,1000000000000000000000000000000000000000,0000000000000000000000010000000000001000,         0,         0,         0,         0,1, 0, 0, 0,6044535                       ,    0,         0,0,20190105 11:04:56,4059                          , 9999, 9999, 9999,  101,32767,     0,     0
 ED5.2,0946044535                    ,4009                          ,ANDRES FELIP GUT    ,2632      ,                ,  101,                    ,                              , 0,2,20190105 11:04:57,    0,         0,         0,10867,   82,  101,2,                ,0010000,2, 1,         0,    0,1000000000000000000000000000000000000000,0000000000000000000000010000000000001000,         0,         0,         0,         0,1, 0, 0, 0,6044535                       ,    0,         0,0,20190105 11:04:57,4009                          , 9999, 9999, 9999,  101,32767,     0,     0
 ED5.2,0946044535                    ,4059                          ,KELLY JOHANN PER    ,2632      ,                ,  101,                    ,                              , 0,2,20190105 11:04:57,    0,         0,         0,10868,   82,  101,2,                ,0010000,2, 1,         0,    0,1000000000000000000000000000000000000000,0000000000000000000000010000000000001000,         0,         0,         0,         0,1, 0, 0, 0,6044535                       ,    0,         0,0,20190105 11:04:57,4059                          , 9999, 9999, 9999,  101,32767,     0,     0
 ED5.2,6044535                       ,4009                          ,ANDRES FELIP GUT    ,2632      ,                ,  101,                    ,                              , 0,2,20190105 11:05:02,    0,         0,         0,11361,  201,  101,2,                ,0000000,2, 1,         0,    0,1000000000000000000000000000000000000000,0000000000000000000000010000000000001000,         0,         0,         0,         0,1, 0, 0, 0,6044535                       ,    0,         0,0,20190105 11:05:02,4009                          , 9999, 9999, 9999,  101,32767,     0,     0
 ED5.2,6044535                       ,4059                          ,KELLY JOHANN PER    ,2632      ,                ,  101,                    ,                              , 0,2,20190105 11:05:03,    0,         0,         0,10445,   15,  101,2,                ,0010000,2, 1,         0,    0,1000000000000000000000000000000000000000,0000000000000000000000010000000000001000,         0,         0,         0,         0,1, 0, 0, 0,6044535                       ,    0,         0,0,20190105 11:05:03,4059                          , 9999, 9999, 9999,  101,32767,     0,     0
 ED5.2,0946044535                    ,4009                          ,ANDRES FELIP GUT    ,2632      ,                ,  101,                    ,                              , 0,2,20190105 11:05:03,    0,         0,         0,10867,   82,  101,2,                ,0010000,2, 1,         0,    0,1000000000000000000000000000000000000000,0000000000000000000000010000000000001000,         0,         0,         0,         0,1, 0, 0, 0,6044535                       ,    0,         0,0,20190105 11:05:03,4009                          , 9999, 9999, 9999,  101,32767,     0,     0
 ED5.2,0946044535                    ,4059                          ,KELLY JOHANN PER    ,2632      ,                ,  101,                    ,                              , 0,2,20190105 11:05:04,    0,         0,         0,10868,   82,  101,2,                ,0010000,2, 1,         0,    0,1000000000000000000000000000000000000000,0000000000000000000000010000000000001000,         0,         0,         0,         0,1, 0, 0, 0,6044535                       ,    0,         0,0,20190105 11:05:04,4059                          , 9999, 9999, 9999,  101,32767,     0,     0
 ED5.2,6044535                       ,4009                          ,ANDRES FELIP GUT    ,2632      ,                ,  101,                    ,                              , 0,2,20190105 11:05:05,    0,         0,         0,11361,  201,  101,2,                ,0000000,2, 1,         0,    0,1000000000000000000000000000000000000000,0000000000000000000000010000000000001000,         0,         0,         0,         0,1, 0, 0, 0,6044535                       ,    0,         0,0,20190105 11:05:05,4009                          , 9999, 9999, 9999,  101,32767,     0,     0
 ED5.2,0946044535                    ,4009                          ,ANDRES FELIP GUT    ,2632      ,                ,  101,                    ,                              , 0,2,20190105 11:05:06,    0,         0,         0,10867,   82,  101,2,                ,0010000,2, 1,         0,    0,1000000000000000000000000000000000000000,0000000000000000000000010000000000001000,         0,         0,         0,         0,1, 0, 0, 0,6044535                       ,    0,         0,0,20190105 11:05:06,4009                          , 9999, 9999, 9999,  101,32767,     0,     0
 ED5.2,1444                          ,2061                          ,                    ,4632      ,                ,  101,                    ,                              ,14,0,20190105 11:05:57,    0,         0,        57,65535,65535, 9999,2,                ,0000000,0, 0,         0,    0,0000000000000000000000000000000000000000,0000000000000000000000000000000000000000,         0,         0,         0,         0,1, 0, 0, 0,1444                          ,    0,        57,0,20190105 11:05:00,2061                          ,  101, 9999,  101,  101,    0,     0,     0
 ED5.2,7322726                       ,3107                          ,MARYURY PIRA        ,1672      ,                ,  101,                    ,                              , 0,2,20190105 11:06:22,    0,         0,         0,10002,   11,  101,2,                ,0010000,2, 1,         0,    0,1000000000000000000000000000000000000000,0000000000000000000000010000000000001000,         0,         0,         0,         0,1, 0, 0, 0,7322726                       ,    0,         0,0,20190105 11:06:22,3107                          , 9999, 9999, 9999,  101,32767,     0,     0
 ED5.2,2064453                       ,1736                          ,RECEPCION 2 MORA    ,1635      ,                ,  101,                    ,                              , 0,2,20190105 11:06:30,    0,         0,       268,10866,   82,  101,2,                ,0010000,2, 1,         0,    0,1000000000000000000000000000000000000000,0000000000000000000000010000000000001000,         0,         0,         0,         0,1, 0, 0, 0,2064453                       ,    0,         0,0,20190105 11:02:02,1736                          , 9999, 9999, 9999,  101,32767,     0,     0
 ED5.2,7580508                       ,3136                          ,MARIA ALEJAN MON    ,1672      ,                ,  101,                    ,                              , 0,2,20190105 11:06:36,    0,         0,         0,10003,   11,  101,2,                ,0010000,2, 1,         0,    0,1000000000000000000000000000000000000000,0000000000000000000000010000000000001000,         0,         0,         0,         0,1, 0, 0, 0,7580508                       ,    0,         0,0,20190105 11:06:36,3136                          , 9999, 9999, 9999,  101,32767,     0,     0
 ED5.2,6044535                       ,4009                          ,ANDRES FELIP GUT    ,2632      ,                ,  101,                    ,                              , 0,2,20190105 11:06:54,    0,         0,         0,11361,  201,  101,2,                ,0000000,2, 1,         0,    0,1000000000000000000000000000000000000000,0000000000000000000000010000000000001000,         0,         0,         0,         0,1, 0, 0, 0,6044535                       ,    0,         0,0,20190105 11:06:54,4009                          , 9999, 9999, 9999,  101,32767,     0,     0
 ED5.2,0946044535                    ,4009                          ,ANDRES FELIP GUT    ,2632      ,                ,  101,                    ,                              , 0,2,20190105 11:06:55,    0,         0,         0,10866,   82,  101,2,                ,0010000,2, 1,         0,    0,1000000000000000000000000000000000000000,0000000000000000000000010000000000001000,         0,         0,         0,         0,1, 0, 0, 0,6044535                       ,    0,         0,0,20190105 11:06:55,4009                          , 9999, 9999, 9999,  101,32767,     0,     0
 ED5.2,6044535                       ,4059                          ,KELLY JOHANN PER    ,2632      ,                ,  101,                    ,                              , 0,2,20190105 11:07:02,    0,         0,         0,10445,   15,  101,2,                ,0010000,2, 1,         0,    0,1000000000000000000000000000000000000000,0000000000000000000000010000000000001000,         0,         0,         0,         0,1, 0, 0, 0,6044535                       ,    0,         0,0,20190105 11:07:02,4059                          , 9999, 9999, 9999,  101,32767,     0,     0
 ED5.2,0946044535                    ,4059                          ,KELLY JOHANN PER    ,2632      ,                ,  101,                    ,                              , 0,2,20190105 11:07:03,    0,         0,         0,10866,   82,  101,2,                ,0010000,2, 1,         0,    0,1000000000000000000000000000000000000000,0000000000000000000000010000000000001000,         0,         0,         0,         0,1, 0, 0, 0,6044535                       ,    0,         0,0,20190105 11:07:03,4059                          , 9999, 9999, 9999,  101,32767,     0,     0
 ED5.2,1472                          ,2092                          ,                    ,4632      ,                ,  101,                    ,                              ,14,0,20190105 11:07:26,    0,         0,       136,65535,65535, 9999,2,                ,0000000,0, 0,         0,    0,0000000000000000000000000000000000000000,0000000000000000000000000000000000000000,         0,         0,         0,         0,1, 0, 0, 0,1472                          ,    0,       136,0,20190105 11:05:10,2092                          ,  101, 9999,  101,  101,    0,     0,     0
 ED5.2,5170051                       ,1024                          ,DANIEL ANDRE TAN    ,1638      ,                ,  101,                    ,                              , 0,2,20190105 11:08:05,    0,         0,       175,10001,   11,  101,2,                ,0010000,2, 1,         0,    0,1000000000000000000000000000000000000000,0000000000000000000000010000000000001000,         0,         0,         0,         0,1, 0, 0, 0,5170051                       ,    0,         0,0,20190105 11:05:10,1024                          , 9999, 9999, 9999,  101,32767,     0,     0
 ED5.2,2061                          ,2092                          ,                    ,4632      ,                ,  101,                    ,                              ,14,0,20190105 11:08:24,    0,         0,         0,65535,65535, 9999,2,                ,0000000,0, 0,         0,    0,0000000000000000000000000000000000000000,0000000000000000000000000000000000000000,         0,         0,         0,         0,1, 0, 0, 0,2061                          ,    0,         0,0,20190105 11:08:24,2092                          ,  101, 9999,  101,  101,    0,     0,     0
 ED5.2,88                            ,2092                          ,                    ,4632      ,                ,  101,                    ,                              ,14,0,20190105 11:08:29,    0,         0,         5,65535,65535, 9999,2,                ,0000000,0, 0,         0,    0,0000000000000000000000000000000000000000,0000000000000000000000000000000000000000,         0,         0,         0,         0,1, 0, 0, 0,2061                          ,    0,         5,1,20190105 11:08:24,2092                          ,  101, 9999,  101,  101,    0,     0,     0
 ED5.2,6044535                       ,4009                          ,ANDRES FELIP GUT    ,2632      ,                ,  101,                    ,                              , 0,2,20190105 11:08:38,    0,         0,         0,11361,  201,  101,2,                ,0000000,2, 1,         0,    0,1000000000000000000000000000000000000000,0000000000000000000000010000000000001000,         0,         0,         0,         0,1, 0, 0, 0,6044535                       ,    0,         0,0,20190105 11:08:38,4009                          , 9999, 9999, 9999,  101,32767,     0,     0
 ED5.2,0946044535                    ,4009                          ,ANDRES FELIP GUT    ,2632      ,                ,  101,                    ,                              , 0,2,20190105 11:08:39,    0,         0,         0,10866,   82,  101,2,                ,0010000,2, 1,         0,    0,1000000000000000000000000000000000000000,0000000000000000000000010000000000001000,         0,         0,         0,         0,1, 0, 0, 0,6044535                       ,    0,         0,0,20190105 11:08:39,4009                          , 9999, 9999, 9999,  101,32767,     0,     0
 ED5.2,6044535                       ,4009                          ,ANDRES FELIP GUT    ,2632      ,                ,  101,                    ,                              , 0,2,20190105 11:09:33,    0,         0,         0,11361,  201,  101,2,                ,0000000,2, 1,         0,    0,1000000000000000000000000000000000000000,0000000000000000000000010000000000001000,         0,         0,         0,         0,1, 0, 0, 0,6044535                       ,    0,         0,0,20190105 11:09:33,4009                          , 9999, 9999, 9999,  101,32767,     0,     0
 ED5.2,0946044535                    ,4009                          ,ANDRES FELIP GUT    ,2632      ,                ,  101,                    ,                              , 0,2,20190105 11:09:34,    0,         0,         0,10866,   82,  101,2,                ,0010000,2, 1,         0,    0,1000000000000000000000000000000000000000,0000000000000000000000010000000000001000,         0,         0,         0,         0,1, 0, 0, 0,6044535                       ,    0,         0,0,20190105 11:09:34,4009                          , 9999, 9999, 9999,  101,32767,     0,     0
 ED5.2,6044535                       ,4009                          ,ANDRES FELIP GUT    ,2632      ,                ,  101,                    ,                              , 0,2,20190105 11:09:37,    0,         0,         0,11361,  201,  101,2,                ,0000000,2, 1,         0,    0,1000000000000000000000000000000000000000,0000000000000000000000010000000000001000,         0,         0,         0,         0,1, 0, 0, 0,6044535                       ,    0,         0,0,20190105 11:09:37,4009                          , 9999, 9999, 9999,  101,32767,     0,     0
 ED5.2,0946044535                    ,4009                          ,ANDRES FELIP GUT    ,2632      ,                ,  101,                    ,                              , 0,2,20190105 11:09:38,    0,         0,         0,10866,   82,  101,2,                ,0010000,2, 1,         0,    0,1000000000000000000000000000000000000000,0000000000000000000000010000000000001000,         0,         0,         0,         0,1, 0, 0, 0,6044535                       ,    0,         0,0,20190105 11:09:38,4009                          , 9999, 9999, 9999,  101,32767,     0,     0
 ED5.2,2061                          ,2092                          ,                    ,4632      ,                ,  101,                    ,                              ,14,0,20190105 11:10:02,    0,         0,        38,65535,65535, 9999,2,                ,0000000,0, 0,         0,    0,0000000000000000000000000000000000000000,0000000000000000000000000000000000000000,         0,         0,         0,         0,1, 0, 0, 0,2061                          ,    0,        38,0,20190105 11:09:24,2092                          ,  101, 9999,  101,  101,    0,     0,     0
 ED5.2,53458489                      ,FS082                         ,SIPsalida           ,          ,                ,  101,                    ,                              , 4,2,20190105 11:11:49,    0,         0,         0,10866,   82,  101,2,                ,0000000,2, 0,         0,    0,0000000000000000000000000000000000000000,0000000000000000000000010000000000000000,         0,         0,         0,         0,1, 0, 0, 0,A900                          ,    1,         0,0,20190105 11:11:49,                              , 9999, 9999, 9999, 9999,32767,     0,     0
 ED5.2,53458489                      ,FS082                         ,SIPsalida           ,          ,                ,  101,                    ,                              , 4,2,20190105 11:12:57,    0,         0,         1,10866,   82,  101,2,                ,0000000,2, 0,         0,    0,0000000000000000000000000000000000000000,0000000000000000000000010000000000000000,         0,         0,         0,         0,1, 0, 0, 0,A900                          ,    2,         0,0,20190105 11:12:56,                              , 9999, 9999, 9999, 9999,32767,     0,     0
 ED5.2,14350                         ,4024                          ,ZORAIDA MESA RES    ,2952      ,                ,  101,                    ,                              , 4,2,20190105 11:14:23,    0,         0,        68,10445,   15,  101,2,                ,0000000,2, 0,         0,    0,0000000000000000000000000000000000000000,0000000000000000000000010000000000000000,         0,         0,         0,         0,1, 0, 0, 0,A800                          ,   68,         0,1,20190105 11:13:15,                              , 9999, 9999, 9999, 9999,32767,     0,     0
 ED5.2,1439                          ,1442                          ,                    ,1632      ,                ,  101,                    ,                              ,14,0,20190105 11:18:33,    0,         0,       141,65535,65535, 9999,2,                ,0000000,0, 0,         0,    0,0000000000000000000000000000000000000000,0000000000000000000000000000000000000000,         0,         0,         0,         0,1, 0, 0, 0,1439                          ,    0,       141,0,20190105 11:16:12,1442                          ,  101, 9999,  101,  101,    0,     0,     0
 ED5.2,4025                          ,4009                          ,                    ,2632      ,                ,  101,                    ,                              ,14,0,20190105 11:25:37,    0,         0,        14,65535,65535, 9999,2,                ,0000000,0, 0,         0,    0,0000000000000000000000000000000000000000,0000000000000000000000000000000000000000,         0,         0,         0,         0,1, 0, 0, 0,4025                          ,    0,        14,0,20190105 11:25:23,4009                          ,  101, 9999,  101,  101,    0,     0,     0
 ED5.2,2061                          ,1559                          ,                    ,1632      ,                ,  101,                    ,                              ,14,0,20190105 11:28:27,    0,         0,       796,65535,65535, 9999,2,                ,0000000,0, 0,         0,    0,0000000000000000000000000000000000000000,0000000000000000000000000000000000000000,         0,         0,         0,         0,1, 0, 0, 0,2061                          ,    0,       796,0,20190105 11:15:11,1559                          ,  101, 9999,  101,  101,    0,     0,     0
 ED5.2,1472                          ,2093                          ,                    ,4632      ,                ,  101,                    ,                              ,14,0,20190105 11:29:04,    0,         0,       248,65535,65535, 9999,2,                ,0000000,0, 0,         0,    0,0000000000000000000000000000000000000000,0000000000000000000000000000000000000000,         0,         0,         0,         0,1, 0, 0, 0,1472                          ,    0,       248,0,20190105 11:24:56,2093                          ,  101, 9999,  101,  101,    0,     0,     0
 ED5.2,6962760                       ,8017                          ,CARMEN SOFIA CAD    ,6952      ,                ,  101,                    ,                              , 0,1,20190105 11:30:59,    0,         0,        40,  526,   80,  101,2,                ,0010000,0, 0,         0,    0,0000000000000000000000000000000000000000,0000000000000000000000010000000000001000,         0,         0,         0,         0,1, 0, 0, 0,6962760                       ,    0,         0,0,20190105 11:30:19,8017                          , 9999, 9999, 9999,  101,32767,     0,     0
 ED5.2,53458489                      ,FS082                         ,SIPsalida           ,          ,                ,  101,                    ,                              , 4,2,20190105 11:31:41,    0,         0,         0,10866,   82,  101,2,                ,0000000,2, 0,         0,    0,0000000000000000000000000000000000000000,0000000000000000000000010000000000000000,         0,         0,         0,         0,1, 0, 0, 0,A900                          ,    1,         0,0,20190105 11:31:41,                              , 9999, 9999, 9999, 9999,32767,     0,     0
 ED5.2,663178935542                  ,FS020                         ,ETB                 ,          ,                ,  101,                    ,                              , 4,2,20190105 11:34:41,    0,         0,         4,  120,   20,  101,2,                ,0000000,3, 0,         0,    0,0000000000000000000000000000000000000000,0000000000000000000000010000000000000000,         0,         0,         0,         0,1, 0, 0, 0,A800                          ,    4,         0,0,20190105 11:34:37,                              , 9999, 9999, 9999, 9999,32767,     0,     0
 ED5.2,3600124                       ,5122                          ,MILAGRO DE J CUE    ,3635      ,                ,  101,                    ,                              , 0,2,20190105 11:35:06,    0,         0,        35,10866,   82,  101,2,                ,0010000,2, 1,         0,    0,1000000000000000000000000000000000000000,0000000000000000000000010000000000001000,         0,         0,         0,         0,1, 0, 0, 0,3600124                       ,    0,         0,0,20190105 11:34:31,5122                          , 9999, 9999, 9999,  101,32767,     0,     0
 ED5.2,033165374685                  ,2020                          ,ESTEFANI XIO MON    ,4635      ,                ,  101,                    ,                              , 4,2,20190105 11:36:23,    0,         0,        72,  310,   65,  101,2,                ,0000000,3, 0,         0,    0,0000000000000000000000000000000000000000,0000000000000000000000010000000000000000,         0,         0,         0,         0,1, 0, 0, 0,A600                          ,   73,         0,0,20190105 11:35:11,                              , 9999, 9999, 9999, 9999,32767,     0,     0
 ED5.2,1447                          ,1748                          ,                    ,1741      ,                ,  101,                    ,                              ,14,0,20190105 11:38:01,    0,         0,         0,65535,65535, 9999,2,                ,0000000,0, 0,         0,    0,0000000000000000000000000000000000000000,0000000000000000000000000000000000000000,         0,         0,         0,         0,1, 0, 0, 0,1447                          ,    0,         0,0,20190105 11:38:01,1748                          ,  101, 9999,  101,  101,    0,     0,     0
 ED5.2,1444                          ,2067                          ,                    ,4632      ,                ,  101,                    ,                              ,14,0,20190105 11:40:13,    0,         0,        83,65535,65535, 9999,2,                ,0000000,0, 0,         0,    0,0000000000000000000000000000000000000000,0000000000000000000000000000000000000000,         0,         0,         0,         0,1, 0, 0, 0,1444                          ,    0,        83,0,20190105 11:38:50,2067                          ,  101, 9999,  101,  101,    0,     0,     0
 ED5.2,663226498718                  ,1502                          ,DIEGO ALEJAN SAN    ,1952      ,                ,  101,                    ,                              , 4,2,20190105 11:40:27,    0,         0,        96,  120,   20,  101,2,                ,0000000,2, 0,         0,    0,0000000000000000000000000000000000000000,0000000000000000000000010000000000000000,         0,         0,         0,         0,1, 0, 0, 0,A800                          ,   97,         0,1,20190105 11:38:51,                              , 9999, 9999, 9999, 9999,32767,     0,     0
 ED5.2,87263197                      ,1291                          ,LAURA YAMILE PRA    ,1952      ,                ,  101,                    ,                              , 4,2,20190105 11:41:35,    0,         0,       104,  121,   20,  101,2,                ,0000000,3, 0,         0,    0,0000000000000000000000000000000000000000,0000000000000000000000010000000000000000,         0,         0,         0,         0,1, 0, 0, 0,A800                          ,  104,         0,1,20190105 11:39:51,                              , 9999, 9999, 9999, 9999,32767,     0,     0
 ED5.2,663226498718                  ,1502                          ,DIEGO ALEJAN SAN    ,1952      ,                ,  101,                    ,                              , 4,2,20190105 11:41:42,    0,         0,        68,  120,   20,  101,2,                ,0000000,2, 0,         0,    0,0000000000000000000000000000000000000000,0000000000000000000000010000000000000000,         0,         0,         0,         0,1, 0, 0, 0,A800                          ,   68,         0,1,20190105 11:40:34,                              , 9999, 9999, 9999, 9999,32767,     0,     0
 ED5.2,0744034750                    ,4046                          ,SANTIAGO LOPEZ G    ,2952      ,                ,  101,                    ,                              , 4,2,20190105 11:41:57,    0,         0,        53,10446,   15,  101,2,                ,0000000,2, 0,         0,    0,0000000000000000000000000000000000000000,0000000000000000000000010000000000000000,         0,         0,         0,         0,1, 0, 0, 0,A800                          ,   54,         0,1,20190105 11:41:04,                              , 9999, 9999, 9999, 9999,32767,     0,     0
 ED5.2,1867                          ,1369                          ,                    ,1632      ,                ,  101,                    ,                              ,14,0,20190105 11:42:17,    0,         0,         0,65535,65535, 9999,2,                ,0000000,0, 0,         0,    0,0000000000000000000000000000000000000000,0000000000000000000000000000000000000000,         0,         0,         0,         0,1, 0, 0, 0,1867                          ,    0,         0,0,20190105 11:42:17,1369                          ,  101, 9999,  101,  101,    0,     0,     0
 ED5.2,1217                          ,1369                          ,                    ,1632      ,                ,  101,                    ,                              ,14,0,20190105 11:42:33,    0,         0,         0,65535,65535, 9999,2,                ,0000000,0, 0,         0,    0,0000000000000000000000000000000000000000,0000000000000000000000000000000000000000,         0,         0,         0,         0,1, 0, 0, 0,1867                          ,    0,         0,1,20190105 11:42:33,1369                          ,  101, 9999,  101,  101,    0,     0,     0
 ED5.2,1322                          ,1369                          ,                    ,1632      ,                ,  101,                    ,                              ,14,0,20190105 11:42:48,    0,         0,         0,65535,65535, 9999,2,                ,0000000,0, 0,         0,    0,0000000000000000000000000000000000000000,0000000000000000000000000000000000000000,         0,         0,         0,         0,1, 0, 0, 0,1867                          ,    0,         0,1,20190105 11:42:48,1369                          ,  101, 9999,  101,  101,    0,     0,     0
 ED5.2,3860111                       ,5140                          ,ISYS CAROLIN NAV    ,3632      ,                ,  101,                    ,                              , 0,2,20190105 11:42:54,    0,         0,      3375,10865,   82,  101,2,                ,0010000,2, 1,         0,    0,1000000000000000000000000000000000000000,0000000000000000000000010000000000001000,         0,         0,         0,         0,1, 0, 0, 0,3860111                       ,    0,         0,0,20190105 10:46:39,5140                          , 9999, 9999, 9999,  101,32767,     0,     0
 ED5.2,1216                          ,1369                          ,                    ,1632      ,                ,  101,                    ,                              ,14,0,20190105 11:43:00,    0,         0,         0,65535,65535, 9999,2,                ,0000000,0, 0,         0,    0,0000000000000000000000000000000000000000,0000000000000000000000000000000000000000,         0,         0,         0,         0,1, 0, 0, 0,1867                          ,    0,         0,1,20190105 11:43:00,1369                          ,  101, 9999,  101,  101,    0,     0,     0
 ED5.2,7428383                       ,3202                          ,DEISY MONCADA       ,1365      ,                ,  101,                    ,                              , 0,2,20190105 11:43:12,    0,         0,        52,10866,   82,  101,2,                ,0010000,2, 1,         0,    0,1000000000000000000000000000000000000000,0000000000000000000000010000000000001000,         0,         0,         0,         0,1, 0, 0, 0,7428383                       ,    0,         0,0,20190105 11:42:20,3202                          , 9999, 9999, 9999,  101,32767,     0,     0
 ED5.2,4718077                       ,1444                          ,SANDRA YAMIL BAL    ,1632      ,                ,  101,                    ,                              , 0,2,20190105 11:46:17,    0,         0,         0,10001,   11,  101,2,                ,0010000,2, 1,         0,    0,1000000000000000000000000000000000000000,0000000000000000000000010000000000001000,         0,         0,         0,         0,1, 0, 0, 0,4718077                       ,    0,         0,0,20190105 11:46:17,1444                          , 9999, 9999, 9999,  101,32767,     0,     0
 ED5.2,663208899508                  ,3400                          ,SARA VILLA RA       ,2675      ,                ,  101,                    ,                              , 4,2,20190105 11:46:55,    0,         0,        67,11361,  201,  101,2,                ,0000000,2, 0,         0,    0,0000000000000000000000000000000000000000,0000000000000000000000010000000000000000,         0,         0,         0,         0,1, 0, 0, 0,7764                          ,   67,         0,0,20190105 11:45:48,                              , 9999, 9999, 9999, 9999,32767,     0,     0
 ED5.2,5148                          ,5136                          ,                    ,3635      ,                ,  101,                    ,                              ,14,0,20190105 11:50:28,    0,         0,         0,65535,65535, 9999,2,                ,0000000,0, 0,         0,    0,0000000000000000000000000000000000000000,0000000000000000000000000000000000000000,         0,         0,         0,         0,1, 0, 0, 0,5148                          ,    0,         0,0,20190105 11:50:28,5136                          ,  101, 9999,  101,  101,    0,     0,     0
 ED5.2,5140                          ,5136                          ,                    ,3635      ,                ,  101,                    ,                              ,14,0,20190105 11:50:31,    0,         0,         0,65535,65535, 9999,2,                ,0000000,0, 0,         0,    0,0000000000000000000000000000000000000000,0000000000000000000000000000000000000000,         0,         0,         0,         0,1, 0, 0, 0,5140                          ,    0,         0,0,20190105 11:50:31,5136                          ,  101, 9999,  101,  101,    0,     0,     0
 ED5.2,5148                          ,5136                          ,                    ,3635      ,                ,  101,                    ,                              ,14,0,20190105 11:50:43,    0,         0,         8,65535,65535, 9999,2,                ,0000000,0, 0,         0,    0,0000000000000000000000000000000000000000,0000000000000000000000000000000000000000,         0,         0,         0,         0,1, 0, 0, 0,5148                          ,    0,         8,0,20190105 11:50:35,5136                          ,  101, 9999,  101,  101,    0,     0,     0
 ED5.2,87263197                      ,1291                          ,LAURA YAMILE PRA    ,1952      ,                ,  101,                    ,                              , 4,2,20190105 11:51:20,    0,         0,        53,  120,   20,  101,2,                ,0000000,3, 0,         0,    0,0000000000000000000000000000000000000000,0000000000000000000000010000000000000000,         0,         0,         0,         0,1, 0, 0, 0,A800                          ,   53,         0,1,20190105 11:50:27,                              , 9999, 9999, 9999, 9999,32767,     0,     0
 ED5.2,5164                          ,5122                          ,                    ,3635      ,                ,  101,                    ,                              ,14,0,20190105 11:52:10,    0,         0,        15,65535,65535, 9999,2,                ,0000000,0, 0,         0,    0,0000000000000000000000000000000000000000,0000000000000000000000000000000000000000,         0,         0,         0,         0,1, 0, 0, 0,5164                          ,    0,        15,0,20190105 11:51:55,5122                          ,  101, 9999,  101,  101,    0,     0,     0
 ED5.2,3228338                       ,4046                          ,SANTIAGO LOPEZ G    ,2952      ,                ,  101,                    ,                              , 0,2,20190105 11:53:46,    0,         0,         0,10446,   15,  101,2,                ,0010000,2, 1,         0,    0,1000000000000000000000000000000000000000,0000000000000000000000010000000000001000,         0,         0,         0,         0,1, 0, 0, 0,3228338                       ,    0,         0,0,20190105 11:53:46,4046                          , 9999, 9999, 9999,  101,32767,     0,     0
 ED5.2,5136                          ,5148                          ,                    ,3952      ,                ,  101,                    ,                              ,14,0,20190105 11:53:59,    0,         0,         0,65535,65535, 9999,2,                ,0000000,0, 0,         0,    0,0000000000000000000000000000000000000000,0000000000000000000000000000000000000000,         0,         0,         0,         0,1, 0, 0, 0,5136                          ,    0,         0,0,20190105 11:53:59,5148                          ,  101, 9999,  101,  101,    0,     0,     0
 ED5.2,5100                          ,5148                          ,                    ,3952      ,                ,  101,                    ,                              ,14,0,20190105 11:54:01,    0,         0,         0,65535,65535, 9999,2,                ,0000000,0, 0,         0,    0,0000000000000000000000000000000000000000,0000000000000000000000000000000000000000,         0,         0,         0,         0,1, 0, 0, 0,5136                          ,    0,         0,1,20190105 11:54:01,5148                          ,  101, 9999,  101,  101,    0,     0,     0
 ED5.2,4775222                       ,1452                          ,WEIMEER MIGU HER    ,1632      ,                ,  101,                    ,                              , 0,2,20190105 11:54:05,    0,         0,        56,10001,   11,  101,2,                ,0010000,2, 1,         0,    0,1000000000000000000000000000000000000000,0000000000000000000000010000000000001000,         0,         0,         0,         0,1, 0, 0, 0,4775222                       ,    0,         0,0,20190105 11:53:09,1452                          , 9999, 9999, 9999,  101,32767,     0,     0
 ED5.2,6398080                       ,1014                          ,RECEPCION LO COU    ,1635      ,                ,  101,                    ,                              , 4,2,20190105 11:54:53,    0,         0,        67,  120,   20,  101,2,                ,0000000,2, 0,         0,    0,0000000000000000000000000000000000000000,0000000000000000000000010000000000000000,         0,         0,         0,         0,1, 0, 0, 0,A800                          ,   67,         0,1,20190105 11:53:46,                              , 9999, 9999, 9999, 9999,32767,     0,     0
 ED5.2,4025                          ,4009                          ,                    ,2632      ,                ,  101,                    ,                              ,14,0,20190105 11:55:18,    0,         0,         0,65535,65535, 9999,2,                ,0000000,0, 0,         0,    0,0000000000000000000000000000000000000000,0000000000000000000000000000000000000000,         0,         0,         0,         0,1, 0, 0, 0,4025                          ,    0,         0,0,20190105 11:55:18,4009                          ,  101, 9999,  101,  101,    0,     0,     0
 ED5.2,4028                          ,4009                          ,                    ,2632      ,                ,  101,                    ,                              ,14,0,20190105 11:55:33,    0,         0,         0,65535,65535, 9999,2,                ,0000000,0, 0,         0,    0,0000000000000000000000000000000000000000,0000000000000000000000000000000000000000,         0,         0,         0,         0,1, 0, 0, 0,4025                          ,    0,         0,1,20190105 11:55:33,4009                          ,  101, 9999,  101,  101,    0,     0,     0
 ED5.2,4025                          ,4009                          ,                    ,2632      ,                ,  101,                    ,                              ,14,0,20190105 11:55:38,    0,         0,         0,65535,65535, 9999,2,                ,0000000,0, 0,         0,    0,0000000000000000000000000000000000000000,0000000000000000000000000000000000000000,         0,         0,         0,         0,1, 0, 0, 0,4025                          ,    0,         0,1,20190105 11:55:38,4009                          ,  101, 9999,  101,  101,    0,     0,     0
 ED5.2,4025                          ,4009                          ,                    ,2632      ,                ,  101,                    ,                              ,14,0,20190105 11:56:38,    0,         0,         0,65535,65535, 9999,2,                ,0000000,0, 0,         0,    0,0000000000000000000000000000000000000000,0000000000000000000000000000000000000000,         0,         0,         0,         0,1, 0, 0, 0,4025                          ,    0,         0,0,20190105 11:56:38,4009                          ,  101, 9999,  101,  101,    0,     0,     0
 ED5.2,5936464                       ,1524                          ,JOHAN SEBAST CAR    ,1952      ,                ,  101,                    ,                              , 0,2,20190105 11:57:21,    0,         0,        31,10001,   11,  101,2,                ,0010000,2, 1,         0,    0,1000000000000000000000000000000000000000,0000000000000000000000010000000000001000,         0,         0,         0,         0,1, 0, 0, 0,5936464                       ,    0,         0,0,20190105 11:56:50,1524                          , 9999, 9999, 9999,  101,32767,     0,     0
 ED5.2,2065                          ,2031                          ,                    ,4952      ,                ,  101,                    ,                              ,14,0,20190105 11:58:01,    0,         0,         0,65535,65535, 9999,2,                ,0000000,0, 0,         0,    0,0000000000000000000000000000000000000000,0000000000000000000000000000000000000000,         0,         0,         0,         0,1, 0, 0, 0,2090                          ,    0,         0,1,20190105 11:58:01,2031                          ,  101, 9999,  101,  101,    0,     0,     0
 ED5.2,2063                          ,2031                          ,                    ,4952      ,                ,  101,                    ,                              ,14,0,20190105 11:58:29,    0,         0,        18,65535,65535, 9999,2,                ,0000000,0, 0,         0,    0,0000000000000000000000000000000000000000,0000000000000000000000000000000000000000,         0,         0,         0,         0,1, 0, 0, 0,2063                          ,    0,        18,0,20190105 11:58:11,2031                          ,  101, 9999,  101,  101,    0,     0,     0
 ED5.2,2093                          ,2031                          ,                    ,4952      ,                ,  101,                    ,                              ,14,0,20190105 11:58:53,    0,         0,        18,65535,65535, 9999,2,                ,0000000,0, 0,         0,    0,0000000000000000000000000000000000000000,0000000000000000000000000000000000000000,         0,         0,         0,         0,1, 0, 0, 0,2093                          ,    0,        18,0,20190105 11:58:35,2031                          ,  101, 9999,  101,  101,    0,     0,     0
 ED5.2,1444                          ,2067                          ,                    ,4632      ,                ,  101,                    ,                              ,14,0,20190105 12:00:09,    0,         0,       174,65535,65535, 9999,2,                ,0000000,0, 0,         0,    0,0000000000000000000000000000000000000000,0000000000000000000000000000000000000000,         0,         0,         0,         0,1, 0, 0, 0,1444                          ,    0,       174,0,20190105 11:57:15,2067                          ,  101, 9999,  101,  101,    0,     0,     0
