 ED5.2,3776330                       ,3501                          ,RECEPCION AUXILI    ,4675      ,                ,  101,                    ,                              , 4,2,20181124 12:04:16,    0,         0,        56,  301,   65,  101,2,                ,0000000,3, 0,         0,    0,0000000000000000000000000000000000000000,0000000000000000000000010000000000000000,         0,         0,         0,         0,1, 0, 0, 0,A600                          ,   57,         0,1,20181124 12:03:20,                              , 9999, 9999, 9999, 9999,32767,     0,     0
 ED5.2,                              ,FS083                         ,fidumaniza          ,          ,                ,  101,                    ,                              , 4,1,20181124 12:04:18,    0,         0,        16,   96,   83,  101,2,                ,0000000,0, 0,         0,    0,0000000000000000000000000000000000000000,0000000000000000000000010000000000000000,         0,         0,         0,         0,1, 0, 0, 0,                              ,   17,         0,1,20181124 12:04:02,                              , 9999, 9999, 9999, 9999,32767,     0,     0
 ED5.2,663185215466                  ,1600                          ,RECEPCION COUNTR    ,1635      ,                ,  101,                    ,                              , 4,2,20181124 12:05:29,    0,         0,        33,  121,   20,  101,2,                ,0000000,2, 1,         0,    0,0000000000000000000000000000000000000000,0000000000000000000000010000000000000000,         0,         0,         0,         0,1, 0, 0, 0,A800                          ,   34,         0,1,20181124 12:04:56,                              , 9999, 9999, 9999, 9999,32767,     0,     0
 ED5.2,663112256196                  ,FS020                         ,ETB                 ,          ,                ,  101,                    ,                              , 4,2,20181124 12:06:26,    0,         0,        28,  121,   20,  101,2,                ,0000000,2, 1,         0,    0,0000000000000000000000000000000000000000,0000000000000000000000010000000000000000,         0,         0,         0,         0,1, 0, 0, 0,A800                          ,   28,         0,1,20181124 12:05:58,                              , 9999, 9999, 9999, 9999,32767,     0,     0
 ED5.2,9190                          ,1340                          ,RECEPCION MORATO    ,1635      ,                ,  101,                    ,                              , 4,2,20181124 12:06:30,    0,         0,       120,  120,   20,  101,2,                ,0000000,3, 0,         0,    0,0000000000000000000000000000000000000000,0000000000000000000000010000000000000000,         0,         0,         0,         0,1, 0, 0, 0,A800                          ,  121,         0,1,20181124 12:04:30,                              , 9999, 9999, 9999, 9999,32767,     0,     0
 ED5.2,6398080                       ,1014                          ,RECEPCION LO COU    ,1635      ,                ,  101,                    ,                              , 4,2,20181124 12:08:20,    0,         0,        68,  120,   20,  101,2,                ,0000000,2, 0,         0,    0,0000000000000000000000000000000000000000,0000000000000000000000010000000000000000,         0,         0,         0,         0,1, 0, 0, 0,A800                          ,   69,         0,1,20181124 12:07:12,                              , 9999, 9999, 9999, 9999,32767,     0,     0
 ED5.2,3776330                       ,3501                          ,RECEPCION AUXILI    ,4675      ,                ,  101,                    ,                              , 4,2,20181124 12:09:45,    0,         0,        93,  302,   65,  101,2,                ,0000000,3, 0,         0,    0,0000000000000000000000000000000000000000,0000000000000000000000010000000000000000,         0,         0,         0,         0,1, 0, 0, 0,A600                          ,   93,         0,1,20181124 12:08:12,                              , 9999, 9999, 9999, 9999,32767,     0,     0
 ED5.2,68931057                      ,FS082                         ,SIPsalida           ,          ,                ,  101,                    ,                              , 4,2,20181124 12:13:56,    0,         0,         3, 2815,   82,  101,2,                ,0000000,2, 0,         0,    0,0000000000000000000000000000000000000000,0000000000000000000000010000000000000000,         0,         0,         0,         0,1, 0, 0, 0,A500                          ,    3,         0,0,20181124 12:13:53,                              , 9999, 9999, 9999, 9999,32767,     0,     0
 ED5.2,7466099                       ,FS020                         ,ETB                 ,          ,                ,  101,                    ,                              , 4,2,20181124 12:21:55,    0,         0,        31,  120,   20,  101,2,                ,0000000,3, 0,         0,    0,0000000000000000000000000000000000000000,0000000000000000000000010000000000000000,         0,         0,         0,         0,1, 0, 0, 0,A800                          ,   31,         0,1,20181124 12:21:24,                              , 9999, 9999, 9999, 9999,32767,     0,     0
 ED5.2,5801311                       ,1557                          ,LINA MARIA BEDOY    ,1635      ,                ,  101,                    ,                              , 4,2,20181124 12:22:53,    0,         0,        67,  121,   20,  101,2,                ,0000000,3, 0,         0,    0,0000000000000000000000000000000000000000,0000000000000000000000010000000000000000,         0,         0,         0,         0,1, 0, 0, 0,A800                          ,   68,         0,1,20181124 12:21:46,                              , 9999, 9999, 9999, 9999,32767,     0,     0
 ED5.2,53561744                      ,FS082                         ,SIPsalida           ,          ,                ,  101,                    ,                              , 4,2,20181124 12:27:59,    0,         0,        26, 2815,   82,  101,2,                ,0000000,2, 0,         0,    0,0000000000000000000000000000000000000000,0000000000000000000000010000000000000000,         0,         0,         0,         0,1, 0, 0, 0,A900                          ,   26,         0,0,20181124 12:27:33,                              , 9999, 9999, 9999, 9999,32767,     0,     0
 ED5.2,6954270                       ,1414                          ,WENDY YOLANN ROD    ,1952      ,                ,  101,                    ,                              , 4,2,20181124 12:32:44,    0,         0,       113,  120,   20,  101,2,                ,0000000,3, 0,         0,    0,0000000000000000000000000000000000000000,0000000000000000000000010000000000000000,         0,         0,         0,         0,1, 0, 0, 0,A800                          ,  113,         0,1,20181124 12:30:51,                              , 9999, 9999, 9999, 9999,32767,     0,     0
 ED5.2,663184461003                  ,1600                          ,RECEPCION COUNTR    ,1635      ,                ,  101,                    ,                              , 4,2,20181124 12:45:20,    0,         0,       223,  120,   20,  101,2,                ,0000000,2, 0,         0,    0,0000000000000000000000000000000000000000,0000000000000000000000010000000000000000,         0,         0,         0,         0,1, 0, 0, 0,A800                          ,  223,         0,1,20181124 12:41:37,                              , 9999, 9999, 9999, 9999,32767,     0,     0
 ED5.2,663209623120                  ,FS082                         ,SIPsalida           ,          ,                ,  101,                    ,                              , 4,2,20181124 12:47:12,    0,         0,        78, 2815,   82,  101,2,                ,0000000,2, 0,         0,    0,0000000000000000000000000000000000000000,0000000000000000000000010000000000000000,         0,         0,         0,         0,1, 0, 0, 0,7755                          ,   78,         0,1,20181124 12:45:54,                              , 9999, 9999, 9999, 9999,32767,     0,     0
 ED5.2,663209623120                  ,FS082                         ,SIPsalida           ,          ,                ,  101,                    ,                              , 4,2,20181124 12:48:27,    0,         0,        34, 2815,   82,  101,2,                ,0000000,2, 0,         0,    0,0000000000000000000000000000000000000000,0000000000000000000000010000000000000000,         0,         0,         0,         0,1, 0, 0, 0,7755                          ,   34,         0,1,20181124 12:47:53,                              , 9999, 9999, 9999, 9999,32767,     0,     0
 ED5.2,663209623120                  ,FS082                         ,SIPsalida           ,          ,                ,  101,                    ,                              , 4,2,20181124 12:49:31,    0,         0,        51, 2815,   82,  101,2,                ,0000000,2, 0,         0,    0,0000000000000000000000000000000000000000,0000000000000000000000010000000000000000,         0,         0,         0,         0,1, 0, 0, 0,7755                          ,   51,         0,1,20181124 12:48:40,                              , 9999, 9999, 9999, 9999,32767,     0,     0
 ED5.2,663186406045                  ,1340                          ,RECEPCION MORATO    ,1635      ,                ,  101,                    ,                              , 4,2,20181124 12:50:05,    0,         0,        88,  120,   20,  101,2,                ,0000000,3, 0,         0,    0,0000000000000000000000000000000000000000,0000000000000000000000010000000000000000,         0,         0,         0,         0,1, 0, 0, 0,A800                          ,   88,         0,1,20181124 12:48:37,                              , 9999, 9999, 9999, 9999,32767,     0,     0
 ED5.2,663132137096                  ,FS020                         ,ETB                 ,          ,                ,  101,                    ,                              , 4,2,20181124 12:52:14,    0,         0,         7,  120,   20,  101,2,                ,0000000,3, 0,         0,    0,0000000000000000000000000000000000000000,0000000000000000000000010000000000000000,         0,         0,         0,         0,1, 0, 0, 0,A800                          ,    8,         0,0,20181124 12:52:07,                              , 9999, 9999, 9999, 9999,32767,     0,     0
 ED5.2,7420719                       ,FS020                         ,ETB                 ,          ,                ,  101,                    ,                              , 4,2,20181124 12:54:15,    0,         0,         3,  121,   20,  101,2,                ,0000000,3, 0,         0,    0,0000000000000000000000000000000000000000,0000000000000000000000010000000000000000,         0,         0,         0,         0,1, 0, 0, 0,A800                          ,    4,         0,0,20181124 12:54:12,                              , 9999, 9999, 9999, 9999,32767,     0,     0
 ED5.2,1237                          ,1736                          ,                    ,1635      ,                ,  101,                    ,                              ,14,0,20181124 12:54:29,    0,         0,         0,65535,65535, 9999,2,                ,0000000,0, 0,         0,    0,0000000000000000000000000000000000000000,0000000000000000000000000000000000000000,         0,         0,         0,         0,1, 0, 0, 0,1237                          ,    0,         0,0,20181124 12:54:29,1736                          ,  101, 9999,  101,  101,    0,     0,     0
 ED5.2,663132137096                  ,1340                          ,RECEPCION MORATO    ,1635      ,                ,  101,                    ,                              , 4,2,20181124 12:54:30,    0,         0,        93,  120,   20,  101,2,                ,0000000,3, 0,         0,    0,0000000000000000000000000000000000000000,0000000000000000000000010000000000000000,         0,         0,         0,         0,1, 0, 0, 0,A800                          ,   93,         0,1,20181124 12:52:57,                              , 9999, 9999, 9999, 9999,32767,     0,     0
 ED5.2,1446                          ,1736                          ,                    ,1635      ,                ,  101,                    ,                              ,14,0,20181124 12:54:45,    0,         0,         0,65535,65535, 9999,2,                ,0000000,0, 0,         0,    0,0000000000000000000000000000000000000000,0000000000000000000000000000000000000000,         0,         0,         0,         0,1, 0, 0, 0,1237                          ,    0,         0,1,20181124 12:54:45,1736                          ,  101, 9999,  101,  101,    0,     0,     0
 ED5.2,1307                          ,1736                          ,                    ,1635      ,                ,  101,                    ,                              ,14,0,20181124 12:55:00,    0,         0,         0,65535,65535, 9999,2,                ,0000000,0, 0,         0,    0,0000000000000000000000000000000000000000,0000000000000000000000000000000000000000,         0,         0,         0,         0,1, 0, 0, 0,1237                          ,    0,         0,1,20181124 12:55:00,1736                          ,  101, 9999,  101,  101,    0,     0,     0
 ED5.2,1446                          ,1736                          ,                    ,1635      ,                ,  101,                    ,                              ,14,0,20181124 12:55:10,    0,         0,         0,65535,65535, 9999,2,                ,0000000,0, 0,         0,    0,0000000000000000000000000000000000000000,0000000000000000000000000000000000000000,         0,         0,         0,         0,1, 0, 0, 0,1237                          ,    0,         0,1,20181124 12:55:10,1736                          ,  101, 9999,  101,  101,    0,     0,     0
 ED5.2,1236                          ,1736                          ,                    ,1635      ,                ,  101,                    ,                              ,14,0,20181124 12:55:22,    0,         0,         8,65535,65535, 9999,2,                ,0000000,0, 0,         0,    0,0000000000000000000000000000000000000000,0000000000000000000000000000000000000000,         0,         0,         0,         0,1, 0, 0, 0,1236                          ,    0,         8,0,20181124 12:55:14,1736                          ,  101, 9999,  101,  101,    0,     0,     0
 ED5.2,663132137096                  ,1600                          ,RECEPCION COUNTR    ,1635      ,                ,  101,                    ,                              , 4,2,20181124 13:02:05,    0,         0,       127,  120,   20,  101,2,                ,0000000,3, 0,         0,    0,0000000000000000000000000000000000000000,0000000000000000000000010000000000000000,         0,         0,         0,         0,1, 0, 0, 0,A800                          ,  127,         0,1,20181124 12:59:58,                              , 9999, 9999, 9999, 9999,32767,     0,     0
