 ED5.2,1312                          ,1532                          ,                    ,1632      ,                ,  101,                    ,                              ,14,0,20190117 20:09:12,    0,         0,         0,65535,65535, 9999,2,                ,0000000,0, 0,         0,    0,0000000000000000000000000000000000000000,0000000000000000000000000000000000000000,         0,         0,         0,         0,1, 0, 0, 0,1312                          ,    0,         0,0,20190117 20:09:12,1532                          ,  101, 9999,  101,  101,    0,     0,     0
 ED5.2,1340                          ,1475                          ,                    ,1154      ,                ,  101,                    ,                              ,14,0,20190117 20:09:13,    0,         0,        72,65535,65535, 9999,2,                ,0000000,0, 0,         0,    0,0000000000000000000000000000000000000000,0000000000000000000000000000000000000000,         0,         0,         0,         0,1, 0, 0, 0,1340                          ,    0,        72,0,20190117 20:08:01,1475                          ,  101, 9999,  101,  101,    0,     0,     0
 ED5.2,1585                          ,1582                          ,                    ,1949      ,                ,  101,                    ,                              ,14,0,20190117 20:09:31,    0,         0,         0,65535,65535, 9999,2,                ,0000000,0, 0,         0,    0,0000000000000000000000000000000000000000,0000000000000000000000000000000000000000,         0,         0,         0,         0,1, 0, 0, 0,1585                          ,    0,         0,0,20190117 20:09:31,1582                          ,  101, 9999,  101,  101,    0,     0,     0
 ED5.2,1206                          ,1582                          ,                    ,1949      ,                ,  101,                    ,                              ,14,0,20190117 20:09:39,    0,         0,         0,65535,65535, 9999,2,                ,0000000,0, 0,         0,    0,0000000000000000000000000000000000000000,0000000000000000000000000000000000000000,         0,         0,         0,         0,1, 0, 0, 0,1585                          ,    0,         0,1,20190117 20:09:39,1582                          ,  101, 9999,  101,  101,    0,     0,     0
 ED5.2,1469                          ,1736                          ,                    ,1635      ,                ,  101,                    ,                              ,14,0,20190117 20:10:02,    0,         0,         0,65535,65535, 9999,2,                ,0000000,0, 0,         0,    0,0000000000000000000000000000000000000000,0000000000000000000000000000000000000000,         0,         0,         0,         0,1, 0, 0, 0,1469                          ,    0,         0,0,20190117 20:10:02,1736                          ,  101, 9999,  101,  101,    0,     0,     0
 ED5.2,1369                          ,1736                          ,                    ,1635      ,                ,  101,                    ,                              ,14,0,20190117 20:10:19,    0,         0,         0,65535,65535, 9999,2,                ,0000000,0, 0,         0,    0,0000000000000000000000000000000000000000,0000000000000000000000000000000000000000,         0,         0,         0,         0,1, 0, 0, 0,1369                          ,    0,         0,0,20190117 20:10:19,1736                          ,  101, 9999,  101,  101,    0,     0,     0
 ED5.2,1233                          ,1736                          ,                    ,1635      ,                ,  101,                    ,                              ,14,0,20190117 20:10:20,    0,         0,         0,65535,65535, 9999,2,                ,0000000,0, 0,         0,    0,0000000000000000000000000000000000000000,0000000000000000000000000000000000000000,         0,         0,         0,         0,1, 0, 0, 0,1369                          ,    0,         0,1,20190117 20:10:20,1736                          ,  101, 9999,  101,  101,    0,     0,     0
 ED5.2,1343                          ,1736                          ,                    ,1635      ,                ,  101,                    ,                              ,14,0,20190117 20:10:34,    0,         0,         7,65535,65535, 9999,2,                ,0000000,0, 0,         0,    0,0000000000000000000000000000000000000000,0000000000000000000000000000000000000000,         0,         0,         0,         0,1, 0, 0, 0,1343                          ,    0,         7,0,20190117 20:10:27,1736                          ,  101, 9999,  101,  101,    0,     0,     0
 ED5.2,1409                          ,1736                          ,                    ,1635      ,                ,  101,                    ,                              ,14,0,20190117 20:10:57,    0,         0,         6,65535,65535, 9999,2,                ,0000000,0, 0,         0,    0,0000000000000000000000000000000000000000,0000000000000000000000000000000000000000,         0,         0,         0,         0,1, 0, 0, 0,1409                          ,    0,         6,0,20190117 20:10:51,1736                          ,  101, 9999,  101,  101,    0,     0,     0
 ED5.2,1369                          ,1736                          ,                    ,1635      ,                ,  101,                    ,                              ,14,0,20190117 20:11:29,    0,         0,         5,65535,65535, 9999,2,                ,0000000,0, 0,         0,    0,0000000000000000000000000000000000000000,0000000000000000000000000000000000000000,         0,         0,         0,         0,1, 0, 0, 0,1369                          ,    0,         5,0,20190117 20:11:24,1736                          ,  101, 9999,  101,  101,    0,     0,     0
 ED5.2,3107                          ,1736                          ,                    ,1635      ,                ,  101,                    ,                              ,14,0,20190117 20:12:42,    0,         0,         0,65535,65535, 9999,2,                ,0000000,0, 0,         0,    0,0000000000000000000000000000000000000000,0000000000000000000000000000000000000000,         0,         0,         0,         0,1, 0, 0, 0,3107                          ,    0,         0,0,20190117 20:12:42,1736                          ,  101, 9999,  101,  101,    0,     0,     0
 ED5.2,3136                          ,1736                          ,                    ,1635      ,                ,  101,                    ,                              ,14,0,20190117 20:12:50,    0,         0,         4,65535,65535, 9999,2,                ,0000000,0, 0,         0,    0,0000000000000000000000000000000000000000,0000000000000000000000000000000000000000,         0,         0,         0,         0,1, 0, 0, 0,3107                          ,    0,         4,1,20190117 20:12:46,1736                          ,  101, 9999,  101,  101,    0,     0,     0
 ED5.2,1219                          ,3107                          ,                    ,1672      ,                ,  101,                    ,                              ,14,0,20190117 20:13:57,    0,         0,        24,65535,65535, 9999,2,                ,0000000,0, 0,         0,    0,0000000000000000000000000000000000000000,0000000000000000000000000000000000000000,         0,         0,         0,         0,1, 0, 0, 0,1219                          ,    0,        24,0,20190117 20:13:33,3107                          ,  101, 9999,  101,  101,    0,     0,     0
 ED5.2,4615720                       ,1495                          ,YESSICA PATR URR    ,1952      ,                ,  101,                    ,                              , 0,2,20190117 20:14:53,    0,         0,       321,10001,   11,  101,2,                ,0010000,2, 1,         0,    0,1000000000000000000000000000000000000000,0000000000000000000000010000000000001000,         0,         0,         0,         0,1, 0, 0, 0,4615720                       ,    0,         0,0,20190117 20:09:32,1495                          , 9999, 9999, 9999,  101,32767,     0,     0
 ED5.2,1356                          ,3248                          ,                    ,1597      ,                ,  101,                    ,                              ,14,0,20190117 20:15:47,    0,         0,         2,65535,65535, 9999,2,                ,0000000,0, 0,         0,    0,0000000000000000000000000000000000000000,0000000000000000000000000000000000000000,         0,         0,         0,         0,1, 0, 0, 0,1356                          ,    0,         2,0,20190117 20:15:45,3248                          ,  101, 9999,  101,  101,    0,     0,     0
 ED5.2,6604869                       ,1334                          ,CAJERO RECAUDO      ,1949      ,                ,  101,                    ,                              , 0,2,20190117 20:17:00,    0,         0,       116,10001,   11,  101,2,                ,0010000,2, 1,         0,    0,1000000000000000000000000000000000000000,0000000000000000000000010000000000001000,         0,         0,         0,         0,1, 0, 0, 0,6604869                       ,    0,         0,0,20190117 20:15:04,1334                          , 9999, 9999, 9999,  101,32767,     0,     0
 ED5.2,3136                          ,3269                          ,                    ,1979      ,                ,  101,                    ,                              ,14,0,20190117 20:20:12,    0,         0,         0,65535,65535, 9999,2,                ,0000000,0, 0,         0,    0,0000000000000000000000000000000000000000,0000000000000000000000000000000000000000,         0,         0,         0,         0,1, 0, 0, 0,3136                          ,    0,         0,0,20190117 20:20:12,3269                          ,  101, 9999,  101,  101,    0,     0,     0
 ED5.2,3107                          ,3269                          ,                    ,1979      ,                ,  101,                    ,                              ,14,0,20190117 20:20:27,    0,         0,         0,65535,65535, 9999,2,                ,0000000,0, 0,         0,    0,0000000000000000000000000000000000000000,0000000000000000000000000000000000000000,         0,         0,         0,         0,1, 0, 0, 0,3136                          ,    0,         0,1,20190117 20:20:27,3269                          ,  101, 9999,  101,  101,    0,     0,     0
 ED5.2,3136                          ,3269                          ,                    ,1979      ,                ,  101,                    ,                              ,14,0,20190117 20:20:29,    0,         0,         0,65535,65535, 9999,2,                ,0000000,0, 0,         0,    0,0000000000000000000000000000000000000000,0000000000000000000000000000000000000000,         0,         0,         0,         0,1, 0, 0, 0,3136                          ,    0,         0,1,20190117 20:20:29,3269                          ,  101, 9999,  101,  101,    0,     0,     0
 ED5.2,3269                          ,1238                          ,                    ,1949      ,                ,  101,                    ,                              ,14,0,20190117 20:23:32,    0,         0,        98,65535,65535, 9999,2,                ,0000000,0, 0,         0,    0,0000000000000000000000000000000000000000,0000000000000000000000000000000000000000,         0,         0,         0,         0,1, 0, 0, 0,3269                          ,    0,        98,0,20190117 20:21:54,1238                          ,  101, 9999,  101,  101,    0,     0,     0
 ED5.2,7516696                       ,1371                          ,FABIAN RICAR QUI    ,1632      ,                ,  101,                    ,                              , 0,2,20190117 20:24:10,    0,         0,       535,10002,   11,  101,2,                ,0010000,2, 1,         0,    0,1000000000000000000000000000000000000000,0000000000000000000000010000000000001000,         0,         0,         0,         0,1, 0, 0, 0,7516696                       ,    0,         0,0,20190117 20:15:15,1371                          , 9999, 9999, 9999,  101,32767,     0,     0
 ED5.2,2022                          ,1737                          ,                    ,1635      ,                ,  101,                    ,                              ,14,0,20190117 20:26:37,    0,         0,         0,65535,65535, 9999,2,                ,0000000,0, 0,         0,    0,0000000000000000000000000000000000000000,0000000000000000000000000000000000000000,         0,         0,         0,         0,1, 0, 0, 0,2022                          ,    0,         0,0,20190117 20:26:37,1737                          ,  101, 9999,  101,  101,    0,     0,     0
 ED5.2,2085                          ,1737                          ,                    ,1635      ,                ,  101,                    ,                              ,14,0,20190117 20:26:39,    0,         0,         0,65535,65535, 9999,2,                ,0000000,0, 0,         0,    0,0000000000000000000000000000000000000000,0000000000000000000000000000000000000000,         0,         0,         0,         0,1, 0, 0, 0,2022                          ,    0,         0,1,20190117 20:26:39,1737                          ,  101, 9999,  101,  101,    0,     0,     0
 ED5.2,2022                          ,1737                          ,                    ,1635      ,                ,  101,                    ,                              ,14,0,20190117 20:26:56,    0,         0,         0,65535,65535, 9999,2,                ,0000000,0, 0,         0,    0,0000000000000000000000000000000000000000,0000000000000000000000000000000000000000,         0,         0,         0,         0,1, 0, 0, 0,2022                          ,    0,         0,0,20190117 20:26:56,1737                          ,  101, 9999,  101,  101,    0,     0,     0
 ED5.2,2085                          ,1737                          ,                    ,1635      ,                ,  101,                    ,                              ,14,0,20190117 20:26:58,    0,         0,         0,65535,65535, 9999,2,                ,0000000,0, 0,         0,    0,0000000000000000000000000000000000000000,0000000000000000000000000000000000000000,         0,         0,         0,         0,1, 0, 0, 0,2022                          ,    0,         0,1,20190117 20:26:58,1737                          ,  101, 9999,  101,  101,    0,     0,     0
 ED5.2,1410                          ,1495                          ,                    ,1952      ,                ,  101,                    ,                              ,14,0,20190117 20:29:11,    0,         0,         0,65535,65535, 9999,2,                ,0000000,0, 0,         0,    0,0000000000000000000000000000000000000000,0000000000000000000000000000000000000000,         0,         0,         0,         0,1, 0, 0, 0,1410                          ,    0,         0,0,20190117 20:29:11,1495                          ,  101, 9999,  101,  101,    0,     0,     0
 ED5.2,1410                          ,1541                          ,                    ,1952      ,                ,  101,                    ,                              ,14,0,20190117 20:29:16,    0,         0,         0,65535,65535, 9999,2,                ,0000000,0, 0,         0,    0,0000000000000000000000000000000000000000,0000000000000000000000000000000000000000,         0,         0,         0,         0,1, 0, 0, 0,1410                          ,    0,         0,0,20190117 20:29:16,1541                          ,  101, 9999,  101,  101,    0,     0,     0
 ED5.2,1410                          ,1541                          ,                    ,1952      ,                ,  101,                    ,                              ,14,0,20190117 20:29:24,    0,         0,         0,65535,65535, 9999,2,                ,0000000,0, 0,         0,    0,0000000000000000000000000000000000000000,0000000000000000000000000000000000000000,         0,         0,         0,         0,1, 0, 0, 0,1410                          ,    0,         0,0,20190117 20:29:24,1541                          ,  101, 9999,  101,  101,    0,     0,     0
 ED5.2,1410                          ,1541                          ,                    ,1952      ,                ,  101,                    ,                              ,14,0,20190117 20:29:33,    0,         0,         0,65535,65535, 9999,2,                ,0000000,0, 0,         0,    0,0000000000000000000000000000000000000000,0000000000000000000000000000000000000000,         0,         0,         0,         0,1, 0, 0, 0,1410                          ,    0,         0,0,20190117 20:29:33,1541                          ,  101, 9999,  101,  101,    0,     0,     0
 ED5.2,1129                          ,1357                          ,                    ,1632      ,                ,  101,                    ,                              ,14,0,20190117 20:30:28,    0,         0,       578,65535,65535, 9999,2,                ,0000000,0, 0,         0,    0,0000000000000000000000000000000000000000,0000000000000000000000000000000000000000,         0,         0,         0,         0,1, 0, 0, 0,1129                          ,    0,       578,0,20190117 20:20:50,1357                          ,  101, 9999,  101,  101,    0,     0,     0
 ED5.2,3924045                       ,2020                          ,ESTEFANI XIO MON    ,4635      ,                ,  101,                    ,                              , 4,2,20190117 20:32:31,    0,         0,        36,  310,   65,  101,2,                ,0000000,3, 0,         0,    0,0000000000000000000000000000000000000000,0000000000000000000000010000000000000000,         0,         0,         0,         0,1, 0, 0, 0,A600                          ,   36,         0,0,20190117 20:31:55,                              , 9999, 9999, 9999, 9999,32767,     0,     0
 ED5.2,663502832884                  ,1334                          ,CAJERO RECAUDO      ,1949      ,                ,  101,                    ,                              , 4,2,20190117 20:33:51,    0,         0,       216,  120,   20,  101,2,                ,0000000,3, 0,         0,    0,0000000000000000000000000000000000000000,0000000000000000000000010000000000000000,         0,         0,         0,         0,1, 0, 0, 0,A800                          ,   23,       194,0,20190117 20:30:15,                              , 9999, 9999, 9999, 9999,32767,     0,     0
 ED5.2,3144289380                    ,4088                          ,DAVID STIVEN GUE    ,2952      ,                ,  101,                    ,                              , 0,2,20190117 20:38:32,    0,         0,         0,10349,   66,  101,2,                ,0010000,2, 1,         0,    0,1000000000000000000000000000000000000000,0000000000000000000000010000000000001000,         0,         0,         0,         0,1, 0, 0, 0,033144289380                  ,    0,         0,0,20190117 20:38:32,4088                          , 9999, 9999, 9999,  101,32767,     0,     0
 ED5.2,3144289380                    ,4088                          ,DAVID STIVEN GUE    ,2952      ,                ,  101,                    ,                              , 0,2,20190117 20:38:57,    0,         0,         0,10349,   66,  101,2,                ,0010000,2, 1,         0,    0,1000000000000000000000000000000000000000,0000000000000000000000010000000000001000,         0,         0,         0,         0,1, 0, 0, 0,033144289380                  ,    0,         0,0,20190117 20:38:57,4088                          , 9999, 9999, 9999,  101,32767,     0,     0
 ED5.2,1334                          ,1736                          ,                    ,1635      ,                ,  101,                    ,                              ,14,0,20190117 20:41:27,    0,         0,         7,65535,65535, 9999,2,                ,0000000,0, 0,         0,    0,0000000000000000000000000000000000000000,0000000000000000000000000000000000000000,         0,         0,         0,         0,1, 0, 0, 0,1334                          ,    0,         7,0,20190117 20:41:20,1736                          ,  101, 9999,  101,  101,    0,     0,     0
 ED5.2,1593                          ,1742                          ,                    ,1741      ,                ,  101,                    ,                              ,14,0,20190117 20:41:44,    0,         0,         0,65535,65535, 9999,2,                ,0000000,0, 0,         0,    0,0000000000000000000000000000000000000000,0000000000000000000000000000000000000000,         0,         0,         0,         0,1, 0, 0, 0,1593                          ,    0,         0,0,20190117 20:41:44,1742                          ,  101, 9999,  101,  101,    0,     0,     0
 ED5.2,1334                          ,1736                          ,                    ,1635      ,                ,  101,                    ,                              ,14,0,20190117 20:41:58,    0,         0,         0,65535,65535, 9999,2,                ,0000000,0, 0,         0,    0,0000000000000000000000000000000000000000,0000000000000000000000000000000000000000,         0,         0,         0,         0,1, 0, 0, 0,1334                          ,    0,         0,0,20190117 20:41:58,1736                          ,  101, 9999,  101,  101,    0,     0,     0
 ED5.2,3202650237                    ,1474                          ,JAIME ANDRES ROM    ,1154      ,                ,  101,                    ,                              , 0,1,20190117 20:43:25,    0,         0,        63,  378,   21,  101,2,                ,0010000,0, 0,         0,    0,0000000000000000000000000000000000000000,0000000000000000000000010000000000001000,         0,         0,         0,         0,1, 0, 0, 0,033202650237                  ,    0,         0,0,20190117 20:42:22,1474                          , 9999, 9999, 9999,  101,32767,     0,     0
 ED5.2,6604874                       ,1819                          ,JULIETTE VIV RIN    ,1952      ,                ,  101,                    ,                              , 0,2,20190117 20:46:29,    0,         0,        50,10001,   11,  101,2,                ,0010000,2, 1,         0,    0,1000000000000000000000000000000000000000,0000000000000000000000010000000000001000,         0,         0,         0,         0,1, 0, 0, 0,6604874                       ,    0,         0,0,20190117 20:45:39,1819                          , 9999, 9999, 9999,  101,32767,     0,     0
 ED5.2,663202650237                  ,1474                          ,JAIME ANDRES ROM    ,1154      ,                ,  101,                    ,                              , 4,2,20190117 20:48:14,    0,         0,        46,  120,   20,  101,2,                ,0000000,2, 1,         0,    0,0000000000000000000000000000000000000000,0000000000000000000000010000000000000000,         0,         0,         0,         0,1, 0, 0, 0,A800                          ,   15,        32,0,20190117 20:47:28,                              , 9999, 9999, 9999, 9999,32767,     0,     0
 ED5.2,1364                          ,1512                          ,                    ,1632      ,                ,  101,                    ,                              ,14,0,20190117 20:48:36,    0,         0,         0,65535,65535, 9999,2,                ,0000000,0, 0,         0,    0,0000000000000000000000000000000000000000,0000000000000000000000000000000000000000,         0,         0,         0,         0,1, 0, 0, 0,1364                          ,    0,         0,0,20190117 20:48:36,1512                          ,  101, 9999,  101,  101,    0,     0,     0
 ED5.2,1819                          ,1736                          ,                    ,1635      ,                ,  101,                    ,                              ,14,0,20190117 20:48:40,    0,         0,         5,65535,65535, 9999,2,                ,0000000,0, 0,         0,    0,0000000000000000000000000000000000000000,0000000000000000000000000000000000000000,         0,         0,         0,         0,1, 0, 0, 0,1819                          ,    0,         5,0,20190117 20:48:35,1736                          ,  101, 9999,  101,  101,    0,     0,     0
 ED5.2,1219                          ,3107                          ,                    ,1672      ,                ,  101,                    ,                              ,14,0,20190117 20:48:41,    0,         0,         6,65535,65535, 9999,2,                ,0000000,0, 0,         0,    0,0000000000000000000000000000000000000000,0000000000000000000000000000000000000000,         0,         0,         0,         0,1, 0, 0, 0,1219                          ,    0,         6,0,20190117 20:48:35,3107                          ,  101, 9999,  101,  101,    0,     0,     0
 ED5.2,1442                          ,1736                          ,                    ,1635      ,                ,  101,                    ,                              ,14,0,20190117 20:48:59,    0,         0,         0,65535,65535, 9999,2,                ,0000000,0, 0,         0,    0,0000000000000000000000000000000000000000,0000000000000000000000000000000000000000,         0,         0,         0,         0,1, 0, 0, 0,1442                          ,    0,         0,0,20190117 20:48:59,1736                          ,  101, 9999,  101,  101,    0,     0,     0
 ED5.2,1444                          ,1736                          ,                    ,1635      ,                ,  101,                    ,                              ,14,0,20190117 20:49:15,    0,         0,         0,65535,65535, 9999,2,                ,0000000,0, 0,         0,    0,0000000000000000000000000000000000000000,0000000000000000000000000000000000000000,         0,         0,         0,         0,1, 0, 0, 0,1442                          ,    0,         0,1,20190117 20:49:15,1736                          ,  101, 9999,  101,  101,    0,     0,     0
 ED5.2,1526                          ,1736                          ,                    ,1635      ,                ,  101,                    ,                              ,14,0,20190117 20:49:19,    0,         0,         0,65535,65535, 9999,2,                ,0000000,0, 0,         0,    0,0000000000000000000000000000000000000000,0000000000000000000000000000000000000000,         0,         0,         0,         0,1, 0, 0, 0,1442                          ,    0,         0,1,20190117 20:49:19,1736                          ,  101, 9999,  101,  101,    0,     0,     0
 ED5.2,3144289380                    ,4088                          ,DAVID STIVEN GUE    ,2952      ,                ,  101,                    ,                              , 0,2,20190117 20:49:25,    0,         0,        46,10349,   66,  101,2,                ,0010000,2, 1,         0,    0,1000000000000000000000000000000000000000,0000000000000000000000010000000000001000,         0,         0,         0,         0,1, 0, 0, 0,033144289380                  ,    0,         0,0,20190117 20:48:39,4088                          , 9999, 9999, 9999,  101,32767,     0,     0
 ED5.2,1442                          ,1736                          ,                    ,1635      ,                ,  101,                    ,                              ,14,0,20190117 20:49:37,    0,         0,         0,65535,65535, 9999,2,                ,0000000,0, 0,         0,    0,0000000000000000000000000000000000000000,0000000000000000000000000000000000000000,         0,         0,         0,         0,1, 0, 0, 0,1442                          ,    0,         0,0,20190117 20:49:37,1736                          ,  101, 9999,  101,  101,    0,     0,     0
 ED5.2,1512                          ,1364                          ,                    ,1632      ,                ,  101,                    ,                              ,14,0,20190117 20:49:44,    0,         0,        30,65535,65535, 9999,2,                ,0000000,0, 0,         0,    0,0000000000000000000000000000000000000000,0000000000000000000000000000000000000000,         0,         0,         0,         0,1, 0, 0, 0,1512                          ,    0,        30,0,20190117 20:49:14,1364                          ,  101, 9999,  101,  101,    0,     0,     0
 ED5.2,1444                          ,1736                          ,                    ,1635      ,                ,  101,                    ,                              ,14,0,20190117 20:49:49,    0,         0,         0,65535,65535, 9999,2,                ,0000000,0, 0,         0,    0,0000000000000000000000000000000000000000,0000000000000000000000000000000000000000,         0,         0,         0,         0,1, 0, 0, 0,1442                          ,    0,         0,1,20190117 20:49:49,1736                          ,  101, 9999,  101,  101,    0,     0,     0
 ED5.2,663174021367                  ,FS082                         ,SIPsalida           ,          ,                ,  101,                    ,                              , 4,2,20190117 20:51:46,    0,         0,         4,10867,   82,  101,2,                ,0000000,2, 0,         0,    0,0000000000000000000000000000000000000000,0000000000000000000000010000000000000000,         0,         0,         0,         0,1, 0, 0, 0,A500                          ,    5,         0,0,20190117 20:51:42,                              , 9999, 9999, 9999, 9999,32767,     0,     0
 ED5.2,8947141                       ,1512                          ,JENNIFER EST SAN    ,1632      ,                ,  101,                    ,                              , 0,2,20190117 20:52:18,    0,         0,       123,10001,   11,  101,2,                ,0010000,2, 1,         0,    0,1000000000000000000000000000000000000000,0000000000000000000000010000000000001000,         0,         0,         0,         0,1, 0, 0, 0,8947141                       ,    0,         0,0,20190117 20:50:15,1512                          , 9999, 9999, 9999,  101,32767,     0,     0
 ED5.2,1033                          ,3269                          ,                    ,1979      ,                ,  101,                    ,                              ,14,0,20190117 20:53:49,    0,         0,         0,65535,65535, 9999,2,                ,0000000,0, 0,         0,    0,0000000000000000000000000000000000000000,0000000000000000000000000000000000000000,         0,         0,         0,         0,1, 0, 0, 0,1033                          ,    0,         0,0,20190117 20:53:49,3269                          ,  101, 9999,  101,  101,    0,     0,     0
 ED5.2,1032                          ,3269                          ,                    ,1979      ,                ,  101,                    ,                              ,14,0,20190117 20:56:00,    0,         0,       120,65535,65535, 9999,2,                ,0000000,0, 0,         0,    0,0000000000000000000000000000000000000000,0000000000000000000000000000000000000000,         0,         0,         0,         0,1, 0, 0, 0,1032                          ,    0,       120,0,20190117 20:54:00,3269                          ,  101, 9999,  101,  101,    0,     0,     0
 ED5.2,3243                          ,1238                          ,                    ,1949      ,                ,  101,                    ,                              ,14,0,20190117 20:57:00,    0,         0,       178,65535,65535, 9999,2,                ,0000000,0, 0,         0,    0,0000000000000000000000000000000000000000,0000000000000000000000000000000000000000,         0,         0,         0,         0,1, 0, 0, 0,3243                          ,    0,       178,0,20190117 20:54:02,1238                          ,  101, 9999,  101,  101,    0,     0,     0
 ED5.2,7505296                       ,3228                          ,ALBA ROSA BOTERO    ,1979      ,                ,  101,                    ,                              , 4,2,20190117 20:58:03,    0,         0,        61,10867,   82,  101,2,                ,0000000,2, 0,         0,    0,0000000000000000000000000000000000000000,0000000000000000000000010000000000000000,         0,         0,         0,         0,1, 0, 0, 0,A500                          ,   13,        49,0,20190117 20:57:02,                              , 9999, 9999, 9999, 9999,32767,     0,     0
 ED5.2,1024                          ,1213                          ,                    ,1911      ,                ,  101,                    ,                              ,14,0,20190117 20:58:57,    0,         0,       170,65535,65535, 9999,2,                ,0000000,0, 0,         0,    0,0000000000000000000000000000000000000000,0000000000000000000000000000000000000000,         0,         0,         0,         0,1, 0, 0, 0,1024                          ,    0,       170,0,20190117 20:56:07,1213                          ,  101, 9999,  101,  101,    0,     0,     0
 ED5.2,3275400                       ,1896                          ,EDGAR YECID BERM    ,1632      ,                ,  101,                    ,                              , 0,2,20190117 21:00:04,    0,         0,         0,10001,   11,  101,2,                ,0010000,2, 1,         0,    0,1000000000000000000000000000000000000000,0000000000000000000000010000000000001000,         0,         0,         0,         0,1, 0, 0, 0,3275400                       ,    0,         0,0,20190117 21:00:04,1896                          , 9999, 9999, 9999,  101,32767,     0,     0
