 ED5.2,1467                          ,1466                          ,                    ,1638      ,                ,  101,                    ,                              ,14,0,20181229 02:02:59,    0,         0,         0,65535,65535, 9999,2,                ,0000000,0, 0,         0,    0,0000000000000000000000000000000000000000,0000000000000000000000000000000000000000,         0,         0,         0,         0,1, 0, 0, 0,1467                          ,    0,         0,0,20181229 02:02:59,1466                          ,  101, 9999,  101,  101,    0,     0,     0
 ED5.2,1084                          ,1466                          ,                    ,1638      ,                ,  101,                    ,                              ,14,0,20181229 02:03:00,    0,         0,         0,65535,65535, 9999,2,                ,0000000,0, 0,         0,    0,0000000000000000000000000000000000000000,0000000000000000000000000000000000000000,         0,         0,         0,         0,1, 0, 0, 0,1467                          ,    0,         0,1,20181229 02:03:00,1466                          ,  101, 9999,  101,  101,    0,     0,     0
 ED5.2,1585                          ,1005                          ,                    ,1949      ,                ,  101,                    ,                              ,14,0,20181229 02:04:58,    0,         0,         0,65535,65535, 9999,2,                ,0000000,0, 0,         0,    0,0000000000000000000000000000000000000000,0000000000000000000000000000000000000000,         0,         0,         0,         0,1, 0, 0, 0,1585                          ,    0,         0,0,20181229 02:04:58,1005                          ,  101, 9999,  101,  101,    0,     0,     0
 ED5.2,1340                          ,1585                          ,                    ,1949      ,                ,  101,                    ,                              ,14,0,20181229 02:05:31,    0,         0,        15,65535,65535, 9999,2,                ,0000000,0, 0,         0,    0,0000000000000000000000000000000000000000,0000000000000000000000000000000000000000,         0,         0,         0,         0,1, 0, 0, 0,1736                          ,    0,        15,1,20181229 02:05:16,1585                          ,  101, 9999,  101,  101,    0,     0,     0
 ED5.2,1585                          ,3327                          ,                    ,1949      ,                ,  101,                    ,                              ,14,0,20181229 02:07:37,    0,         0,        25,65535,65535, 9999,2,                ,0000000,0, 0,         0,    0,0000000000000000000000000000000000000000,0000000000000000000000000000000000000000,         0,         0,         0,         0,1, 0, 0, 0,1585                          ,    0,        25,0,20181229 02:07:12,3327                          ,  101, 9999,  101,  101,    0,     0,     0
 ED5.2,1466                          ,1024                          ,                    ,1638      ,                ,  101,                    ,                              ,14,0,20181229 02:08:29,    0,         0,       140,65535,65535, 9999,2,                ,0000000,0, 0,         0,    0,0000000000000000000000000000000000000000,0000000000000000000000000000000000000000,         0,         0,         0,         0,1, 0, 0, 0,1466                          ,    0,       140,0,20181229 02:06:09,1024                          ,  101, 9999,  101,  101,    0,     0,     0
 ED5.2,1175                          ,1468                          ,                    ,1638      ,                ,  101,                    ,                              ,14,0,20181229 02:08:51,    0,         0,        93,65535,65535, 9999,2,                ,0000000,0, 0,         0,    0,0000000000000000000000000000000000000000,0000000000000000000000000000000000000000,         0,         0,         0,         0,1, 0, 0, 0,1175                          ,    0,        93,0,20181229 02:07:18,1468                          ,  101, 9999,  101,  101,    0,     0,     0
 ED5.2,1467                          ,1022                          ,                    ,1638      ,                ,  101,                    ,                              ,14,0,20181229 02:10:31,    0,         0,       211,65535,65535, 9999,2,                ,0000000,0, 0,         0,    0,0000000000000000000000000000000000000000,0000000000000000000000000000000000000000,         0,         0,         0,         0,1, 0, 0, 0,1467                          ,    0,       211,0,20181229 02:07:00,1022                          ,  101, 9999,  101,  101,    0,     0,     0
 ED5.2,1515                          ,1821                          ,                    ,1632      ,                ,  101,                    ,                              ,14,0,20181229 02:14:16,    0,         0,       134,65535,65535, 9999,2,                ,0000000,0, 0,         0,    0,0000000000000000000000000000000000000000,0000000000000000000000000000000000000000,         0,         0,         0,         0,1, 0, 0, 0,1515                          ,    0,       134,0,20181229 02:12:02,1821                          ,  101, 9999,  101,  101,    0,     0,     0
 ED5.2,1427                          ,1827                          ,                    ,1638      ,                ,  101,                    ,                              ,14,0,20181229 02:17:47,    0,         0,       314,65535,65535, 9999,2,                ,0000000,0, 0,         0,    0,0000000000000000000000000000000000000000,0000000000000000000000000000000000000000,         0,         0,         0,         0,1, 0, 0, 0,1427                          ,    0,       314,0,20181229 02:12:33,1827                          ,  101, 9999,  101,  101,    0,     0,     0
 ED5.2,1827                          ,1427                          ,                    ,1638      ,                ,  101,                    ,                              ,14,0,20181229 02:21:29,    0,         0,        36,65535,65535, 9999,2,                ,0000000,0, 0,         0,    0,0000000000000000000000000000000000000000,0000000000000000000000000000000000000000,         0,         0,         0,         0,1, 0, 0, 0,1827                          ,    0,        36,0,20181229 02:20:53,1427                          ,  101, 9999,  101,  101,    0,     0,     0
 ED5.2,                              ,FS087                         ,fidupereir          ,          ,                ,  101,                    ,                              , 4,1,20181229 02:24:34,    0,         0,        31,  417,   87,  101,2,                ,0000000,0, 0,         0,    0,0000000000000000000000000000000000000000,0000000000000000000000010000000000000000,         0,         0,         0,         0,1, 0, 0, 0,1804                          ,   31,         0,1,20181229 02:24:03,                              , 9999, 9999, 9999, 9999,32767,     0,     0
 ED5.2,1515                          ,1032                          ,                    ,1632      ,                ,  101,                    ,                              ,14,0,20181229 02:30:56,    0,         0,       100,65535,65535, 9999,2,                ,0000000,0, 0,         0,    0,0000000000000000000000000000000000000000,0000000000000000000000000000000000000000,         0,         0,         0,         0,1, 0, 0, 0,1515                          ,    0,       100,0,20181229 02:29:16,1032                          ,  101, 9999,  101,  101,    0,     0,     0
 ED5.2,1585                          ,3327                          ,                    ,1949      ,                ,  101,                    ,                              ,14,0,20181229 02:31:31,    0,         0,         0,65535,65535, 9999,2,                ,0000000,0, 0,         0,    0,0000000000000000000000000000000000000000,0000000000000000000000000000000000000000,         0,         0,         0,         0,1, 0, 0, 0,1585                          ,    0,         0,0,20181229 02:31:31,3327                          ,  101, 9999,  101,  101,    0,     0,     0
 ED5.2,1206                          ,3327                          ,                    ,1949      ,                ,  101,                    ,                              ,14,0,20181229 02:31:37,    0,         0,         0,65535,65535, 9999,2,                ,0000000,0, 0,         0,    0,0000000000000000000000000000000000000000,0000000000000000000000000000000000000000,         0,         0,         0,         0,1, 0, 0, 0,1585                          ,    0,         0,1,20181229 02:31:37,3327                          ,  101, 9999,  101,  101,    0,     0,     0
 ED5.2,1032                          ,1351                          ,                    ,1949      ,                ,  101,                    ,                              ,14,0,20181229 02:35:56,    0,         0,        88,65535,65535, 9999,2,                ,0000000,0, 0,         0,    0,0000000000000000000000000000000000000000,0000000000000000000000000000000000000000,         0,         0,         0,         0,1, 0, 0, 0,1032                          ,    0,        88,0,20181229 02:34:28,1351                          ,  101, 9999,  101,  101,    0,     0,     0
 ED5.2,1427                          ,1394                          ,                    ,1638      ,                ,  101,                    ,                              ,14,0,20181229 02:37:11,    0,         0,         0,65535,65535, 9999,2,                ,0000000,0, 0,         0,    0,0000000000000000000000000000000000000000,0000000000000000000000000000000000000000,         0,         0,         0,         0,1, 0, 0, 0,1027                          ,    0,         0,1,20181229 02:37:11,1394                          ,  101, 9999,  101,  101,    0,     0,     0
 ED5.2,1022                          ,3327                          ,                    ,1949      ,                ,  101,                    ,                              ,14,0,20181229 02:38:47,    0,         0,        40,65535,65535, 9999,2,                ,0000000,0, 0,         0,    0,0000000000000000000000000000000000000000,0000000000000000000000000000000000000000,         0,         0,         0,         0,1, 0, 0, 0,1022                          ,    0,        40,0,20181229 02:38:07,3327                          ,  101, 9999,  101,  101,    0,     0,     0
 ED5.2,1005                          ,3327                          ,                    ,1949      ,                ,  101,                    ,                              ,14,0,20181229 02:39:41,    0,         0,        44,65535,65535, 9999,2,                ,0000000,0, 0,         0,    0,0000000000000000000000000000000000000000,0000000000000000000000000000000000000000,         0,         0,         0,         0,1, 0, 0, 0,1005                          ,    0,        44,0,20181229 02:38:57,3327                          ,  101, 9999,  101,  101,    0,     0,     0
 ED5.2,3243                          ,1032                          ,                    ,1632      ,                ,  101,                    ,                              ,14,0,20181229 02:43:26,    0,         0,        38,65535,65535, 9999,2,                ,0000000,0, 0,         0,    0,0000000000000000000000000000000000000000,0000000000000000000000000000000000000000,         0,         0,         0,         0,1, 0, 0, 0,3243                          ,    0,        38,0,20181229 02:42:48,1032                          ,  101, 9999,  101,  101,    0,     0,     0
 ED5.2,1245                          ,1024                          ,                    ,1638      ,                ,  101,                    ,                              ,14,0,20181229 02:45:49,    0,         0,         0,65535,65535, 9999,2,                ,0000000,0, 0,         0,    0,0000000000000000000000000000000000000000,0000000000000000000000000000000000000000,         0,         0,         0,         0,1, 0, 0, 0,1245                          ,    0,         0,0,20181229 02:45:49,1024                          ,  101, 9999,  101,  101,    0,     0,     0
 ED5.2,1032                          ,1351                          ,                    ,1949      ,                ,  101,                    ,                              ,14,0,20181229 02:46:40,    0,         0,       124,65535,65535, 9999,2,                ,0000000,0, 0,         0,    0,0000000000000000000000000000000000000000,0000000000000000000000000000000000000000,         0,         0,         0,         0,1, 0, 0, 0,1032                          ,    0,       124,0,20181229 02:44:36,1351                          ,  101, 9999,  101,  101,    0,     0,     0
 ED5.2,1466                          ,1024                          ,                    ,1638      ,                ,  101,                    ,                              ,14,0,20181229 02:48:13,    0,         0,       135,65535,65535, 9999,2,                ,0000000,0, 0,         0,    0,0000000000000000000000000000000000000000,0000000000000000000000000000000000000000,         0,         0,         0,         0,1, 0, 0, 0,1466                          ,    0,       135,0,20181229 02:45:58,1024                          ,  101, 9999,  101,  101,    0,     0,     0
 ED5.2,1022                          ,1005                          ,                    ,1949      ,                ,  101,                    ,                              ,14,0,20181229 02:49:00,    0,         0,        19,65535,65535, 9999,2,                ,0000000,0, 0,         0,    0,0000000000000000000000000000000000000000,0000000000000000000000000000000000000000,         0,         0,         0,         0,1, 0, 0, 0,1022                          ,    0,        19,0,20181229 02:48:41,1005                          ,  101, 9999,  101,  101,    0,     0,     0
 ED5.2,3243                          ,1032                          ,                    ,1632      ,                ,  101,                    ,                              ,14,0,20181229 02:56:56,    0,         0,       474,65535,65535, 9999,2,                ,0000000,0, 0,         0,    0,0000000000000000000000000000000000000000,0000000000000000000000000000000000000000,         0,         0,         0,         0,1, 0, 0, 0,3243                          ,    0,       474,0,20181229 02:49:02,1032                          ,  101, 9999,  101,  101,    0,     0,     0
 ED5.2,1467                          ,1022                          ,                    ,1638      ,                ,  101,                    ,                              ,14,0,20181229 03:00:07,    0,         0,         0,65535,65535, 9999,2,                ,0000000,0, 0,         0,    0,0000000000000000000000000000000000000000,0000000000000000000000000000000000000000,         0,         0,         0,         0,1, 0, 0, 0,1467                          ,    0,         0,0,20181229 03:00:07,1022                          ,  101, 9999,  101,  101,    0,     0,     0
