 ED5.2,4087                          ,4074                          ,                    ,2952      ,                ,  101,                    ,                              ,14,0,20190117 19:00:54,    0,         0,        49,65535,65535, 9999,2,                ,0000000,0, 0,         0,    0,0000000000000000000000000000000000000000,0000000000000000000000000000000000000000,         0,         0,         0,         0,1, 0, 0, 0,4087                          ,    0,        49,0,20190117 19:00:05,4074                          ,  101, 9999,  101,  101,    0,     0,     0
 ED5.2,1822                          ,1820                          ,                    ,1632      ,                ,  101,                    ,                              ,14,0,20190117 19:01:00,    0,         0,        63,65535,65535, 9999,2,                ,0000000,0, 0,         0,    0,0000000000000000000000000000000000000000,0000000000000000000000000000000000000000,         0,         0,         0,         0,1, 0, 0, 0,1822                          ,    0,        63,0,20190117 18:59:57,1820                          ,  101, 9999,  101,  101,    0,     0,     0
 ED5.2,5120                          ,5155                          ,                    ,3952      ,                ,  101,                    ,                              ,14,0,20190117 19:01:19,    0,         0,        31,65535,65535, 9999,2,                ,0000000,0, 0,         0,    0,0000000000000000000000000000000000000000,0000000000000000000000000000000000000000,         0,         0,         0,         0,1, 0, 0, 0,5120                          ,    0,        31,0,20190117 19:00:48,5155                          ,  101, 9999,  101,  101,    0,     0,     0
 ED5.2,3779829                       ,1153                          ,MONICA FAJARDO      ,1952      ,                ,  101,                    ,                              , 0,2,20190117 19:01:28,    0,         0,       159,10001,   11,  101,2,                ,0010000,2, 1,         0,    0,1000000000000000000000000000000000000000,0000000000000000000000010000000000001000,         0,         0,         0,         0,1, 0, 0, 0,3779829                       ,    0,         0,0,20190117 18:58:49,1153                          , 9999, 9999, 9999,  101,32767,     0,     0
 ED5.2,1532                          ,1153                          ,                    ,1952      ,                ,  101,                    ,                              ,14,0,20190117 19:02:23,    0,         0,        34,65535,65535, 9999,2,                ,0000000,0, 0,         0,    0,0000000000000000000000000000000000000000,0000000000000000000000000000000000000000,         0,         0,         0,         0,1, 0, 0, 0,1532                          ,    0,        34,0,20190117 19:01:49,1153                          ,  101, 9999,  101,  101,    0,     0,     0
 ED5.2,4719724                       ,1228                          ,COORD PROCES ADI    ,1949      ,                ,  101,                    ,                              , 0,2,20190117 19:02:40,    0,         0,        69,10867,   82,  101,2,                ,0010000,2, 1,         0,    0,1000000000000000000000000000000000000000,0000000000000000000000010000000000001000,         0,         0,         0,         0,1, 0, 0, 0,4719724                       ,    0,         0,0,20190117 19:01:31,1228                          , 9999, 9999, 9999,  101,32767,     0,     0
 ED5.2,7593241                       ,1213                          ,INGRID VANES ROD    ,1911      ,                ,  101,                    ,                              , 0,2,20190117 19:02:46,    0,         0,       114,10002,   11,  101,2,                ,0010000,2, 1,         0,    0,1000000000000000000000000000000000000000,0000000000000000000000010000000000001000,         0,         0,         0,         0,1, 0, 0, 0,7593241                       ,    0,         0,0,20190117 19:00:52,1213                          , 9999, 9999, 9999,  101,32767,     0,     0
 ED5.2,4742597                       ,4063                          ,FRANCISCO AN GAR    ,2952      ,                ,  101,                    ,                              , 0,2,20190117 19:02:47,    0,         0,       112,10445,   15,  101,2,                ,0010000,2, 1,         0,    0,1000000000000000000000000000000000000000,0000000000000000000000010000000000001000,         0,         0,         0,         0,1, 0, 0, 0,4742597                       ,    0,         0,0,20190117 19:00:55,4063                          , 9999, 9999, 9999,  101,32767,     0,     0
 ED5.2,3106100898                    ,1385                          ,OMAIRA LOZANO V     ,1843      ,                ,  101,                    ,                              , 0,1,20190117 19:02:59,    0,         0,       138,  378,   21,  101,2,                ,0010000,0, 0,         0,    0,0000000000000000000000000000000000000000,0000000000000000000000010000000000001000,         0,         0,         0,         0,1, 0, 0, 0,033106100898                  ,    0,         0,0,20190117 19:00:41,1385                          , 9999, 9999, 9999,  101,32767,     0,     0
 ED5.2,7467828                       ,1385                          ,OMAIRA LOZANO V     ,1843      ,                ,  101,                    ,                              , 0,2,20190117 19:03:29,    0,         0,        23,10003,   11,  101,2,                ,0010000,2, 1,         0,    0,1000000000000000000000000000000000000000,0000000000000000000000010000000000001000,         0,         0,         0,         0,1, 0, 0, 0,7467828                       ,    0,         0,0,20190117 19:03:06,1385                          , 9999, 9999, 9999,  101,32767,     0,     0
 ED5.2,7593241                       ,1213                          ,INGRID VANES ROD    ,1911      ,                ,  101,                    ,                              , 0,2,20190117 19:03:34,    0,         0,        16,10001,   11,  101,2,                ,0010000,2, 1,         0,    0,1000000000000000000000000000000000000000,0000000000000000000000010000000000001000,         0,         0,         0,         0,1, 0, 0, 0,7593241                       ,    0,         0,0,20190117 19:03:18,1213                          , 9999, 9999, 9999,  101,32767,     0,     0
 ED5.2,1112                          ,1238                          ,                    ,1949      ,                ,  101,                    ,                              ,14,0,20190117 19:03:54,    0,         0,        19,65535,65535, 9999,2,                ,0000000,0, 0,         0,    0,0000000000000000000000000000000000000000,0000000000000000000000000000000000000000,         0,         0,         0,         0,1, 0, 0, 0,1112                          ,    0,        19,0,20190117 19:03:35,1238                          ,  101, 9999,  101,  101,    0,     0,     0
 ED5.2,6170533                       ,3374                          ,ANDRES FELIP CAR    ,1570      ,                ,  101,                    ,                              , 0,2,20190117 19:04:06,    0,         0,       274,10866,   82,  101,2,                ,0010000,2, 1,         0,    0,1000000000000000000000000000000000000000,0000000000000000000000010000000000001000,         0,         0,         0,         0,1, 0, 0, 0,6170533                       ,    0,         0,0,20190117 18:59:32,3374                          , 9999, 9999, 9999,  101,32767,     0,     0
 ED5.2,3275400                       ,1896                          ,EDGAR YECID BERM    ,1632      ,                ,  101,                    ,                              , 0,2,20190117 19:04:17,    0,         0,         0,10001,   11,  101,2,                ,0010000,2, 1,         0,    0,1000000000000000000000000000000000000000,0000000000000000000000010000000000001000,         0,         0,         0,         0,1, 0, 0, 0,3275400                       ,    0,         0,0,20190117 19:04:17,1896                          , 9999, 9999, 9999,  101,32767,     0,     0
 ED5.2,2063                          ,2067                          ,                    ,4632      ,                ,  101,                    ,                              ,14,0,20190117 19:04:30,    0,         0,        10,65535,65535, 9999,2,                ,0000000,0, 0,         0,    0,0000000000000000000000000000000000000000,0000000000000000000000000000000000000000,         0,         0,         0,         0,1, 0, 0, 0,2063                          ,    0,        10,0,20190117 19:04:20,2067                          ,  101, 9999,  101,  101,    0,     0,     0
 ED5.2,1331                          ,1011                          ,                    ,1635      ,                ,  101,                    ,                              ,14,0,20190117 19:04:38,    0,         0,        40,65535,65535, 9999,2,                ,0000000,0, 0,         0,    0,0000000000000000000000000000000000000000,0000000000000000000000000000000000000000,         0,         0,         0,         0,1, 0, 0, 0,1331                          ,    0,        40,0,20190117 19:03:58,1011                          ,  101, 9999,  101,  101,    0,     0,     0
 ED5.2,4070                          ,4021                          ,                    ,2843      ,                ,  101,                    ,                              ,14,0,20190117 19:05:02,    0,         0,         0,65535,65535, 9999,2,                ,0000000,0, 0,         0,    0,0000000000000000000000000000000000000000,0000000000000000000000000000000000000000,         0,         0,         0,         0,1, 0, 0, 0,4070                          ,    0,         0,0,20190117 19:05:02,4021                          ,  101, 9999,  101,  101,    0,     0,     0
 ED5.2,88                            ,4021                          ,                    ,2843      ,                ,  101,                    ,                              ,14,0,20190117 19:05:03,    0,         0,         1,65535,65535, 9999,2,                ,0000000,0, 0,         0,    0,0000000000000000000000000000000000000000,0000000000000000000000000000000000000000,         0,         0,         0,         0,1, 0, 0, 0,4070                          ,    0,         1,1,20190117 19:05:02,4021                          ,  101, 9999,  101,  101,    0,     0,     0
 ED5.2,4323739                       ,1368                          ,CAJA 6              ,1949      ,                ,  101,                    ,                              , 0,2,20190117 19:05:44,    0,         0,       105,10002,   11,  101,2,                ,0010000,2, 1,         0,    0,1000000000000000000000000000000000000000,0000000000000000000000010000000000001000,         0,         0,         0,         0,1, 0, 0, 0,4323739                       ,    0,         0,0,20190117 19:03:59,1368                          , 9999, 9999, 9999,  101,32767,     0,     0
 ED5.2,1297                          ,3282                          ,                    ,1364      ,                ,  101,                    ,                              ,14,0,20190117 19:06:05,    0,         0,        14,65535,65535, 9999,2,                ,0000000,0, 0,         0,    0,0000000000000000000000000000000000000000,0000000000000000000000000000000000000000,         0,         0,         0,         0,1, 0, 0, 0,1297                          ,    0,        14,0,20190117 19:05:51,3282                          ,  101, 9999,  101,  101,    0,     0,     0
 ED5.2,4017                          ,4077                          ,                    ,2952      ,                ,  101,                    ,                              ,14,0,20190117 19:07:10,    0,         0,         9,65535,65535, 9999,2,                ,0000000,0, 0,         0,    0,0000000000000000000000000000000000000000,0000000000000000000000000000000000000000,         0,         0,         0,         0,1, 0, 0, 0,4017                          ,    0,         9,0,20190117 19:07:01,4077                          ,  101, 9999,  101,  101,    0,     0,     0
 ED5.2,4019                          ,4054                          ,                    ,2952      ,                ,  101,                    ,                              ,14,0,20190117 19:07:16,    0,         0,       419,65535,65535, 9999,2,                ,0000000,0, 0,         0,    0,0000000000000000000000000000000000000000,0000000000000000000000000000000000000000,         0,         0,         0,         0,1, 0, 0, 0,4019                          ,    0,       419,0,20190117 19:00:17,4054                          ,  101, 9999,  101,  101,    0,     0,     0
 ED5.2,7580508                       ,3136                          ,MARIA ALEJAN MON    ,1672      ,                ,  101,                    ,                              , 0,2,20190117 19:07:19,    0,         0,        66,10001,   11,  101,2,                ,0010000,2, 1,         0,    0,1000000000000000000000000000000000000000,0000000000000000000000010000000000001000,         0,         0,         0,         0,1, 0, 0, 0,7580508                       ,    0,         0,0,20190117 19:06:13,3136                          , 9999, 9999, 9999,  101,32767,     0,     0
 ED5.2,1153                          ,1532                          ,                    ,1632      ,                ,  101,                    ,                              ,14,0,20190117 19:07:23,    0,         0,       206,65535,65535, 9999,2,                ,0000000,0, 0,         0,    0,0000000000000000000000000000000000000000,0000000000000000000000000000000000000000,         0,         0,         0,         0,1, 0, 0, 0,1153                          ,    0,       206,0,20190117 19:03:57,1532                          ,  101, 9999,  101,  101,    0,     0,     0
 ED5.2,3118125401                    ,1475                          ,ROSA ANGELIC HER    ,1154      ,                ,  101,                    ,                              , 0,1,20190117 19:07:25,    0,         0,        16,  377,   21,  101,2,                ,0010000,0, 0,         0,    0,0000000000000000000000000000000000000000,0000000000000000000000010000000000001000,         0,         0,         0,         0,1, 0, 0, 0,033118125401                  ,    0,         0,0,20190117 19:07:09,1475                          , 9999, 9999, 9999,  101,32767,     0,     0
 ED5.2,1818                          ,1235                          ,                    ,1632      ,                ,  101,                    ,                              ,14,0,20190117 19:07:32,    0,         0,         0,65535,65535, 9999,2,                ,0000000,0, 0,         0,    0,0000000000000000000000000000000000000000,0000000000000000000000000000000000000000,         0,         0,         0,         0,1, 0, 0, 0,1818                          ,    0,         0,0,20190117 19:07:32,1235                          ,  101, 9999,  101,  101,    0,     0,     0
 ED5.2,3779826                       ,1153                          ,MONICA FAJARDO      ,1952      ,                ,  101,                    ,                              , 0,2,20190117 19:07:50,    0,         0,         0,10001,   11,  101,2,                ,0010000,2, 1,         0,    0,1000000000000000000000000000000000000000,0000000000000000000000010000000000001000,         0,         0,         0,         0,1, 0, 0, 0,3779826                       ,    0,         0,0,20190117 19:07:50,1153                          , 9999, 9999, 9999,  101,32767,     0,     0
 ED5.2,3077011                       ,3327                          ,ASISTENTE OPERAT    ,1949      ,                ,  101,                    ,                              , 0,2,20190117 19:07:58,    0,         0,        75,10002,   11,  101,2,                ,0010000,2, 1,         0,    0,1000000000000000000000000000000000000000,0000000000000000000000010000000000001000,         0,         0,         0,         0,1, 0, 0, 0,3077011                       ,    0,         0,0,20190117 19:06:43,3327                          , 9999, 9999, 9999,  101,32767,     0,     0
 ED5.2,1354                          ,1042                          ,                    ,1632      ,                ,  101,                    ,                              ,14,0,20190117 19:08:09,    0,         0,        74,65535,65535, 9999,2,                ,0000000,0, 0,         0,    0,0000000000000000000000000000000000000000,0000000000000000000000000000000000000000,         0,         0,         0,         0,1, 0, 0, 0,1354                          ,    0,        74,0,20190117 19:06:55,1042                          ,  101, 9999,  101,  101,    0,     0,     0
 ED5.2,1022                          ,1314                          ,                    ,1945      ,                ,  101,                    ,                              ,14,0,20190117 19:09:04,    0,         0,         0,65535,65535, 9999,2,                ,0000000,0, 0,         0,    0,0000000000000000000000000000000000000000,0000000000000000000000000000000000000000,         0,         0,         0,         0,1, 0, 0, 0,1022                          ,    0,         0,0,20190117 19:09:04,1314                          ,  101, 9999,  101,  101,    0,     0,     0
 ED5.2,3005441982                    ,4063                          ,FRANCISCO AN GAR    ,2952      ,                ,  101,                    ,                              , 0,2,20190117 19:09:14,    0,         0,       355,10349,   66,  101,2,                ,0010000,2, 1,         0,    0,1000000000000000000000000000000000000000,0000000000000000000000010000000000001000,         0,         0,         0,         0,1, 0, 0, 0,033005441982                  ,    0,         0,0,20190117 19:03:19,4063                          , 9999, 9999, 9999,  101,32767,     0,     0
 ED5.2,1353                          ,1035                          ,                    ,1632      ,                ,  101,                    ,                              ,14,0,20190117 19:09:45,    0,         0,         0,65535,65535, 9999,2,                ,0000000,0, 0,         0,    0,0000000000000000000000000000000000000000,0000000000000000000000000000000000000000,         0,         0,         0,         0,1, 0, 0, 0,1353                          ,    0,         0,0,20190117 19:09:45,1035                          ,  101, 9999,  101,  101,    0,     0,     0
 ED5.2,1167                          ,1321                          ,                    ,1952      ,                ,  101,                    ,                              ,14,0,20190117 19:09:57,    0,         0,        18,65535,65535, 9999,2,                ,0000000,0, 0,         0,    0,0000000000000000000000000000000000000000,0000000000000000000000000000000000000000,         0,         0,         0,         0,1, 0, 0, 0,1167                          ,    0,        18,0,20190117 19:09:39,1321                          ,  101, 9999,  101,  101,    0,     0,     0
 ED5.2,1532                          ,1153                          ,                    ,1952      ,                ,  101,                    ,                              ,14,0,20190117 19:10:30,    0,         0,        20,65535,65535, 9999,2,                ,0000000,0, 0,         0,    0,0000000000000000000000000000000000000000,0000000000000000000000000000000000000000,         0,         0,         0,         0,1, 0, 0, 0,1532                          ,    0,        20,0,20190117 19:10:10,1153                          ,  101, 9999,  101,  101,    0,     0,     0
 ED5.2,6604869                       ,1038                          ,CARLOS ALBER CAS    ,1632      ,                ,  101,                    ,                              , 0,2,20190117 19:10:37,    0,         0,       101,10002,   11,  101,2,                ,0010000,2, 1,         0,    0,1000000000000000000000000000000000000000,0000000000000000000000010000000000001000,         0,         0,         0,         0,1, 0, 0, 0,6604869                       ,    0,         0,0,20190117 19:08:56,1038                          , 9999, 9999, 9999,  101,32767,     0,     0
 ED5.2,1353                          ,1035                          ,                    ,1632      ,                ,  101,                    ,                              ,14,0,20190117 19:10:57,    0,         0,         0,65535,65535, 9999,2,                ,0000000,0, 0,         0,    0,0000000000000000000000000000000000000000,0000000000000000000000000000000000000000,         0,         0,         0,         0,1, 0, 0, 0,1353                          ,    0,         0,0,20190117 19:10:57,1035                          ,  101, 9999,  101,  101,    0,     0,     0
 ED5.2,1353                          ,1532                          ,                    ,1632      ,                ,  101,                    ,                              ,14,0,20190117 19:11:16,    0,         0,         0,65535,65535, 9999,2,                ,0000000,0, 0,         0,    0,0000000000000000000000000000000000000000,0000000000000000000000000000000000000000,         0,         0,         0,         0,1, 0, 0, 0,1353                          ,    0,         0,0,20190117 19:11:16,1532                          ,  101, 9999,  101,  101,    0,     0,     0
 ED5.2,1532                          ,1035                          ,                    ,1632      ,                ,  101,                    ,                              ,14,0,20190117 19:11:16,    0,         0,        11,65535,65535, 9999,2,                ,0000000,0, 0,         0,    0,0000000000000000000000000000000000000000,0000000000000000000000000000000000000000,         0,         0,         0,         0,1, 0, 0, 0,1353                          ,    0,        11,1,20190117 19:11:05,1035                          ,  101, 9999,  101,  101,    0,     0,     0
 ED5.2,1559                          ,2061                          ,                    ,4632      ,                ,  101,                    ,                              ,14,0,20190117 19:11:17,    0,         0,         0,65535,65535, 9999,2,                ,0000000,0, 0,         0,    0,0000000000000000000000000000000000000000,0000000000000000000000000000000000000000,         0,         0,         0,         0,1, 0, 0, 0,1559                          ,    0,         0,0,20190117 19:11:17,2061                          ,  101, 9999,  101,  101,    0,     0,     0
 ED5.2,1353                          ,1035                          ,                    ,1632      ,                ,  101,                    ,1532                          ,14,0,20190117 19:11:36,    0,         0,        19,65535,65535, 9999,2,                ,0000000,0, 0,         0,    0,0000000000000000000000000000000000000000,0000000000000000000000000000000000000000,         0,         0,         0,         0,1, 0, 0, 0,                              ,    0,        19,0,20190117 19:11:17,1035                          ,  101,  101, 9999,  101,    0,     0,     0
 ED5.2,5418914                       ,1324                          ,JENNIFER CORREA     ,1952      ,                ,  101,                    ,                              , 0,2,20190117 19:11:46,    0,         0,       186,10001,   11,  101,2,                ,0010000,2, 1,         0,    0,1000000000000000000000000000000000000000,0000000000000000000000010000000000001000,         0,         0,         0,         0,1, 0, 0, 0,5418914                       ,    0,         0,0,20190117 19:08:40,1324                          , 9999, 9999, 9999,  101,32767,     0,     0
 ED5.2,3245                          ,1265                          ,                    ,1632      ,                ,  101,                    ,                              ,14,0,20190117 19:12:04,    0,         0,      4641,65535,65535, 9999,2,                ,0000000,0, 0,         0,    0,0000000000000000000000000000000000000000,0000000000000000000000000000000000000000,         0,         0,         0,         0,1, 0, 0, 0,3245                          ,    0,      4641,0,20190117 17:54:43,1265                          ,  101, 9999,  101,  101,    0,     0,     0
 ED5.2,2063                          ,2067                          ,                    ,4632      ,                ,  101,                    ,                              ,14,0,20190117 19:12:48,    0,         0,        14,65535,65535, 9999,2,                ,0000000,0, 0,         0,    0,0000000000000000000000000000000000000000,0000000000000000000000000000000000000000,         0,         0,         0,         0,1, 0, 0, 0,2063                          ,    0,        14,0,20190117 19:12:34,2067                          ,  101, 9999,  101,  101,    0,     0,     0
 ED5.2,1549                          ,1180                          ,                    ,1952      ,                ,  101,                    ,                              ,14,0,20190117 19:13:21,    0,         0,         0,65535,65535, 9999,2,                ,0000000,0, 0,         0,    0,0000000000000000000000000000000000000000,0000000000000000000000000000000000000000,         0,         0,         0,         0,1, 0, 0, 0,1549                          ,    0,         0,0,20190117 19:13:21,1180                          ,  101, 9999,  101,  101,    0,     0,     0
 ED5.2,1473                          ,1238                          ,                    ,1949      ,                ,  101,                    ,                              ,14,0,20190117 19:13:28,    0,         0,         0,65535,65535, 9999,2,                ,0000000,0, 0,         0,    0,0000000000000000000000000000000000000000,0000000000000000000000000000000000000000,         0,         0,         0,         0,1, 0, 0, 0,1473                          ,    0,         0,0,20190117 19:13:28,1238                          ,  101, 9999,  101,  101,    0,     0,     0
 ED5.2,1124                          ,1238                          ,                    ,1949      ,                ,  101,                    ,                              ,14,0,20190117 19:13:29,    0,         0,         0,65535,65535, 9999,2,                ,0000000,0, 0,         0,    0,0000000000000000000000000000000000000000,0000000000000000000000000000000000000000,         0,         0,         0,         0,1, 0, 0, 0,1473                          ,    0,         0,1,20190117 19:13:29,1238                          ,  101, 9999,  101,  101,    0,     0,     0
 ED5.2,1444                          ,2061                          ,                    ,4632      ,                ,  101,                    ,                              ,14,0,20190117 19:14:35,    0,         0,         0,65535,65535, 9999,2,                ,0000000,0, 0,         0,    0,0000000000000000000000000000000000000000,0000000000000000000000000000000000000000,         0,         0,         0,         0,1, 0, 0, 0,1444                          ,    0,         0,0,20190117 19:14:35,2061                          ,  101, 9999,  101,  101,    0,     0,     0
 ED5.2,1526                          ,2061                          ,                    ,4632      ,                ,  101,                    ,                              ,14,0,20190117 19:14:42,    0,         0,         0,65535,65535, 9999,2,                ,0000000,0, 0,         0,    0,0000000000000000000000000000000000000000,0000000000000000000000000000000000000000,         0,         0,         0,         0,1, 0, 0, 0,1444                          ,    0,         0,1,20190117 19:14:42,2061                          ,  101, 9999,  101,  101,    0,     0,     0
 ED5.2,1472                          ,2061                          ,                    ,4632      ,                ,  101,                    ,                              ,14,0,20190117 19:14:55,    0,         0,         0,65535,65535, 9999,2,                ,0000000,0, 0,         0,    0,0000000000000000000000000000000000000000,0000000000000000000000000000000000000000,         0,         0,         0,         0,1, 0, 0, 0,1472                          ,    0,         0,0,20190117 19:14:55,2061                          ,  101, 9999,  101,  101,    0,     0,     0
 ED5.2,1176                          ,1532                          ,                    ,1632      ,                ,  101,                    ,                              ,14,0,20190117 19:15:05,    0,         0,        49,65535,65535, 9999,2,                ,0000000,0, 0,         0,    0,0000000000000000000000000000000000000000,0000000000000000000000000000000000000000,         0,         0,         0,         0,1, 0, 0, 0,1176                          ,    0,        49,0,20190117 19:14:16,1532                          ,  101, 9999,  101,  101,    0,     0,     0
 ED5.2,3118125401                    ,1475                          ,ROSA ANGELIC HER    ,1154      ,                ,  101,                    ,                              , 0,1,20190117 19:15:27,    0,         0,       446,  378,   21,  101,2,                ,0010000,0, 0,         0,    0,0000000000000000000000000000000000000000,0000000000000000000000010000000000001000,         0,         0,         0,         0,1, 0, 0, 0,033118125401                  ,    0,         0,0,20190117 19:08:01,1475                          , 9999, 9999, 9999,  101,32767,     0,     0
 ED5.2,6943574                       ,1457                          ,MARLLY LOREN COR    ,1944      ,                ,  101,                    ,                              , 0,2,20190117 19:15:39,    0,         0,        76,10001,   11,  101,2,                ,0010000,2, 1,         0,    0,1000000000000000000000000000000000000000,0000000000000000000000010000000000001000,         0,         0,         0,         0,1, 0, 0, 0,6943574                       ,    0,         0,0,20190117 19:14:23,1457                          , 9999, 9999, 9999,  101,32767,     0,     0
 ED5.2,1565                          ,1747                          ,                    ,1952      ,                ,  101,                    ,                              ,14,0,20190117 19:15:47,    0,         0,         0,65535,65535, 9999,2,                ,0000000,0, 0,         0,    0,0000000000000000000000000000000000000000,0000000000000000000000000000000000000000,         0,         0,         0,         0,1, 0, 0, 0,1565                          ,    0,         0,0,20190117 19:15:47,1747                          ,  101, 9999,  101,  101,    0,     0,     0
 ED5.2,1310                          ,1591                          ,                    ,1952      ,                ,  101,                    ,                              ,14,0,20190117 19:15:50,    0,         0,         0,65535,65535, 9999,2,                ,0000000,0, 0,         0,    0,0000000000000000000000000000000000000000,0000000000000000000000000000000000000000,         0,         0,         0,         0,1, 0, 0, 0,1310                          ,    0,         0,0,20190117 19:15:50,1591                          ,  101, 9999,  101,  101,    0,     0,     0
 ED5.2,1817                          ,1238                          ,                    ,1949      ,                ,  101,                    ,                              ,14,0,20190117 19:15:52,    0,         0,         0,65535,65535, 9999,2,                ,0000000,0, 0,         0,    0,0000000000000000000000000000000000000000,0000000000000000000000000000000000000000,         0,         0,         0,         0,1, 0, 0, 0,1817                          ,    0,         0,0,20190117 19:15:52,1238                          ,  101, 9999,  101,  101,    0,     0,     0
 ED5.2,1033                          ,1238                          ,                    ,1949      ,                ,  101,                    ,                              ,14,0,20190117 19:15:53,    0,         0,         0,65535,65535, 9999,2,                ,0000000,0, 0,         0,    0,0000000000000000000000000000000000000000,0000000000000000000000000000000000000000,         0,         0,         0,         0,1, 0, 0, 0,1817                          ,    0,         0,1,20190117 19:15:53,1238                          ,  101, 9999,  101,  101,    0,     0,     0
 ED5.2,1129                          ,1357                          ,                    ,1632      ,                ,  101,                    ,                              ,14,0,20190117 19:16:05,    0,         0,        19,65535,65535, 9999,2,                ,0000000,0, 0,         0,    0,0000000000000000000000000000000000000000,0000000000000000000000000000000000000000,         0,         0,         0,         0,1, 0, 0, 0,1129                          ,    0,        19,0,20190117 19:15:46,1357                          ,  101, 9999,  101,  101,    0,     0,     0
 ED5.2,3077011                       ,3118                          ,CAROLINA PEREZ M    ,1365      ,                ,  101,                    ,                              , 0,2,20190117 19:17:42,    0,         0,       148,10003,   11,  101,2,                ,0010000,2, 1,         0,    0,1000000000000000000000000000000000000000,0000000000000000000000010000000000001000,         0,         0,         0,         0,1, 0, 0, 0,3077011                       ,    0,         0,0,20190117 19:15:14,3118                          , 9999, 9999, 9999,  101,32767,     0,     0
 ED5.2,1310                          ,1591                          ,                    ,1952      ,                ,  101,                    ,                              ,14,0,20190117 19:17:46,    0,         0,       107,65535,65535, 9999,2,                ,0000000,0, 0,         0,    0,0000000000000000000000000000000000000000,0000000000000000000000000000000000000000,         0,         0,         0,         0,1, 0, 0, 0,1310                          ,    0,       107,0,20190117 19:15:59,1591                          ,  101, 9999,  101,  101,    0,     0,     0
 ED5.2,1818                          ,1235                          ,                    ,1632      ,                ,  101,                    ,                              ,14,0,20190117 19:17:58,    0,         0,        20,65535,65535, 9999,2,                ,0000000,0, 0,         0,    0,0000000000000000000000000000000000000000,0000000000000000000000000000000000000000,         0,         0,         0,         0,1, 0, 0, 0,1818                          ,    0,        20,0,20190117 19:17:38,1235                          ,  101, 9999,  101,  101,    0,     0,     0
 ED5.2,6604876                       ,1369                          ,JUAN ANDRES CARV    ,1632      ,                ,  101,                    ,                              , 0,2,20190117 19:18:25,    0,         0,         0,10001,   11,  101,2,                ,0010000,2, 1,         0,    0,1000000000000000000000000000000000000000,0000000000000000000000010000000000001000,         0,         0,         0,         0,1, 0, 0, 0,6604876                       ,    0,         0,0,20190117 19:18:25,1369                          , 9999, 9999, 9999,  101,32767,     0,     0
 ED5.2,1200                          ,3245                          ,                    ,1673      ,                ,  101,                    ,                              ,14,0,20190117 19:18:29,    0,         0,         0,65535,65535, 9999,2,                ,0000000,0, 0,         0,    0,0000000000000000000000000000000000000000,0000000000000000000000000000000000000000,         0,         0,         0,         0,1, 0, 0, 0,1200                          ,    0,         0,0,20190117 19:18:29,3245                          ,  101, 9999,  101,  101,    0,     0,     0
 ED5.2,6604876                       ,1369                          ,JUAN ANDRES CARV    ,1632      ,                ,  101,                    ,                              , 0,2,20190117 19:18:34,    0,         0,         0,10001,   11,  101,2,                ,0010000,2, 1,         0,    0,1000000000000000000000000000000000000000,0000000000000000000000010000000000001000,         0,         0,         0,         0,1, 0, 0, 0,6604876                       ,    0,         0,0,20190117 19:18:34,1369                          , 9999, 9999, 9999,  101,32767,     0,     0
 ED5.2,1200                          ,3245                          ,                    ,1673      ,                ,  101,                    ,                              ,14,0,20190117 19:18:38,    0,         0,         0,65535,65535, 9999,2,                ,0000000,0, 0,         0,    0,0000000000000000000000000000000000000000,0000000000000000000000000000000000000000,         0,         0,         0,         0,1, 0, 0, 0,1200                          ,    0,         0,0,20190117 19:18:38,3245                          ,  101, 9999,  101,  101,    0,     0,     0
 ED5.2,2093                          ,1237                          ,                    ,1633      ,                ,  101,                    ,1307                          ,14,0,20190117 19:18:43,    0,         0,      1546,65535,65535, 9999,2,                ,0000000,0, 0,         0,    0,0000000000000000000000000000000000000000,0000000000000000000000000000000000000000,         0,         0,         0,         0,1, 0, 0, 0,                              ,    0,      1546,0,20190117 18:52:57,1237                          ,  101,  101, 9999,  101,    0,     0,     0
 ED5.2,6604876                       ,1369                          ,JUAN ANDRES CARV    ,1632      ,                ,  101,                    ,                              , 0,2,20190117 19:18:50,    0,         0,         0,10001,   11,  101,2,                ,0010000,2, 1,         0,    0,1000000000000000000000000000000000000000,0000000000000000000000010000000000001000,         0,         0,         0,         0,1, 0, 0, 0,6604876                       ,    0,         0,0,20190117 19:18:50,1369                          , 9999, 9999, 9999,  101,32767,     0,     0
 ED5.2,1567                          ,1273                          ,                    ,1952      ,                ,  101,                    ,                              ,14,0,20190117 19:19:06,    0,         0,       152,65535,65535, 9999,2,                ,0000000,0, 0,         0,    0,0000000000000000000000000000000000000000,0000000000000000000000000000000000000000,         0,         0,         0,         0,1, 0, 0, 0,1567                          ,    0,       152,0,20190117 19:16:34,1273                          ,  101, 9999,  101,  101,    0,     0,     0
 ED5.2,6604876                       ,1369                          ,JUAN ANDRES CARV    ,1632      ,                ,  101,                    ,                              , 0,2,20190117 19:19:18,    0,         0,         0,10001,   11,  101,2,                ,0010000,2, 1,         0,    0,1000000000000000000000000000000000000000,0000000000000000000000010000000000001000,         0,         0,         0,         0,1, 0, 0, 0,6604876                       ,    0,         0,0,20190117 19:19:18,1369                          , 9999, 9999, 9999,  101,32767,     0,     0
 ED5.2,6103715                       ,1369                          ,JUAN ANDRES CARV    ,1632      ,                ,  101,                    ,                              , 0,2,20190117 19:19:33,    0,         0,         0,10001,   11,  101,2,                ,0010000,2, 1,         0,    0,1000000000000000000000000000000000000000,0000000000000000000000010000000000001000,         0,         0,         0,         0,1, 0, 0, 0,6103715                       ,    0,         0,0,20190117 19:19:33,1369                          , 9999, 9999, 9999,  101,32767,     0,     0
 ED5.2,6103715                       ,1369                          ,JUAN ANDRES CARV    ,1632      ,                ,  101,                    ,                              , 0,2,20190117 19:19:34,    0,         0,         0,10866,   82,  101,2,                ,0010000,2, 1,         0,    0,1000000000000000000000000000000000000000,0000000000000000000000010000000000001000,         0,         0,         0,         0,1, 0, 0, 0,6103715                       ,    0,         0,0,20190117 19:19:34,1369                          , 9999, 9999, 9999,  101,32767,     0,     0
 ED5.2,6103715                       ,1369                          ,JUAN ANDRES CARV    ,1632      ,                ,  101,                    ,                              , 0,2,20190117 19:19:35,    0,         0,         0,  120,   20,  101,2,                ,0010000,2, 1,         0,    0,1000000000000000000000000000000000000000,0000000000000000000000010000000000001000,         0,         0,         0,         0,1, 0, 0, 0,6103715                       ,    0,         0,0,20190117 19:19:35,1369                          , 9999, 9999, 9999,  101,32767,     0,     0
 ED5.2,1454                          ,1304                          ,                    ,1632      ,                ,  101,                    ,                              ,14,0,20190117 19:19:42,    0,         0,       417,65535,65535, 9999,2,                ,0000000,0, 0,         0,    0,0000000000000000000000000000000000000000,0000000000000000000000000000000000000000,         0,         0,         0,         0,1, 0, 0, 0,1454                          ,    0,       417,0,20190117 19:12:45,1304                          ,  101, 9999,  101,  101,    0,     0,     0
 ED5.2,6604876                       ,1038                          ,CARLOS ALBER CAS    ,1632      ,                ,  101,                    ,                              , 0,2,20190117 19:20:00,    0,         0,         0,10001,   11,  101,2,                ,0010000,2, 1,         0,    0,1000000000000000000000000000000000000000,0000000000000000000000010000000000001000,         0,         0,         0,         0,1, 0, 0, 0,6604876                       ,    0,         0,0,20190117 19:20:00,1038                          , 9999, 9999, 9999,  101,32767,     0,     0
 ED5.2,6604869                       ,1343                          ,SOLEY ARCENE GOM    ,1944      ,                ,  101,                    ,                              , 0,2,20190117 19:20:50,    0,         0,       351,10002,   11,  101,2,                ,0010000,2, 1,         0,    0,1000000000000000000000000000000000000000,0000000000000000000000010000000000001000,         0,         0,         0,         0,1, 0, 0, 0,6604869                       ,    0,         0,0,20190117 19:14:59,1343                          , 9999, 9999, 9999,  101,32767,     0,     0
 ED5.2,3005451035                    ,3612                          ,ISABEL BANQUEZ      ,3675      ,                ,  101,                    ,                              , 0,2,20190117 19:22:08,    0,         0,         0,10349,   66,  101,2,                ,0010000,2, 1,         0,    0,1000000000000000000000000000000000000000,0000000000000000000000010000000000001000,         0,         0,         0,         0,1, 0, 0, 0,033005451035                  ,    0,         0,0,20190117 19:22:08,3612                          , 9999, 9999, 9999,  101,32767,     0,     0
 ED5.2,6604869                       ,1038                          ,CARLOS ALBER CAS    ,1632      ,                ,  101,                    ,                              , 0,2,20190117 19:23:47,    0,         0,       194,10001,   11,  101,2,                ,0010000,2, 1,         0,    0,1000000000000000000000000000000000000000,0000000000000000000000010000000000001000,         0,         0,         0,         0,1, 0, 0, 0,6604869                       ,    0,         0,0,20190117 19:20:33,1038                          , 9999, 9999, 9999,  101,32767,     0,     0
 ED5.2,2067                          ,2063                          ,                    ,4632      ,                ,  101,                    ,                              ,14,0,20190117 19:23:53,    0,         0,         0,65535,65535, 9999,2,                ,0000000,0, 0,         0,    0,0000000000000000000000000000000000000000,0000000000000000000000000000000000000000,         0,         0,         0,         0,1, 0, 0, 0,2067                          ,    0,         0,0,20190117 19:23:53,2063                          ,  101, 9999,  101,  101,    0,     0,     0
 ED5.2,1748                          ,1736                          ,                    ,1635      ,                ,  101,                    ,                              ,14,0,20190117 19:23:58,    0,         0,        10,65535,65535, 9999,2,                ,0000000,0, 0,         0,    0,0000000000000000000000000000000000000000,0000000000000000000000000000000000000000,         0,         0,         0,         0,1, 0, 0, 0,1748                          ,    0,        10,0,20190117 19:23:48,1736                          ,  101, 9999,  101,  101,    0,     0,     0
 ED5.2,6604869                       ,1238                          ,TANIA ALEJAN ROD    ,1949      ,                ,  101,                    ,                              , 0,2,20190117 19:24:02,    0,         0,       111,10002,   11,  101,2,                ,0010000,2, 1,         0,    0,1000000000000000000000000000000000000000,0000000000000000000000010000000000001000,         0,         0,         0,         0,1, 0, 0, 0,6604869                       ,    0,         0,0,20190117 19:22:11,1238                          , 9999, 9999, 9999,  101,32767,     0,     0
 ED5.2,3317                          ,1334                          ,                    ,1949      ,                ,  101,                    ,                              ,14,0,20190117 19:24:05,    0,         0,         0,65535,65535, 9999,2,                ,0000000,0, 0,         0,    0,0000000000000000000000000000000000000000,0000000000000000000000000000000000000000,         0,         0,         0,         0,1, 0, 0, 0,3317                          ,    0,         0,0,20190117 19:24:05,1334                          ,  101, 9999,  101,  101,    0,     0,     0
 ED5.2,8070417                       ,1380                          ,JORGE EDUARD GON    ,1952      ,                ,  101,                    ,                              , 4,2,20190117 19:24:22,    0,         0,       209,  120,   20,  101,2,                ,0000000,3, 0,         0,    0,0000000000000000000000000000000000000000,0000000000000000000000010000000000000000,         0,         0,         0,         0,1, 0, 0, 0,A800                          ,   17,       192,0,20190117 19:20:53,                              , 9999, 9999, 9999, 9999,32767,     0,     0
 ED5.2,5733014                       ,4072                          ,EVA CASTANED        ,2952      ,                ,  101,                    ,                              , 0,2,20190117 19:24:38,    0,         0,       184,10445,   15,  101,2,                ,0010000,2, 1,         0,    0,1000000000000000000000000000000000000000,0000000000000000000000010000000000001000,         0,         0,         0,         0,1, 0, 0, 0,5733014                       ,    0,         0,0,20190117 19:21:34,4072                          , 9999, 9999, 9999,  101,32767,     0,     0
 ED5.2,1590                          ,1540                          ,                    ,1952      ,                ,  101,                    ,                              ,14,0,20190117 19:24:51,    0,         0,         0,65535,65535, 9999,2,                ,0000000,0, 0,         0,    0,0000000000000000000000000000000000000000,0000000000000000000000000000000000000000,         0,         0,         0,         0,1, 0, 0, 0,1590                          ,    0,         0,0,20190117 19:24:51,1540                          ,  101, 9999,  101,  101,    0,     0,     0
 ED5.2,663138614991                  ,1821                          ,XIMENA ALEXA SAS    ,1632      ,                ,  101,                    ,                              , 4,2,20190117 19:25:30,    0,         0,        28,  120,   20,  101,2,                ,0000000,2, 1,         0,    0,0000000000000000000000000000000000000000,0000000000000000000000010000000000000000,         0,         0,         0,         0,1, 0, 0, 0,A800                          ,   15,        14,0,20190117 19:25:02,                              , 9999, 9999, 9999, 9999,32767,     0,     0
 ED5.2,3275480                       ,1896                          ,EDGAR YECID BERM    ,1632      ,                ,  101,                    ,                              , 4,2,20190117 19:25:32,    0,         0,        18,  121,   20,  101,2,                ,0000000,2, 1,         0,    0,0000000000000000000000000000000000000000,0000000000000000000000010000000000000000,         0,         0,         0,         0,1, 0, 0, 0,A800                          ,   18,         0,0,20190117 19:25:14,                              , 9999, 9999, 9999, 9999,32767,     0,     0
 ED5.2,4057                          ,4016                          ,                    ,2952      ,                ,  101,                    ,                              ,14,0,20190117 19:25:50,    0,         0,        28,65535,65535, 9999,2,                ,0000000,0, 0,         0,    0,0000000000000000000000000000000000000000,0000000000000000000000000000000000000000,         0,         0,         0,         0,1, 0, 0, 0,4057                          ,    0,        28,0,20190117 19:25:22,4016                          ,  101, 9999,  101,  101,    0,     0,     0
 ED5.2,1032                          ,3243                          ,                    ,1949      ,                ,  101,                    ,                              ,14,0,20190117 19:25:51,    0,         0,        19,65535,65535, 9999,2,                ,0000000,0, 0,         0,    0,0000000000000000000000000000000000000000,0000000000000000000000000000000000000000,         0,         0,         0,         0,1, 0, 0, 0,1032                          ,    0,        19,0,20190117 19:25:32,3243                          ,  101, 9999,  101,  101,    0,     0,     0
 ED5.2,2063                          ,2067                          ,                    ,4632      ,                ,  101,                    ,                              ,14,0,20190117 19:29:26,    0,         0,        31,65535,65535, 9999,2,                ,0000000,0, 0,         0,    0,0000000000000000000000000000000000000000,0000000000000000000000000000000000000000,         0,         0,         0,         0,1, 0, 0, 0,2063                          ,    0,        31,0,20190117 19:28:55,2067                          ,  101, 9999,  101,  101,    0,     0,     0
 ED5.2,7795880                       ,1586                          ,INGRID  CABRERA     ,1952      ,                ,  101,                    ,                              , 0,2,20190117 19:29:44,    0,         0,        87,10866,   82,  101,2,                ,0010000,2, 1,         0,    0,1000000000000000000000000000000000000000,0000000000000000000000010000000000001000,         0,         0,         0,         0,1, 0, 0, 0,7795880                       ,    0,         0,0,20190117 19:28:17,1586                          , 9999, 9999, 9999,  101,32767,     0,     0
 ED5.2,6604869                       ,1353                          ,ANGIE JOHANN ROD    ,1632      ,                ,  101,                    ,                              , 0,2,20190117 19:30:18,    0,         0,        57,10002,   11,  101,2,                ,0010000,2, 1,         0,    0,1000000000000000000000000000000000000000,0000000000000000000000010000000000001000,         0,         0,         0,         0,1, 0, 0, 0,6604869                       ,    0,         0,0,20190117 19:29:21,1353                          , 9999, 9999, 9999,  101,32767,     0,     0
 ED5.2,1298                          ,3153                          ,                    ,1945      ,                ,  101,                    ,                              ,14,0,20190117 19:32:02,    0,         0,      3192,65535,65535, 9999,2,                ,0000000,0, 0,         0,    0,0000000000000000000000000000000000000000,0000000000000000000000000000000000000000,         0,         0,         0,         0,1, 0, 0, 0,1298                          ,    0,      3192,0,20190117 18:38:50,3153                          ,  101, 9999,  101,  101,    0,     0,     0
 ED5.2,3904045                       ,2092                          ,SHARON DAYAN SOL    ,4632      ,                ,  101,                    ,                              , 0,2,20190117 19:32:34,    0,         0,         0,  308,   65,  101,2,                ,0010000,2, 1,         0,    0,1000000000000000000000000000000000000000,0000000000000000000000010000000000001000,         0,         0,         0,         0,1, 0, 0, 0,3904045                       ,    0,         0,0,20190117 19:32:34,2092                          , 9999, 9999, 9999,  101,32767,     0,     0
 ED5.2,4021                          ,4016                          ,                    ,2952      ,                ,  101,                    ,                              ,14,0,20190117 19:32:49,    0,         0,       285,65535,65535, 9999,2,                ,0000000,0, 0,         0,    0,0000000000000000000000000000000000000000,0000000000000000000000000000000000000000,         0,         0,         0,         0,1, 0, 0, 0,4021                          ,    0,       285,0,20190117 19:28:04,4016                          ,  101, 9999,  101,  101,    0,     0,     0
 ED5.2,1153                          ,1532                          ,                    ,1632      ,                ,  101,                    ,                              ,14,0,20190117 19:33:46,    0,         0,         0,65535,65535, 9999,2,                ,0000000,0, 0,         0,    0,0000000000000000000000000000000000000000,0000000000000000000000000000000000000000,         0,         0,         0,         0,1, 0, 0, 0,1153                          ,    0,         0,0,20190117 19:33:46,1532                          ,  101, 9999,  101,  101,    0,     0,     0
 ED5.2,4009                          ,4054                          ,                    ,2952      ,                ,  101,                    ,                              ,14,0,20190117 19:33:56,    0,         0,         0,65535,65535, 9999,2,                ,0000000,0, 0,         0,    0,0000000000000000000000000000000000000000,0000000000000000000000000000000000000000,         0,         0,         0,         0,1, 0, 0, 0,4009                          ,    0,         0,0,20190117 19:33:56,4054                          ,  101, 9999,  101,  101,    0,     0,     0
 ED5.2,8283511                       ,1043                          ,YEIMY PAOLA ESPI    ,1632      ,                ,  101,                    ,                              , 0,2,20190117 19:34:15,    0,         0,       475,10001,   11,  101,2,                ,0010000,2, 1,         0,    0,1000000000000000000000000000000000000000,0000000000000000000000010000000000001000,         0,         0,         0,         0,1, 0, 0, 0,8283511                       ,    0,         0,0,20190117 19:26:20,1043                          , 9999, 9999, 9999,  101,32767,     0,     0
 ED5.2,4016                          ,4021                          ,                    ,2843      ,                ,  101,                    ,                              ,14,0,20190117 19:34:15,    0,         0,        19,65535,65535, 9999,2,                ,0000000,0, 0,         0,    0,0000000000000000000000000000000000000000,0000000000000000000000000000000000000000,         0,         0,         0,         0,1, 0, 0, 0,4016                          ,    0,        19,0,20190117 19:33:56,4021                          ,  101, 9999,  101,  101,    0,     0,     0
 ED5.2,3924045                       ,2092                          ,SHARON DAYAN SOL    ,4632      ,                ,  101,                    ,                              , 0,2,20190117 19:34:27,    0,         0,        97,  309,   65,  101,2,                ,0010000,2, 1,         0,    0,1000000000000000000000000000000000000000,0000000000000000000000010000000000001000,         0,         0,         0,         0,1, 0, 0, 0,3924045                       ,    0,         0,0,20190117 19:32:50,2092                          , 9999, 9999, 9999,  101,32767,     0,     0
 ED5.2,3789860                       ,FS020                         ,ETB                 ,          ,                ,  101,                    ,                              , 4,2,20190117 19:34:32,    0,         0,        47,  120,   20,  101,2,                ,0000000,3, 0,         0,    0,0000000000000000000000000000000000000000,0000000000000000000000010000000000000000,         0,         0,         0,         0,1, 0, 0, 0,A800                          ,   48,         0,1,20190117 19:33:45,                              , 9999, 9999, 9999, 9999,32767,     0,     0
 ED5.2,2063                          ,2067                          ,                    ,4632      ,                ,  101,                    ,                              ,14,0,20190117 19:34:34,    0,         0,         0,65535,65535, 9999,2,                ,0000000,0, 0,         0,    0,0000000000000000000000000000000000000000,0000000000000000000000000000000000000000,         0,         0,         0,         0,1, 0, 0, 0,2063                          ,    0,         0,0,20190117 19:34:34,2067                          ,  101, 9999,  101,  101,    0,     0,     0
 ED5.2,4055                          ,4016                          ,                    ,2952      ,                ,  101,                    ,                              ,14,0,20190117 19:35:40,    0,         0,         0,65535,65535, 9999,2,                ,0000000,0, 0,         0,    0,0000000000000000000000000000000000000000,0000000000000000000000000000000000000000,         0,         0,         0,         0,1, 0, 0, 0,4055                          ,    0,         0,0,20190117 19:35:40,4016                          ,  101, 9999,  101,  101,    0,     0,     0
 ED5.2,4087                          ,4054                          ,                    ,2952      ,                ,  101,                    ,                              ,14,0,20190117 19:36:00,    0,         0,       120,65535,65535, 9999,2,                ,0000000,0, 0,         0,    0,0000000000000000000000000000000000000000,0000000000000000000000000000000000000000,         0,         0,         0,         0,1, 0, 0, 0,4087                          ,    0,       120,0,20190117 19:34:00,4054                          ,  101, 9999,  101,  101,    0,     0,     0
 ED5.2,4077                          ,4017                          ,                    ,2843      ,                ,  101,                    ,                              ,14,0,20190117 19:36:08,    0,         0,         5,65535,65535, 9999,2,                ,0000000,0, 0,         0,    0,0000000000000000000000000000000000000000,0000000000000000000000000000000000000000,         0,         0,         0,         0,1, 0, 0, 0,4077                          ,    0,         5,0,20190117 19:36:03,4017                          ,  101, 9999,  101,  101,    0,     0,     0
 ED5.2,4021                          ,4016                          ,                    ,2952      ,                ,  101,                    ,                              ,14,0,20190117 19:36:41,    0,         0,        46,65535,65535, 9999,2,                ,0000000,0, 0,         0,    0,0000000000000000000000000000000000000000,0000000000000000000000000000000000000000,         0,         0,         0,         0,1, 0, 0, 0,4021                          ,    0,        46,0,20190117 19:35:55,4016                          ,  101, 9999,  101,  101,    0,     0,     0
 ED5.2,3253                          ,3130                          ,                    ,1979      ,                ,  101,                    ,                              ,14,0,20190117 19:38:34,    0,         0,        62,65535,65535, 9999,2,                ,0000000,0, 0,         0,    0,0000000000000000000000000000000000000000,0000000000000000000000000000000000000000,         0,         0,         0,         0,1, 0, 0, 0,3253                          ,    0,        62,0,20190117 19:37:32,3130                          ,  101, 9999,  101,  101,    0,     0,     0
 ED5.2,2123505                       ,1553                          ,JEIMY ANDREA ARE    ,1215      ,                ,  101,                    ,                              , 0,2,20190117 19:39:09,    0,         0,       129,10867,   82,  101,2,                ,0010000,2, 1,         0,    0,1000000000000000000000000000000000000000,0000000000000000000000010000000000001000,         0,         0,         0,         0,1, 0, 0, 0,2123505                       ,    0,         0,0,20190117 19:37:00,1553                          , 9999, 9999, 9999,  101,32767,     0,     0
 ED5.2,1816                          ,1452                          ,                    ,1632      ,                ,  101,                    ,                              ,14,0,20190117 19:39:12,    0,         0,         0,65535,65535, 9999,2,                ,0000000,0, 0,         0,    0,0000000000000000000000000000000000000000,0000000000000000000000000000000000000000,         0,         0,         0,         0,1, 0, 0, 0,1816                          ,    0,         0,0,20190117 19:39:12,1452                          ,  101, 9999,  101,  101,    0,     0,     0
 ED5.2,3239                          ,1512                          ,                    ,1632      ,                ,  101,                    ,                              ,14,0,20190117 19:39:28,    0,         0,        41,65535,65535, 9999,2,                ,0000000,0, 0,         0,    0,0000000000000000000000000000000000000000,0000000000000000000000000000000000000000,         0,         0,         0,         0,1, 0, 0, 0,3239                          ,    0,        41,0,20190117 19:38:47,1512                          ,  101, 9999,  101,  101,    0,     0,     0
 ED5.2,6074949                       ,FS020                         ,ETB                 ,          ,                ,  101,                    ,                              , 4,2,20190117 19:39:30,    0,         0,         3,  120,   20,  101,2,                ,0000000,2, 0,         0,    0,0000000000000000000000000000000000000000,0000000000000000000000010000000000000000,         0,         0,         0,         0,1, 0, 0, 0,A800                          ,    4,         0,0,20190117 19:39:27,                              , 9999, 9999, 9999, 9999,32767,     0,     0
 ED5.2,2063                          ,2092                          ,                    ,4632      ,                ,  101,                    ,                              ,14,0,20190117 19:41:07,    0,         0,         0,65535,65535, 9999,2,                ,0000000,0, 0,         0,    0,0000000000000000000000000000000000000000,0000000000000000000000000000000000000000,         0,         0,         0,         0,1, 0, 0, 0,2063                          ,    0,         0,0,20190117 19:41:07,2092                          ,  101, 9999,  101,  101,    0,     0,     0
 ED5.2,1307                          ,1736                          ,                    ,1635      ,                ,  101,                    ,                              ,14,0,20190117 19:41:10,    0,         0,         5,65535,65535, 9999,2,                ,0000000,0, 0,         0,    0,0000000000000000000000000000000000000000,0000000000000000000000000000000000000000,         0,         0,         0,         0,1, 0, 0, 0,1307                          ,    0,         5,0,20190117 19:41:05,1736                          ,  101, 9999,  101,  101,    0,     0,     0
 ED5.2,1525                          ,1736                          ,                    ,1635      ,                ,  101,                    ,                              ,14,0,20190117 19:41:29,    0,         0,         0,65535,65535, 9999,2,                ,0000000,0, 0,         0,    0,0000000000000000000000000000000000000000,0000000000000000000000000000000000000000,         0,         0,         0,         0,1, 0, 0, 0,1525                          ,    0,         0,0,20190117 19:41:29,1736                          ,  101, 9999,  101,  101,    0,     0,     0
 ED5.2,4349213                       ,1314                          ,INGENIERO DESARR    ,1945      ,                ,  101,                    ,                              , 0,2,20190117 19:41:30,    0,         0,        46,10001,   11,  101,2,                ,0010000,2, 1,         0,    0,1000000000000000000000000000000000000000,0000000000000000000000010000000000001000,         0,         0,         0,         0,1, 0, 0, 0,4349213                       ,    0,         0,0,20190117 19:40:44,1314                          , 9999, 9999, 9999,  101,32767,     0,     0
 ED5.2,1890                          ,1736                          ,                    ,1635      ,                ,  101,                    ,                              ,14,0,20190117 19:41:35,    0,         0,         0,65535,65535, 9999,2,                ,0000000,0, 0,         0,    0,0000000000000000000000000000000000000000,0000000000000000000000000000000000000000,         0,         0,         0,         0,1, 0, 0, 0,1525                          ,    0,         0,1,20190117 19:41:35,1736                          ,  101, 9999,  101,  101,    0,     0,     0
 ED5.2,3253                          ,3130                          ,                    ,1979      ,                ,  101,                    ,                              ,14,0,20190117 19:41:38,    0,         0,         0,65535,65535, 9999,2,                ,0000000,0, 0,         0,    0,0000000000000000000000000000000000000000,0000000000000000000000000000000000000000,         0,         0,         0,         0,1, 0, 0, 0,3253                          ,    0,         0,0,20190117 19:41:38,3130                          ,  101, 9999,  101,  101,    0,     0,     0
 ED5.2,88                            ,3130                          ,                    ,1979      ,                ,  101,                    ,                              ,14,0,20190117 19:41:40,    0,         0,         2,65535,65535, 9999,2,                ,0000000,0, 0,         0,    0,0000000000000000000000000000000000000000,0000000000000000000000000000000000000000,         0,         0,         0,         0,1, 0, 0, 0,3253                          ,    0,         2,1,20190117 19:41:38,3130                          ,  101, 9999,  101,  101,    0,     0,     0
 ED5.2,1820                          ,1736                          ,                    ,1635      ,                ,  101,                    ,                              ,14,0,20190117 19:41:46,    0,         0,         5,65535,65535, 9999,2,                ,0000000,0, 0,         0,    0,0000000000000000000000000000000000000000,0000000000000000000000000000000000000000,         0,         0,         0,         0,1, 0, 0, 0,1820                          ,    0,         5,0,20190117 19:41:41,1736                          ,  101, 9999,  101,  101,    0,     0,     0
 ED5.2,7214248                       ,3327                          ,ASISTENTE OPERAT    ,1949      ,                ,  101,                    ,                              , 0,2,20190117 19:42:01,    0,         0,       380,10866,   82,  101,2,                ,0010000,2, 1,         0,    0,1000000000000000000000000000000000000000,0000000000000000000000010000000000001000,         0,         0,         0,         0,1, 0, 0, 0,7214248                       ,    0,         0,0,20190117 19:35:41,3327                          , 9999, 9999, 9999,  101,32767,     0,     0
 ED5.2,1032                          ,1820                          ,                    ,1632      ,                ,  101,                    ,                              ,14,0,20190117 19:42:01,    0,         0,         6,65535,65535, 9999,2,                ,0000000,0, 0,         0,    0,0000000000000000000000000000000000000000,0000000000000000000000000000000000000000,         0,         0,         0,         0,1, 0, 0, 0,1032                          ,    0,         6,0,20190117 19:41:55,1820                          ,  101, 9999,  101,  101,    0,     0,     0
 ED5.2,3123977                       ,1553                          ,JEIMY ANDREA ARE    ,1215      ,                ,  101,                    ,                              , 0,2,20190117 19:42:17,    0,         0,       161,10867,   82,  101,2,                ,0010000,2, 1,         0,    0,1000000000000000000000000000000000000000,0000000000000000000000010000000000001000,         0,         0,         0,         0,1, 0, 0, 0,3123977                       ,    0,         0,0,20190117 19:39:36,1553                          , 9999, 9999, 9999,  101,32767,     0,     0
 ED5.2,1525                          ,1736                          ,                    ,1635      ,                ,  101,                    ,                              ,14,0,20190117 19:42:44,    0,         0,         0,65535,65535, 9999,2,                ,0000000,0, 0,         0,    0,0000000000000000000000000000000000000000,0000000000000000000000000000000000000000,         0,         0,         0,         0,1, 0, 0, 0,1525                          ,    0,         0,0,20190117 19:42:44,1736                          ,  101, 9999,  101,  101,    0,     0,     0
 ED5.2,1890                          ,1736                          ,                    ,1635      ,                ,  101,                    ,                              ,14,0,20190117 19:43:00,    0,         0,         0,65535,65535, 9999,2,                ,0000000,0, 0,         0,    0,0000000000000000000000000000000000000000,0000000000000000000000000000000000000000,         0,         0,         0,         0,1, 0, 0, 0,1525                          ,    0,         0,1,20190117 19:43:00,1736                          ,  101, 9999,  101,  101,    0,     0,     0
 ED5.2,1889                          ,1736                          ,                    ,1635      ,                ,  101,                    ,                              ,14,0,20190117 19:43:00,    0,         0,         0,65535,65535, 9999,2,                ,0000000,0, 0,         0,    0,0000000000000000000000000000000000000000,0000000000000000000000000000000000000000,         0,         0,         0,         0,1, 0, 0, 0,1525                          ,    0,         0,1,20190117 19:43:00,1736                          ,  101, 9999,  101,  101,    0,     0,     0
 ED5.2,1742                          ,1736                          ,                    ,1635      ,                ,  101,                    ,                              ,14,0,20190117 19:43:36,    0,         0,         6,65535,65535, 9999,2,                ,0000000,0, 0,         0,    0,0000000000000000000000000000000000000000,0000000000000000000000000000000000000000,         0,         0,         0,         0,1, 0, 0, 0,1742                          ,    0,         6,0,20190117 19:43:30,1736                          ,  101, 9999,  101,  101,    0,     0,     0
 ED5.2,1032                          ,1736                          ,                    ,1635      ,                ,  101,                    ,                              ,14,0,20190117 19:43:54,    0,         0,         0,65535,65535, 9999,2,                ,0000000,0, 0,         0,    0,0000000000000000000000000000000000000000,0000000000000000000000000000000000000000,         0,         0,         0,         0,1, 0, 0, 0,1032                          ,    0,         0,0,20190117 19:43:54,1736                          ,  101, 9999,  101,  101,    0,     0,     0
 ED5.2,1449                          ,1736                          ,                    ,1635      ,                ,  101,                    ,                              ,14,0,20190117 19:43:57,    0,         0,         0,65535,65535, 9999,2,                ,0000000,0, 0,         0,    0,0000000000000000000000000000000000000000,0000000000000000000000000000000000000000,         0,         0,         0,         0,1, 0, 0, 0,1032                          ,    0,         0,1,20190117 19:43:57,1736                          ,  101, 9999,  101,  101,    0,     0,     0
 ED5.2,66048                         ,3327                          ,ASISTENTE OPERAT    ,1949      ,                ,  101,                    ,                              , 0,2,20190117 19:44:07,    0,         0,         0,10866,   82,  101,2,                ,0010000,2, 1,         0,    0,1000000000000000000000000000000000000000,0000000000000000000000010000000000001000,         0,         0,         0,         0,1, 0, 0, 0,66048                         ,    0,         0,0,20190117 19:44:07,3327                          , 9999, 9999, 9999,  101,32767,     0,     0
 ED5.2,1526                          ,1736                          ,                    ,1635      ,                ,  101,                    ,                              ,14,0,20190117 19:44:11,    0,         0,         5,65535,65535, 9999,2,                ,0000000,0, 0,         0,    0,0000000000000000000000000000000000000000,0000000000000000000000000000000000000000,         0,         0,         0,         0,1, 0, 0, 0,1526                          ,    0,         5,0,20190117 19:44:06,1736                          ,  101, 9999,  101,  101,    0,     0,     0
 ED5.2,6684869                       ,3327                          ,ASISTENTE OPERAT    ,1949      ,                ,  101,                    ,                              , 0,2,20190117 19:44:15,    0,         0,         0,10866,   82,  101,2,                ,0010000,2, 1,         0,    0,1000000000000000000000000000000000000000,0000000000000000000000010000000000001000,         0,         0,         0,         0,1, 0, 0, 0,6684869                       ,    0,         0,0,20190117 19:44:15,3327                          , 9999, 9999, 9999,  101,32767,     0,     0
 ED5.2,6044535                       ,4051                          ,MARTHA CECIL FER    ,2635      ,                ,  101,                    ,                              , 0,2,20190117 19:44:27,    0,         0,         0,10445,   15,  101,2,                ,0010000,2, 1,         0,    0,1000000000000000000000000000000000000000,0000000000000000000000010000000000001000,         0,         0,         0,         0,1, 0, 0, 0,6044535                       ,    0,         0,0,20190117 19:44:27,4051                          , 9999, 9999, 9999,  101,32767,     0,     0
 ED5.2,0946044535                    ,4051                          ,MARTHA CECIL FER    ,2635      ,                ,  101,                    ,                              , 0,2,20190117 19:44:28,    0,         0,         0,10866,   82,  101,2,                ,0010000,2, 1,         0,    0,1000000000000000000000000000000000000000,0000000000000000000000010000000000001000,         0,         0,         0,         0,1, 0, 0, 0,6044535                       ,    0,         0,0,20190117 19:44:28,4051                          , 9999, 9999, 9999,  101,32767,     0,     0
 ED5.2,1213                          ,1736                          ,                    ,1635      ,                ,  101,                    ,                              ,14,0,20190117 19:44:34,    0,         0,         8,65535,65535, 9999,2,                ,0000000,0, 0,         0,    0,0000000000000000000000000000000000000000,0000000000000000000000000000000000000000,         0,         0,         0,         0,1, 0, 0, 0,1213                          ,    0,         8,0,20190117 19:44:26,1736                          ,  101, 9999,  101,  101,    0,     0,     0
 ED5.2,7436769                       ,FS082                         ,SIPsalida           ,          ,                ,  101,                    ,                              , 4,2,20190117 19:44:55,    0,         0,        27,10867,   82,  101,2,                ,0000000,2, 0,         0,    0,0000000000000000000000000000000000000000,0000000000000000000000010000000000000000,         0,         0,         0,         0,1, 0, 0, 0,A500                          ,   28,         0,0,20190117 19:44:28,                              , 9999, 9999, 9999, 9999,32767,     0,     0
 ED5.2,1532                          ,1736                          ,                    ,1635      ,                ,  101,                    ,                              ,14,0,20190117 19:44:59,    0,         0,         0,65535,65535, 9999,2,                ,0000000,0, 0,         0,    0,0000000000000000000000000000000000000000,0000000000000000000000000000000000000000,         0,         0,         0,         0,1, 0, 0, 0,1532                          ,    0,         0,0,20190117 19:44:59,1736                          ,  101, 9999,  101,  101,    0,     0,     0
 ED5.2,1005                          ,1228                          ,                    ,1949      ,                ,  101,                    ,                              ,14,0,20190117 19:45:03,    0,         0,        72,65535,65535, 9999,2,                ,0000000,0, 0,         0,    0,0000000000000000000000000000000000000000,0000000000000000000000000000000000000000,         0,         0,         0,         0,1, 0, 0, 0,1005                          ,    0,        72,0,20190117 19:43:51,1228                          ,  101, 9999,  101,  101,    0,     0,     0
 ED5.2,1452                          ,1736                          ,                    ,1635      ,                ,  101,                    ,                              ,14,0,20190117 19:45:05,    0,         0,         0,65535,65535, 9999,2,                ,0000000,0, 0,         0,    0,0000000000000000000000000000000000000000,0000000000000000000000000000000000000000,         0,         0,         0,         0,1, 0, 0, 0,1532                          ,    0,         0,1,20190117 19:45:05,1736                          ,  101, 9999,  101,  101,    0,     0,     0
 ED5.2,1340                          ,1532                          ,                    ,1632      ,                ,  101,                    ,                              ,14,0,20190117 19:45:38,    0,         0,         0,65535,65535, 9999,2,                ,0000000,0, 0,         0,    0,0000000000000000000000000000000000000000,0000000000000000000000000000000000000000,         0,         0,         0,         0,1, 0, 0, 0,1736                          ,    0,         0,1,20190117 19:45:38,1532                          ,  101, 9999,  101,  101,    0,     0,     0
 ED5.2,88                            ,1532                          ,                    ,1632      ,                ,  101,                    ,                              ,14,0,20190117 19:45:39,    0,         0,         1,65535,65535, 9999,2,                ,0000000,0, 0,         0,    0,0000000000000000000000000000000000000000,0000000000000000000000000000000000000000,         0,         0,         0,         0,1, 0, 0, 0,1736                          ,    0,         1,1,20190117 19:45:38,1532                          ,  101, 9999,  101,  101,    0,     0,     0
 ED5.2,7436769                       ,FS082                         ,SIPsalida           ,          ,                ,  101,                    ,                              , 4,2,20190117 19:45:56,    0,         0,        38,10867,   82,  101,2,                ,0000000,2, 0,         0,    0,0000000000000000000000000000000000000000,0000000000000000000000010000000000000000,         0,         0,         0,         0,1, 0, 0, 0,A500                          ,   39,         0,1,20190117 19:45:18,                              , 9999, 9999, 9999, 9999,32767,     0,     0
 ED5.2,2123505                       ,3327                          ,ASISTENTE OPERAT    ,1949      ,                ,  101,                    ,                              , 0,2,20190117 19:46:56,    0,         0,        96,10866,   82,  101,2,                ,0010000,2, 1,         0,    0,1000000000000000000000000000000000000000,0000000000000000000000010000000000001000,         0,         0,         0,         0,1, 0, 0, 0,2123505                       ,    0,         0,0,20190117 19:45:20,3327                          , 9999, 9999, 9999,  101,32767,     0,     0
 ED5.2,3971205                       ,1036                          ,JUANITA PAEZ COR    ,1632      ,                ,  101,                    ,                              , 4,2,20190117 19:47:13,    0,         0,        56,  120,   20,  101,2,                ,0000000,3, 0,         0,    0,0000000000000000000000000000000000000000,0000000000000000000000010000000000000000,         0,         0,         0,         0,1, 0, 0, 0,A800                          ,   56,         0,1,20190117 19:46:17,                              , 9999, 9999, 9999, 9999,32767,     0,     0
 ED5.2,1353                          ,1736                          ,                    ,1635      ,                ,  101,                    ,                              ,14,0,20190117 19:48:15,    0,         0,         0,65535,65535, 9999,2,                ,0000000,0, 0,         0,    0,0000000000000000000000000000000000000000,0000000000000000000000000000000000000000,         0,         0,         0,         0,1, 0, 0, 0,1353                          ,    0,         0,0,20190117 19:48:15,1736                          ,  101, 9999,  101,  101,    0,     0,     0
 ED5.2,1532                          ,1736                          ,                    ,1635      ,                ,  101,                    ,                              ,14,0,20190117 19:48:26,    0,         0,         5,65535,65535, 9999,2,                ,0000000,0, 0,         0,    0,0000000000000000000000000000000000000000,0000000000000000000000000000000000000000,         0,         0,         0,         0,1, 0, 0, 0,1353                          ,    0,         5,1,20190117 19:48:21,1736                          ,  101, 9999,  101,  101,    0,     0,     0
 ED5.2,4087                          ,4054                          ,                    ,2952      ,                ,  101,                    ,                              ,14,0,20190117 19:49:12,    0,         0,         0,65535,65535, 9999,2,                ,0000000,0, 0,         0,    0,0000000000000000000000000000000000000000,0000000000000000000000000000000000000000,         0,         0,         0,         0,1, 0, 0, 0,4087                          ,    0,         0,0,20190117 19:49:12,4054                          ,  101, 9999,  101,  101,    0,     0,     0
 ED5.2,4087                          ,4025                          ,                    ,2952      ,                ,  101,                    ,                              ,14,0,20190117 19:49:15,    0,         0,        10,65535,65535, 9999,2,                ,0000000,0, 0,         0,    0,0000000000000000000000000000000000000000,0000000000000000000000000000000000000000,         0,         0,         0,         0,1, 0, 0, 0,4087                          ,    0,        10,0,20190117 19:49:05,4025                          ,  101, 9999,  101,  101,    0,     0,     0
 ED5.2,4021                          ,4016                          ,                    ,2952      ,                ,  101,                    ,                              ,14,0,20190117 19:49:23,    0,         0,        98,65535,65535, 9999,2,                ,0000000,0, 0,         0,    0,0000000000000000000000000000000000000000,0000000000000000000000000000000000000000,         0,         0,         0,         0,1, 0, 0, 0,4021                          ,    0,        98,0,20190117 19:47:45,4016                          ,  101, 9999,  101,  101,    0,     0,     0
 ED5.2,4087                          ,4025                          ,                    ,2952      ,                ,  101,                    ,                              ,14,0,20190117 19:49:47,    0,         0,        19,65535,65535, 9999,2,                ,0000000,0, 0,         0,    0,0000000000000000000000000000000000000000,0000000000000000000000000000000000000000,         0,         0,         0,         0,1, 0, 0, 0,4087                          ,    0,        19,0,20190117 19:49:28,4025                          ,  101, 9999,  101,  101,    0,     0,     0
 ED5.2,1238                          ,1736                          ,                    ,1635      ,                ,  101,                    ,                              ,14,0,20190117 19:49:48,    0,         0,         6,65535,65535, 9999,2,                ,0000000,0, 0,         0,    0,0000000000000000000000000000000000000000,0000000000000000000000000000000000000000,         0,         0,         0,         0,1, 0, 0, 0,1238                          ,    0,         6,0,20190117 19:49:42,1736                          ,  101, 9999,  101,  101,    0,     0,     0
 ED5.2,1168                          ,1737                          ,                    ,1635      ,                ,  101,                    ,                              ,14,0,20190117 19:50:07,    0,         0,         0,65535,65535, 9999,2,                ,0000000,0, 0,         0,    0,0000000000000000000000000000000000000000,0000000000000000000000000000000000000000,         0,         0,         0,         0,1, 0, 0, 0,1168                          ,    0,         0,0,20190117 19:50:07,1737                          ,  101, 9999,  101,  101,    0,     0,     0
 ED5.2,4087                          ,4025                          ,                    ,2952      ,                ,  101,                    ,                              ,14,0,20190117 19:50:07,    0,         0,         8,65535,65535, 9999,2,                ,0000000,0, 0,         0,    0,0000000000000000000000000000000000000000,0000000000000000000000000000000000000000,         0,         0,         0,         0,1, 0, 0, 0,4087                          ,    0,         8,0,20190117 19:49:59,4025                          ,  101, 9999,  101,  101,    0,     0,     0
 ED5.2,8621564                       ,1821                          ,XIMENA ALEXA SAS    ,1632      ,                ,  101,                    ,                              , 0,2,20190117 19:50:18,    0,         0,         0,10001,   11,  101,2,                ,0010000,2, 1,         0,    0,1000000000000000000000000000000000000000,0000000000000000000000010000000000001000,         0,         0,         0,         0,1, 0, 0, 0,8621564                       ,    0,         0,0,20190117 19:50:18,1821                          , 9999, 9999, 9999,  101,32767,     0,     0
 ED5.2,1455                          ,1737                          ,                    ,1635      ,                ,  101,                    ,                              ,14,0,20190117 19:50:21,    0,         0,         0,65535,65535, 9999,2,                ,0000000,0, 0,         0,    0,0000000000000000000000000000000000000000,0000000000000000000000000000000000000000,         0,         0,         0,         0,1, 0, 0, 0,1168                          ,    0,         0,1,20190117 19:50:21,1737                          ,  101, 9999,  101,  101,    0,     0,     0
 ED5.2,1353                          ,1736                          ,                    ,1635      ,                ,  101,                    ,                              ,14,0,20190117 19:50:33,    0,         0,         0,65535,65535, 9999,2,                ,0000000,0, 0,         0,    0,0000000000000000000000000000000000000000,0000000000000000000000000000000000000000,         0,         0,         0,         0,1, 0, 0, 0,1353                          ,    0,         0,0,20190117 19:50:33,1736                          ,  101, 9999,  101,  101,    0,     0,     0
 ED5.2,1168                          ,1737                          ,                    ,1635      ,                ,  101,                    ,                              ,14,0,20190117 19:50:39,    0,         0,         0,65535,65535, 9999,2,                ,0000000,0, 0,         0,    0,0000000000000000000000000000000000000000,0000000000000000000000000000000000000000,         0,         0,         0,         0,1, 0, 0, 0,1168                          ,    0,         0,0,20190117 19:50:39,1737                          ,  101, 9999,  101,  101,    0,     0,     0
 ED5.2,1455                          ,1737                          ,                    ,1635      ,                ,  101,                    ,                              ,14,0,20190117 19:51:12,    0,         0,        21,65535,65535, 9999,2,                ,0000000,0, 0,         0,    0,0000000000000000000000000000000000000000,0000000000000000000000000000000000000000,         0,         0,         0,         0,1, 0, 0, 0,1168                          ,    0,        21,1,20190117 19:50:51,1737                          ,  101, 9999,  101,  101,    0,     0,     0
 ED5.2,8624561                       ,1821                          ,XIMENA ALEXA SAS    ,1632      ,                ,  101,                    ,                              , 0,2,20190117 19:51:14,    0,         0,        26,10001,   11,  101,2,                ,0010000,2, 1,         0,    0,1000000000000000000000000000000000000000,0000000000000000000000010000000000001000,         0,         0,         0,         0,1, 0, 0, 0,8624561                       ,    0,         0,0,20190117 19:50:48,1821                          , 9999, 9999, 9999,  101,32767,     0,     0
 ED5.2,1474                          ,3245                          ,                    ,1673      ,                ,  101,                    ,                              ,14,0,20190117 19:52:15,    0,         0,      2017,65535,65535, 9999,2,                ,0000000,0, 0,         0,    0,0000000000000000000000000000000000000000,0000000000000000000000000000000000000000,         0,         0,         0,         0,1, 0, 0, 0,1200                          ,    0,      2017,0,20190117 19:18:38,3245                          ,  101, 9999,  101,  101,    0,     0,     0
 ED5.2,1340                          ,1525                          ,                    ,1632      ,                ,  101,                    ,                              ,14,0,20190117 19:52:46,    0,         0,         0,65535,65535, 9999,2,                ,0000000,0, 0,         0,    0,0000000000000000000000000000000000000000,0000000000000000000000000000000000000000,         0,         0,         0,         0,1, 0, 0, 0,1736                          ,    0,         0,1,20190117 19:52:46,1525                          ,  101, 9999,  101,  101,    0,     0,     0
 ED5.2,3202650237                    ,1474                          ,JAIME ANDRES ROM    ,1154      ,                ,  101,                    ,                              , 0,1,20190117 19:53:02,    0,         0,        18,  377,   21,  101,2,                ,0010000,0, 0,         0,    0,0000000000000000000000000000000000000000,0000000000000000000000010000000000001000,         0,         0,         0,         0,1, 0, 0, 0,033202650237                  ,    0,         0,0,20190117 19:52:44,1474                          , 9999, 9999, 9999,  101,32767,     0,     0
 ED5.2,1238                          ,1736                          ,                    ,1635      ,                ,  101,                    ,                              ,14,0,20190117 19:53:22,    0,         0,         0,65535,65535, 9999,2,                ,0000000,0, 0,         0,    0,0000000000000000000000000000000000000000,0000000000000000000000000000000000000000,         0,         0,         0,         0,1, 0, 0, 0,1238                          ,    0,         0,0,20190117 19:53:22,1736                          ,  101, 9999,  101,  101,    0,     0,     0
 ED5.2,6014198                       ,1474                          ,JAIME ANDRES ROM    ,1154      ,                ,  101,                    ,                              , 4,2,20190117 19:54:44,    0,         0,       118,  120,   20,  101,2,                ,0000000,3, 0,         0,    0,0000000000000000000000000000000000000000,0000000000000000000000010000000000000000,         0,         0,         0,         0,1, 0, 0, 0,A800                          ,   17,       102,0,20190117 19:52:46,                              , 9999, 9999, 9999, 9999,32767,     0,     0
 ED5.2,5140                          ,1559                          ,                    ,1632      ,                ,  101,                    ,                              ,14,0,20190117 19:56:13,    0,         0,         0,65535,65535, 9999,2,                ,0000000,0, 0,         0,    0,0000000000000000000000000000000000000000,0000000000000000000000000000000000000000,         0,         0,         0,         0,1, 0, 0, 0,5140                          ,    0,         0,0,20190117 19:56:13,1559                          ,  101, 9999,  101,  101,    0,     0,     0
 ED5.2,5133                          ,1559                          ,                    ,1632      ,                ,  101,                    ,                              ,14,0,20190117 19:56:14,    0,         0,         0,65535,65535, 9999,2,                ,0000000,0, 0,         0,    0,0000000000000000000000000000000000000000,0000000000000000000000000000000000000000,         0,         0,         0,         0,1, 0, 0, 0,5140                          ,    0,         0,1,20190117 19:56:14,1559                          ,  101, 9999,  101,  101,    0,     0,     0
 ED5.2,1038                          ,1532                          ,                    ,1632      ,                ,  101,                    ,                              ,14,0,20190117 19:56:57,    0,         0,         0,65535,65535, 9999,2,                ,0000000,0, 0,         0,    0,0000000000000000000000000000000000000000,0000000000000000000000000000000000000000,         0,         0,         0,         0,1, 0, 0, 0,1038                          ,    0,         0,0,20190117 19:56:57,1532                          ,  101, 9999,  101,  101,    0,     0,     0
 ED5.2,1312                          ,1532                          ,                    ,1632      ,                ,  101,                    ,                              ,14,0,20190117 19:57:45,    0,         0,         0,65535,65535, 9999,2,                ,0000000,0, 0,         0,    0,0000000000000000000000000000000000000000,0000000000000000000000000000000000000000,         0,         0,         0,         0,1, 0, 0, 0,1312                          ,    0,         0,0,20190117 19:57:45,1532                          ,  101, 9999,  101,  101,    0,     0,     0
 ED5.2,6604874                       ,1819                          ,JULIETTE VIV RIN    ,1952      ,                ,  101,                    ,                              , 0,2,20190117 19:58:36,    0,         0,       128,10001,   11,  101,2,                ,0010000,2, 1,         0,    0,1000000000000000000000000000000000000000,0000000000000000000000010000000000001000,         0,         0,         0,         0,1, 0, 0, 0,6604874                       ,    0,         0,0,20190117 19:56:28,1819                          , 9999, 9999, 9999,  101,32767,     0,     0
 ED5.2,6604869                       ,1442                          ,DIANA VANESS RAM    ,1632      ,                ,  101,                    ,                              , 0,2,20190117 20:00:18,    0,         0,        97,10003,   11,  101,2,                ,0010000,2, 1,         0,    0,1000000000000000000000000000000000000000,0000000000000000000000010000000000001000,         0,         0,         0,         0,1, 0, 0, 0,6604869                       ,    0,         0,0,20190117 19:58:41,1442                          , 9999, 9999, 9999,  101,32767,     0,     0
