 ED5.2,6962760                       ,8017                          ,CARMEN SOFIA CAD    ,6952      ,                ,  101,                    ,                              , 0,1,20181214 20:09:12,    0,         0,        37,  400,   80,  101,2,                ,0010000,0, 0,         0,    0,0000000000000000000000000000000000000000,0000000000000000000000010000000000001000,         0,         0,         0,         0,1, 0, 0, 0,6962760                       ,    0,         0,0,20181214 20:08:35,8017                          , 9999, 9999, 9999,  101,32767,     0,     0
 ED5.2,072972231                     ,4003                          ,JUDY FRANCEL JAR    ,2952      ,                ,  101,                    ,                              , 4,2,20181214 20:10:29,    0,         0,       235,10445,   15,  101,2,                ,0000000,2, 0,         0,    0,0000000000000000000000000000000000000000,0000000000000000000000010000000000000000,         0,         0,         0,         0,1, 0, 0, 0,A800                          ,   17,       218,0,20181214 20:06:34,                              , 9999, 9999, 9999, 9999,32767,     0,     0
 ED5.2,7653255                       ,1191                          ,ADRIANO CAMANO C    ,1945      ,                ,  101,                    ,                              , 0,2,20181214 20:10:45,    0,         0,         0,10001,   11,  101,2,                ,0010000,2, 1,         0,    0,1000000000000000000000000000000000000000,0000000000000000000000010000000000001000,         0,         0,         0,         0,1, 0, 0, 0,7653255                       ,    0,         0,0,20181214 20:10:45,1191                          , 9999, 9999, 9999,  101,32767,     0,     0
 ED5.2,1213                          ,1024                          ,                    ,1638      ,                ,  101,                    ,                              ,14,0,20181214 20:11:00,    0,         0,        47,65535,65535, 9999,2,                ,0000000,0, 0,         0,    0,0000000000000000000000000000000000000000,0000000000000000000000000000000000000000,         0,         0,         0,         0,1, 0, 0, 0,1213                          ,    0,        47,0,20181214 20:10:13,1024                          ,  101, 9999,  101,  101,    0,     0,     0
 ED5.2,7653255                       ,1191                          ,ADRIANO CAMANO C    ,1945      ,                ,  101,                    ,                              , 0,2,20181214 20:12:09,    0,         0,         0,  120,   20,  101,2,                ,0010000,2, 1,         0,    0,1000000000000000000000000000000000000000,0000000000000000000000010000000000001000,         0,         0,         0,         0,1, 0, 0, 0,7653255                       ,    0,         0,0,20181214 20:12:09,1191                          , 9999, 9999, 9999,  101,32767,     0,     0
 ED5.2,7653255                       ,1191                          ,ADRIANO CAMANO C    ,1945      ,                ,  101,                    ,                              , 0,2,20181214 20:13:37,    0,         0,        74,  120,   20,  101,2,                ,0010000,2, 1,         0,    0,1000000000000000000000000000000000000000,0000000000000000000000010000000000001000,         0,         0,         0,         0,1, 0, 0, 0,7653255                       ,    0,         0,0,20181214 20:12:23,1191                          , 9999, 9999, 9999,  101,32767,     0,     0
 ED5.2,3504408080                    ,1119                          ,CAJA 24             ,1949      ,                ,  101,                    ,                              , 0,1,20181214 20:14:08,    0,         0,         0,  377,   21,  101,2,                ,0010000,0, 0,         0,    0,0000000000000000000000000000000000000000,0000000000000000000000010000000000001000,         0,         0,         0,         0,1, 0, 0, 0,033504408080                  ,    0,         0,0,20181214 20:14:08,1119                          , 9999, 9999, 9999,  101,32767,     0,     0
 ED5.2,3504448080                    ,1119                          ,CAJA 24             ,1949      ,                ,  101,                    ,                              , 0,1,20181214 20:14:35,    0,         0,        10,  378,   21,  101,2,                ,0010000,0, 0,         0,    0,0000000000000000000000000000000000000000,0000000000000000000000010000000000001000,         0,         0,         0,         0,1, 0, 0, 0,033504448080                  ,    0,         0,0,20181214 20:14:25,1119                          , 9999, 9999, 9999,  101,32767,     0,     0
 ED5.2,1119                          ,1368                          ,                    ,1949      ,                ,  101,                    ,                              ,14,0,20181214 20:16:02,    0,         0,         0,65535,65535, 9999,2,                ,0000000,0, 0,         0,    0,0000000000000000000000000000000000000000,0000000000000000000000000000000000000000,         0,         0,         0,         0,1, 0, 0, 0,1119                          ,    0,         0,0,20181214 20:16:02,1368                          ,  101, 9999,  101,  101,    0,     0,     0
 ED5.2,1368                          ,1419                          ,                    ,1949      ,                ,  101,                    ,                              ,14,0,20181214 20:16:02,    0,         0,        23,65535,65535, 9999,2,                ,0000000,0, 0,         0,    0,0000000000000000000000000000000000000000,0000000000000000000000000000000000000000,         0,         0,         0,         0,1, 0, 0, 0,1368                          ,    0,        23,0,20181214 20:15:39,1419                          ,  101, 9999,  101,  101,    0,     0,     0
 ED5.2,1174                          ,1291                          ,                    ,1952      ,                ,  101,                    ,                              ,14,0,20181214 20:16:09,    0,         0,         0,65535,65535, 9999,2,                ,0000000,0, 0,         0,    0,0000000000000000000000000000000000000000,0000000000000000000000000000000000000000,         0,         0,         0,         0,1, 0, 0, 0,1174                          ,    0,         0,0,20181214 20:16:09,1291                          ,  101, 9999,  101,  101,    0,     0,     0
 ED5.2,663172296752                  ,1291                          ,LAURA YAMILE PRA    ,1952      ,                ,  101,                    ,                              , 4,2,20181214 20:16:09,    0,         0,        66,  120,   20,  101,2,                ,0000000,3, 0,         0,    0,0000000000000000000000000000000000000000,0000000000000000000000010000000000000000,         0,         0,         0,         0,1, 0, 0, 0,A800                          ,   64,         2,1,20181214 20:15:03,                              , 9999, 9999, 9999, 9999,32767,     0,     0
 ED5.2,1119                          ,1419                          ,                    ,1949      ,                ,  101,                    ,1368                          ,14,0,20181214 20:17:05,    0,         0,        61,65535,65535, 9999,2,                ,0000000,0, 0,         0,    0,0000000000000000000000000000000000000000,0000000000000000000000000000000000000000,         0,         0,         0,         0,1, 0, 0, 0,                              ,    0,        61,0,20181214 20:16:04,1419                          ,  101,  101, 9999,  101,    0,     0,     0
 ED5.2,09712                         ,FS020                         ,ETB                 ,          ,                ,  101,                    ,                              , 4,2,20181214 20:17:31,    0,         0,         9,  121,   20,  101,2,                ,0000000,3, 0,         0,    0,0000000000000000000000000000000000000000,0000000000000000000000010000000000000000,         0,         0,         0,         0,1, 0, 0, 0,A800                          ,   10,         0,0,20181214 20:17:22,                              , 9999, 9999, 9999, 9999,32767,     0,     0
 ED5.2,663172296752                  ,1174                          ,RUDY ALEXAND MOR    ,1952      ,                ,  101,                    ,                              , 4,2,20181214 20:18:00,    0,         0,       111,  120,   20,  101,2,                ,0000000,3, 0,         0,    0,0000000000000000000000000000000000000000,0000000010000000000000010000000000000000,         0,         0,         0,         0,1, 0, 0, 0,                              ,   67,       110,0,20181214 20:15:03,                              , 9999, 9999, 9999, 9999,32767,     0,     0
 ED5.2,1106                          ,1419                          ,                    ,1949      ,                ,  101,                    ,                              ,14,0,20181214 20:18:33,    0,         0,        32,65535,65535, 9999,2,                ,0000000,0, 0,         0,    0,0000000000000000000000000000000000000000,0000000000000000000000000000000000000000,         0,         0,         0,         0,1, 0, 0, 0,1106                          ,    0,        32,0,20181214 20:18:01,1419                          ,  101, 9999,  101,  101,    0,     0,     0
 ED5.2,3208995198                    ,1456                          ,NILSON FERNA NIN    ,1952      ,                ,  101,                    ,                              , 0,1,20181214 20:18:50,    0,         0,        33,  377,   21,  101,2,                ,0010000,0, 0,         0,    0,0000000000000000000000000000000000000000,0000000000000000000000010000000000001000,         0,         0,         0,         0,1, 0, 0, 0,033208995198                  ,    0,         0,0,20181214 20:18:17,1456                          , 9999, 9999, 9999,  101,32767,     0,     0
 ED5.2,1394                          ,1736                          ,                    ,1635      ,                ,  101,                    ,                              ,14,0,20181214 20:19:29,    0,         0,         6,65535,65535, 9999,2,                ,0000000,0, 0,         0,    0,0000000000000000000000000000000000000000,0000000000000000000000000000000000000000,         0,         0,         0,         0,1, 0, 0, 0,1394                          ,    0,         6,0,20181214 20:19:23,1736                          ,  101, 9999,  101,  101,    0,     0,     0
 ED5.2,3208995198                    ,1456                          ,NILSON FERNA NIN    ,1952      ,                ,  101,                    ,                              , 0,1,20181214 20:19:34,    0,         0,        33,  378,   21,  101,2,                ,0010000,0, 0,         0,    0,0000000000000000000000000000000000000000,0000000000000000000000010000000000001000,         0,         0,         0,         0,1, 0, 0, 0,033208995198                  ,    0,         0,0,20181214 20:19:01,1456                          , 9999, 9999, 9999,  101,32767,     0,     0
 ED5.2,4323739                       ,1119                          ,CAJA 24             ,1949      ,                ,  101,                    ,                              , 0,2,20181214 20:20:17,    0,         0,       118,10001,   11,  101,2,                ,0010000,2, 1,         0,    0,1000000000000000000000000000000000000000,0000000000000000000000010000000000001000,         0,         0,         0,         0,1, 0, 0, 0,4323739                       ,    0,         0,0,20181214 20:18:19,1119                          , 9999, 9999, 9999,  101,32767,     0,     0
 ED5.2,7466626                       ,1048                          ,CLAUDIA MARC ESP    ,1638      ,                ,  101,                    ,                              , 4,2,20181214 20:22:28,    0,         0,       110,  120,   20,  101,2,                ,0000000,3, 0,         0,    0,0000000000000000000000000000000000000000,0000000000000000000000010000000000000000,         0,         0,         0,         0,1, 0, 0, 0,A800                          ,    9,       101,0,20181214 20:20:38,                              , 9999, 9999, 9999, 9999,32767,     0,     0
 ED5.2,1024                          ,1213                          ,                    ,1911      ,                ,  101,                    ,                              ,14,0,20181214 20:25:08,    0,         0,       215,65535,65535, 9999,2,                ,0000000,0, 0,         0,    0,0000000000000000000000000000000000000000,0000000000000000000000000000000000000000,         0,         0,         0,         0,1, 0, 0, 0,1024                          ,    0,       215,0,20181214 20:21:33,1213                          ,  101, 9999,  101,  101,    0,     0,     0
 ED5.2,4323739                       ,1368                          ,CAJA 6              ,1949      ,                ,  101,                    ,                              , 4,2,20181214 20:25:32,    0,         0,        85,  120,   20,  101,2,                ,0000000,3, 0,         0,    0,0000000000000000000000000000000000000000,0000000000000000000000010000000000000000,         0,         0,         0,         0,1, 0, 0, 0,A800                          ,   45,        41,0,20181214 20:24:07,                              , 9999, 9999, 9999, 9999,32767,     0,     0
 ED5.2,1467                          ,1736                          ,                    ,1635      ,                ,  101,                    ,                              ,14,0,20181214 20:26:21,    0,         0,         8,65535,65535, 9999,2,                ,0000000,0, 0,         0,    0,0000000000000000000000000000000000000000,0000000000000000000000000000000000000000,         0,         0,         0,         0,1, 0, 0, 0,1467                          ,    0,         8,0,20181214 20:26:13,1736                          ,  101, 9999,  101,  101,    0,     0,     0
 ED5.2,1565                          ,1736                          ,                    ,1635      ,                ,  101,                    ,                              ,14,0,20181214 20:26:33,    0,         0,         6,65535,65535, 9999,2,                ,0000000,0, 0,         0,    0,0000000000000000000000000000000000000000,0000000000000000000000000000000000000000,         0,         0,         0,         0,1, 0, 0, 0,1565                          ,    0,         6,0,20181214 20:26:27,1736                          ,  101, 9999,  101,  101,    0,     0,     0
 ED5.2,1024                          ,1213                          ,                    ,1911      ,                ,  101,                    ,                              ,14,0,20181214 20:27:28,    0,         0,        78,65535,65535, 9999,2,                ,0000000,0, 0,         0,    0,0000000000000000000000000000000000000000,0000000000000000000000000000000000000000,         0,         0,         0,         0,1, 0, 0, 0,1024                          ,    0,        78,0,20181214 20:26:10,1213                          ,  101, 9999,  101,  101,    0,     0,     0
 ED5.2,8143932                       ,1038                          ,CARLOS ALBER CAS    ,1632      ,                ,  101,                    ,                              , 0,2,20181214 20:28:16,    0,         0,        43,10001,   11,  101,2,                ,0010000,2, 1,         0,    0,1000000000000000000000000000000000000000,0000000000000000000000010000000000001000,         0,         0,         0,         0,1, 0, 0, 0,8143932                       ,    0,         0,0,20181214 20:27:33,1038                          , 9999, 9999, 9999,  101,32767,     0,     0
 ED5.2,1468                          ,1022                          ,                    ,1638      ,                ,  101,                    ,                              ,14,0,20181214 20:28:33,    0,         0,         0,65535,65535, 9999,2,                ,0000000,0, 0,         0,    0,0000000000000000000000000000000000000000,0000000000000000000000000000000000000000,         0,         0,         0,         0,1, 0, 0, 0,1468                          ,    0,         0,0,20181214 20:28:33,1022                          ,  101, 9999,  101,  101,    0,     0,     0
 ED5.2,1531                          ,1022                          ,                    ,1638      ,                ,  101,                    ,                              ,14,0,20181214 20:28:35,    0,         0,         0,65535,65535, 9999,2,                ,0000000,0, 0,         0,    0,0000000000000000000000000000000000000000,0000000000000000000000000000000000000000,         0,         0,         0,         0,1, 0, 0, 0,1468                          ,    0,         0,1,20181214 20:28:35,1022                          ,  101, 9999,  101,  101,    0,     0,     0
 ED5.2,1468                          ,1022                          ,                    ,1638      ,                ,  101,                    ,                              ,14,0,20181214 20:28:38,    0,         0,         0,65535,65535, 9999,2,                ,0000000,0, 0,         0,    0,0000000000000000000000000000000000000000,0000000000000000000000000000000000000000,         0,         0,         0,         0,1, 0, 0, 0,1468                          ,    0,         0,0,20181214 20:28:38,1022                          ,  101, 9999,  101,  101,    0,     0,     0
 ED5.2,1213                          ,1022                          ,                    ,1638      ,                ,  101,                    ,                              ,14,0,20181214 20:28:54,    0,         0,        12,65535,65535, 9999,2,                ,0000000,0, 0,         0,    0,0000000000000000000000000000000000000000,0000000000000000000000000000000000000000,         0,         0,         0,         0,1, 0, 0, 0,1213                          ,    0,        12,0,20181214 20:28:42,1022                          ,  101, 9999,  101,  101,    0,     0,     0
 ED5.2,6604896                       ,1736                          ,RECEPCION 2 MORA    ,1635      ,                ,  101,                    ,                              , 0,2,20181214 20:30:35,    0,         0,         0,10865,   82,  101,2,                ,0010000,2, 1,         0,    0,1000000000000000000000000000000000000000,0000000000000000000000010000000000001000,         0,         0,         0,         0,1, 0, 0, 0,6604896                       ,    0,         0,0,20181214 20:30:35,1736                          , 9999, 9999, 9999,  101,32767,     0,     0
 ED5.2,660                           ,1736                          ,RECEPCION 2 MORA    ,1635      ,                ,  101,                    ,                              , 0,2,20181214 20:31:16,    0,         0,         0,10865,   82,  101,2,                ,0010000,2, 1,         0,    0,1000000000000000000000000000000000000000,0000000000000000000000010000000000001000,         0,         0,         0,         0,1, 0, 0, 0,660                           ,    0,         0,0,20181214 20:31:16,1736                          , 9999, 9999, 9999,  101,32767,     0,     0
 ED5.2,6604869                       ,1736                          ,RECEPCION 2 MORA    ,1635      ,                ,  101,                    ,                              , 0,2,20181214 20:33:30,    0,         0,       107,10865,   82,  101,2,                ,0010000,2, 1,         0,    0,1000000000000000000000000000000000000000,0000000000000000000000010000000000001000,         0,         0,         0,         0,1, 0, 0, 0,6604869                       ,    0,         0,0,20181214 20:31:43,1736                          , 9999, 9999, 9999,  101,32767,     0,     0
 ED5.2,1458                          ,1127                          ,                    ,1952      ,                ,  101,                    ,                              ,14,0,20181214 20:35:09,    0,         0,         0,65535,65535, 9999,2,                ,0000000,0, 0,         0,    0,0000000000000000000000000000000000000000,0000000000000000000000000000000000000000,         0,         0,         0,         0,1, 0, 0, 0,1458                          ,    0,         0,0,20181214 20:35:09,1127                          ,  101, 9999,  101,  101,    0,     0,     0
 ED5.2,4026202                       ,1263                          ,GISETH JIMENEZ      ,1952      ,                ,  101,                    ,                              , 0,2,20181214 20:36:54,    0,         0,         0,10001,   11,  101,2,                ,0010000,2, 1,         0,    0,1000000000000000000000000000000000000000,0000000000000000000000010000000000001000,         0,         0,         0,         0,1, 0, 0, 0,4026202                       ,    0,         0,0,20181214 20:36:54,1263                          , 9999, 9999, 9999,  101,32767,     0,     0
 ED5.2,1458                          ,3261                          ,                    ,1318      ,                ,  101,                    ,                              ,14,0,20181214 20:37:54,    0,         0,       163,65535,65535, 9999,2,                ,0000000,0, 0,         0,    0,0000000000000000000000000000000000000000,0000000000000000000000000000000000000000,         0,         0,         0,         0,1, 0, 0, 0,1458                          ,    0,       163,0,20181214 20:35:11,3261                          ,  101, 9999,  101,  101,    0,     0,     0
 ED5.2,1106                          ,1419                          ,                    ,1949      ,                ,  101,                    ,                              ,14,0,20181214 20:48:20,    0,         0,        11,65535,65535, 9999,2,                ,0000000,0, 0,         0,    0,0000000000000000000000000000000000000000,0000000000000000000000000000000000000000,         0,         0,         0,         0,1, 0, 0, 0,1106                          ,    0,        11,0,20181214 20:48:09,1419                          ,  101, 9999,  101,  101,    0,     0,     0
 ED5.2,1322                          ,1369                          ,                    ,1632      ,                ,  101,                    ,                              ,14,0,20181214 20:57:49,    0,         0,         0,65535,65535, 9999,2,                ,0000000,0, 0,         0,    0,0000000000000000000000000000000000000000,0000000000000000000000000000000000000000,         0,         0,         0,         0,1, 0, 0, 0,1322                          ,    0,         0,0,20181214 20:57:49,1369                          ,  101, 9999,  101,  101,    0,     0,     0
 ED5.2,1216                          ,1369                          ,                    ,1632      ,                ,  101,                    ,                              ,14,0,20181214 20:58:01,    0,         0,         0,65535,65535, 9999,2,                ,0000000,0, 0,         0,    0,0000000000000000000000000000000000000000,0000000000000000000000000000000000000000,         0,         0,         0,         0,1, 0, 0, 0,1322                          ,    0,         0,1,20181214 20:58:01,1369                          ,  101, 9999,  101,  101,    0,     0,     0
 ED5.2,1106                          ,1334                          ,                    ,1949      ,                ,  101,                    ,                              ,14,0,20181214 20:59:26,    0,         0,        14,65535,65535, 9999,2,                ,0000000,0, 0,         0,    0,0000000000000000000000000000000000000000,0000000000000000000000000000000000000000,         0,         0,         0,         0,1, 0, 0, 0,1106                          ,    0,        14,0,20181214 20:59:12,1334                          ,  101, 9999,  101,  101,    0,     0,     0
 ED5.2,1334                          ,1106                          ,                    ,1949      ,                ,  101,                    ,                              ,14,0,20181214 21:00:18,    0,         0,        20,65535,65535, 9999,2,                ,0000000,0, 0,         0,    0,0000000000000000000000000000000000000000,0000000000000000000000000000000000000000,         0,         0,         0,         0,1, 0, 0, 0,1334                          ,    0,        20,0,20181214 20:59:58,1106                          ,  101, 9999,  101,  101,    0,     0,     0
