 ED5.2,3152940128                    ,4064                          ,MATEO PALACIOS      ,2843      ,                ,  101,                    ,                              , 0,2,20181228 06:32:51,    0,         0,         0,10349,   66,  101,2,                ,0010000,2, 1,         0,    0,1000000000000000000000000000000000000000,0000000000000000000000010000000010001000,         0,         0,         0,         0,1, 0, 0, 0,033152940128                  ,    0,         0,0,20181228 06:32:51,4064                          , 9999, 9999, 9999,  101,32767,     0,     0
 ED5.2,1292                          ,4064                          ,                    ,2843      ,                ,  101,                    ,                              ,14,0,20181228 06:33:18,    0,         0,         0,65535,65535, 9999,2,                ,0000000,0, 0,         0,    0,0000000000000000000000000000000000000000,0000000000000000000000000000000000000000,         0,         0,         0,         0,1, 0, 0, 0,87                            ,    0,         0,1,20181228 06:33:18,4064                          ,  101, 9999,  101,  101,    0,     0,     0
 ED5.2,1024                          ,1466                          ,                    ,1638      ,                ,  101,                    ,                              ,14,0,20181228 06:35:29,    0,         0,         0,65535,65535, 9999,2,                ,0000000,0, 0,         0,    0,0000000000000000000000000000000000000000,0000000000000000000000000000000000000000,         0,         0,         0,         0,1, 0, 0, 0,1024                          ,    0,         0,0,20181228 06:35:29,1466                          ,  101, 9999,  101,  101,    0,     0,     0
 ED5.2,4435373                       ,2042                          ,ERIKA ANDREA TRU    ,4425      ,                ,  101,                    ,                              , 0,2,20181228 06:35:59,    0,         0,        43,  310,   65,  101,2,                ,0010000,2, 1,         0,    0,1000000000000000000000000000000000000000,0000000000000000000000010000000000001000,         0,         0,         0,         0,1, 0, 0, 0,4435373                       ,    0,         0,0,20181228 06:35:16,2042                          , 9999, 9999, 9999,  101,32767,     0,     0
 ED5.2,7500500                       ,5001                          ,5001                ,          ,                ,  101,                    ,                              , 7,2,20181228 06:40:49,    0,         0,       102,10880,   82,  101,2,                ,0010000,2, 1,         0,    0,1000000000000000000000000000000000000000,0000000000000000000000010000000000001000,         0,         0,         0,         0,1, 0, 0, 0,7500500                       ,    0,         0,0,20181228 06:39:07,                              , 9999, 9999, 9999, 9999,32767,     0,     0
 ED5.2,7500500                       ,5004                          ,5004                ,          ,                ,  101,                    ,                              , 7,2,20181228 06:41:03,    0,         0,       102,10865,   82,  101,2,                ,0010000,2, 1,         0,    0,1000000000000000000000000000000000000000,0000000000000000000000010000000000001000,         0,         0,         0,         0,1, 0, 0, 0,7500500                       ,    0,         0,0,20181228 06:39:21,                              , 9999, 9999, 9999, 9999,32767,     0,     0
 ED5.2,7500500                       ,5005                          ,5005                ,          ,                ,  101,                    ,                              , 7,2,20181228 06:41:28,    0,         0,       102,10868,   82,  101,2,                ,0010000,2, 1,         0,    0,1000000000000000000000000000000000000000,0000000000000000000000010000000000001000,         0,         0,         0,         0,1, 0, 0, 0,7500500                       ,    0,         0,0,20181228 06:39:46,                              , 9999, 9999, 9999, 9999,32767,     0,     0
 ED5.2,7500500                       ,5002                          ,5002                ,          ,                ,  101,                    ,                              , 7,2,20181228 06:41:40,    0,         0,       102,10870,   82,  101,2,                ,0010000,2, 1,         0,    0,1000000000000000000000000000000000000000,0000000000000000000000010000000000001000,         0,         0,         0,         0,1, 0, 0, 0,7500500                       ,    0,         0,0,20181228 06:39:58,                              , 9999, 9999, 9999, 9999,32767,     0,     0
 ED5.2,7500500                       ,5003                          ,5003                ,          ,                ,  101,                    ,                              , 7,2,20181228 06:41:46,    0,         0,       101,10871,   82,  101,2,                ,0010000,2, 1,         0,    0,1000000000000000000000000000000000000000,0000000000000000000000010000000000001000,         0,         0,         0,         0,1, 0, 0, 0,7500500                       ,    0,         0,0,20181228 06:40:05,                              , 9999, 9999, 9999, 9999,32767,     0,     0
 ED5.2,1680                          ,1299                          ,                    ,1426      ,                ,  101,                    ,                              ,14,0,20181228 06:52:29,    0,         0,        82,65535,65535, 9999,2,                ,0000000,0, 0,         0,    0,0000000000000000000000000000000000000000,0000000000000000000000000000000000000000,         0,         0,         0,         0,1, 0, 0, 0,1680                          ,    0,        82,0,20181228 06:51:07,1299                          ,  101, 9999,  101,  101,    0,     0,     0
 ED5.2,2021193                       ,1291                          ,LAURA YAMILE PRA    ,1952      ,                ,  101,                    ,                              , 0,2,20181228 06:52:40,    0,         0,        58,10001,   11,  101,2,                ,0010000,2, 1,         0,    0,1000000000000000000000000000000000000000,0000000000000000000000010000000000001000,         0,         0,         0,         0,1, 0, 0, 0,2021193                       ,    0,         0,0,20181228 06:51:42,1291                          , 9999, 9999, 9999,  101,32767,     0,     0
 ED5.2,3905700                       ,1423                          ,MAYERLI YOHA MAN    ,1949      ,                ,  101,                    ,                              , 0,2,20181228 07:00:43,    0,         0,        16,10001,   11,  101,2,                ,0010000,2, 1,         0,    0,1000000000000000000000000000000000000000,0000000000000000000000010000000000001000,         0,         0,         0,         0,1, 0, 0, 0,3905700                       ,    0,         0,0,20181228 07:00:27,1423                          , 9999, 9999, 9999,  101,32767,     0,     0
