 ED5.2,1196                          ,3261                          ,                    ,1318      ,                ,  101,                    ,                              ,14,0,20181108 20:07:31,    0,         0,         0,65535,65535, 9999,2,                ,0000000,0, 0,         0,    0,0000000000000000000000000000000000000000,0000000000000000000000000000000000000000,         0,         0,         0,         0,1, 0, 0, 0,1196                          ,    0,         0,0,20181108 20:07:31,3261                          ,  101, 9999,  101,  101,    0,     0,     0
 ED5.2,1196                          ,3261                          ,                    ,1318      ,                ,  101,                    ,                              ,14,0,20181108 20:07:46,    0,         0,         0,65535,65535, 9999,2,                ,0000000,0, 0,         0,    0,0000000000000000000000000000000000000000,0000000000000000000000000000000000000000,         0,         0,         0,         0,1, 0, 0, 0,1196                          ,    0,         0,0,20181108 20:07:46,3261                          ,  101, 9999,  101,  101,    0,     0,     0
 ED5.2,6604874                       ,1590                          ,BRIGITH ASTR POR    ,1952      ,                ,  101,                    ,                              , 0,2,20181108 20:07:57,    0,         0,         0, 1953,   11,  101,2,                ,0010000,2, 1,         0,    0,1000000000000000000000000000000000000000,0000000000000000000000010000000000001000,         0,         0,         0,         0,1, 0, 0, 0,6604874                       ,    0,         0,0,20181108 20:07:57,1590                          , 9999, 9999, 9999,  101,32767,     0,     0
 ED5.2,6604869                       ,1307                          ,DANIELA SEGURA F    ,1633      ,                ,  101,                    ,                              , 0,2,20181108 20:08:03,    0,         0,       503, 1951,   11,  101,2,                ,0010000,2, 1,         0,    0,1000000000000000000000000000000000000000,0000000000000000000000010000000000001000,         0,         0,         0,         0,1, 0, 0, 0,6604869                       ,    0,         0,0,20181108 19:59:40,1307                          , 9999, 9999, 9999,  101,32767,     0,     0
 ED5.2,3025406                       ,3293                          ,ERIKA MARCEL JAR    ,1632      ,                ,  101,                    ,                              , 0,2,20181108 20:08:16,    0,         0,        43, 1952,   11,  101,2,                ,0010000,2, 1,         0,    0,1000000000000000000000000000000000000000,0000000000000000000000010000000000001000,         0,         0,         0,         0,1, 0, 0, 0,3025406                       ,    0,         0,0,20181108 20:07:33,3293                          , 9999, 9999, 9999,  101,32767,     0,     0
 ED5.2,6604874                       ,1590                          ,BRIGITH ASTR POR    ,1952      ,                ,  101,                    ,                              , 0,2,20181108 20:08:40,    0,         0,         0, 1953,   11,  101,2,                ,0010000,2, 1,         0,    0,1000000000000000000000000000000000000000,0000000000000000000000010000000000001000,         0,         0,         0,         0,1, 0, 0, 0,6604874                       ,    0,         0,0,20181108 20:08:40,1590                          , 9999, 9999, 9999,  101,32767,     0,     0
 ED5.2,6604874                       ,1595                          ,LIBRE LIBRE         ,1952      ,                ,  101,                    ,                              , 0,2,20181108 20:09:01,    0,         0,         0, 1951,   11,  101,2,                ,0010000,2, 1,         0,    0,1000000000000000000000000000000000000000,0000000000000000000000010000000000001000,         0,         0,         0,         0,1, 0, 0, 0,6604874                       ,    0,         0,0,20181108 20:09:01,1595                          , 9999, 9999, 9999,  101,32767,     0,     0
 ED5.2,1384                          ,1671                          ,                    ,1633      ,                ,  101,                    ,                              ,14,0,20181108 20:09:23,    0,         0,        70,65535,65535, 9999,2,                ,0000000,0, 0,         0,    0,0000000000000000000000000000000000000000,0000000000000000000000000000000000000000,         0,         0,         0,         0,1, 0, 0, 0,1384                          ,    0,        70,0,20181108 20:08:13,1671                          ,  101, 9999,  101,  101,    0,     0,     0
 ED5.2,7558653                       ,3293                          ,ERIKA MARCEL JAR    ,1632      ,                ,  101,                    ,                              , 0,2,20181108 20:10:00,    0,         0,        95, 1952,   11,  101,2,                ,0010000,2, 1,         0,    0,1000000000000000000000000000000000000000,0000000000000000000000010000000000001000,         0,         0,         0,         0,1, 0, 0, 0,7558653                       ,    0,         0,0,20181108 20:08:25,3293                          , 9999, 9999, 9999,  101,32767,     0,     0
 ED5.2,6604874                       ,1595                          ,LIBRE LIBRE         ,1952      ,                ,  101,                    ,                              , 0,2,20181108 20:11:01,    0,         0,        27, 1953,   11,  101,2,                ,0010000,2, 1,         0,    0,1000000000000000000000000000000000000000,0000000000000000000000010000000000001000,         0,         0,         0,         0,1, 0, 0, 0,6604874                       ,    0,         0,0,20181108 20:10:34,1595                          , 9999, 9999, 9999,  101,32767,     0,     0
 ED5.2,3025406                       ,3293                          ,ERIKA MARCEL JAR    ,1632      ,                ,  101,                    ,                              , 0,2,20181108 20:11:01,    0,         0,        51, 1952,   11,  101,2,                ,0010000,2, 1,         0,    0,1000000000000000000000000000000000000000,0000000000000000000000010000000000001000,         0,         0,         0,         0,1, 0, 0, 0,3025406                       ,    0,         0,0,20181108 20:10:10,3293                          , 9999, 9999, 9999,  101,32767,     0,     0
 ED5.2,6718639                       ,1097                          ,ALISON TATIA CAS    ,1426      ,                ,  101,                    ,                              , 0,2,20181108 20:11:26,    0,         0,       111, 1951,   11,  101,2,                ,0010000,2, 1,         0,    0,1000000000000000000000000000000000000000,0000000000000000000000010000000000001000,         0,         0,         0,         0,1, 0, 0, 0,6718639                       ,    0,         0,0,20181108 20:09:35,1097                          , 9999, 9999, 9999,  101,32767,     0,     0
 ED5.2,1048                          ,1736                          ,                    ,1635      ,                ,  101,                    ,                              ,14,0,20181108 20:12:05,    0,         0,         0,65535,65535, 9999,2,                ,0000000,0, 0,         0,    0,0000000000000000000000000000000000000000,0000000000000000000000000000000000000000,         0,         0,         0,         0,1, 0, 0, 0,1048                          ,    0,         0,0,20181108 20:12:05,1736                          ,  101, 9999,  101,  101,    0,     0,     0
 ED5.2,663016390778                  ,FS020                         ,ETB                 ,          ,                ,  101,                    ,                              , 4,2,20181108 20:12:16,    0,         0,        38,  121,   20,  101,2,                ,0000000,2, 1,         0,    0,0000000000000000000000000000000000000000,0000000000000000000000010000000000000000,         0,         0,         0,         0,1, 0, 0, 0,A800                          ,   38,         0,1,20181108 20:11:38,                              , 9999, 9999, 9999, 9999,32767,     0,     0
 ED5.2,6604876                       ,1677                          ,JAVIER ANDRE NIE    ,1632      ,                ,  101,                    ,                              , 0,2,20181108 20:13:06,    0,         0,         0, 1951,   11,  101,2,                ,0010000,2, 1,         0,    0,1000000000000000000000000000000000000000,0000000000000000000000010000000000001000,         0,         0,         0,         0,1, 0, 0, 0,6604876                       ,    0,         0,0,20181108 20:13:06,1677                          , 9999, 9999, 9999,  101,32767,     0,     0
 ED5.2,6604876                       ,1677                          ,JAVIER ANDRE NIE    ,1632      ,                ,  101,                    ,                              , 0,2,20181108 20:13:15,    0,         0,         0, 1951,   11,  101,2,                ,0010000,2, 1,         0,    0,1000000000000000000000000000000000000000,0000000000000000000000010000000000001000,         0,         0,         0,         0,1, 0, 0, 0,6604876                       ,    0,         0,0,20181108 20:13:15,1677                          , 9999, 9999, 9999,  101,32767,     0,     0
 ED5.2,1426                          ,1733                          ,                    ,1945      ,                ,  101,                    ,                              ,14,0,20181108 20:13:33,    0,         0,        90,65535,65535, 9999,2,                ,0000000,0, 0,         0,    0,0000000000000000000000000000000000000000,0000000000000000000000000000000000000000,         0,         0,         0,         0,1, 0, 0, 0,1426                          ,    0,        90,0,20181108 20:12:03,1733                          ,  101, 9999,  101,  101,    0,     0,     0
 ED5.2,4938176                       ,1440                          ,SUSAN MARILY ROD    ,1632      ,                ,  101,                    ,                              , 4,2,20181108 20:13:47,    0,         0,       419,  120,   20,  101,2,                ,0000000,3, 0,         0,    0,0000000000000000000000000000000000000000,0000000000000000000000010000000000000000,         0,         0,         0,         0,1, 0, 0, 0,A800                          ,   23,       396,0,20181108 20:06:48,                              , 9999, 9999, 9999, 9999,32767,     0,     0
 ED5.2,1392                          ,1736                          ,                    ,1635      ,                ,  101,                    ,                              ,14,0,20181108 20:14:03,    0,         0,       111,65535,65535, 9999,2,                ,0000000,0, 0,         0,    0,0000000000000000000000000000000000000000,0000000000000000000000000000000000000000,         0,         0,         0,         0,1, 0, 0, 0,1392                          ,    0,       111,0,20181108 20:12:12,1736                          ,  101, 9999,  101,  101,    0,     0,     0
 ED5.2,9081247                       ,1671                          ,MARISELA PINEDA     ,1633      ,                ,  101,                    ,                              , 0,2,20181108 20:14:06,    0,         0,        37, 1951,   11,  101,2,                ,0010000,2, 1,         0,    0,1000000000000000000000000000000000000000,0000000000000000000000010000000000001000,         0,         0,         0,         0,1, 0, 0, 0,9081247                       ,    0,         0,0,20181108 20:13:29,1671                          , 9999, 9999, 9999,  101,32767,     0,     0
 ED5.2,1483                          ,1032                          ,                    ,1632      ,                ,  101,                    ,                              ,14,0,20181108 20:15:05,    0,         0,         0,65535,65535, 9999,2,                ,0000000,0, 0,         0,    0,0000000000000000000000000000000000000000,0000000000000000000000000000000000000000,         0,         0,         0,         0,1, 0, 0, 0,1483                          ,    0,         0,0,20181108 20:15:05,1032                          ,  101, 9999,  101,  101,    0,     0,     0
 ED5.2,3162                          ,1032                          ,                    ,1632      ,                ,  101,                    ,                              ,14,0,20181108 20:15:21,    0,         0,         0,65535,65535, 9999,2,                ,0000000,0, 0,         0,    0,0000000000000000000000000000000000000000,0000000000000000000000000000000000000000,         0,         0,         0,         0,1, 0, 0, 0,1483                          ,    0,         0,1,20181108 20:15:21,1032                          ,  101, 9999,  101,  101,    0,     0,     0
 ED5.2,88                            ,1032                          ,                    ,1632      ,                ,  101,                    ,                              ,14,0,20181108 20:15:25,    0,         0,         4,65535,65535, 9999,2,                ,0000000,0, 0,         0,    0,0000000000000000000000000000000000000000,0000000000000000000000000000000000000000,         0,         0,         0,         0,1, 0, 0, 0,1483                          ,    0,         4,1,20181108 20:15:21,1032                          ,  101, 9999,  101,  101,    0,     0,     0
 ED5.2,2123505                       ,1025                          ,JAIRO ANDRES MAS    ,1638      ,                ,  101,                    ,                              , 0,2,20181108 20:16:14,    0,         0,        32, 1951,   11,  101,2,                ,0010000,2, 1,         0,    0,1000000000000000000000000000000000000000,0000000000000000000000010000000000001000,         0,         0,         0,         0,1, 0, 0, 0,2123505                       ,    0,         0,0,20181108 20:15:42,1025                          , 9999, 9999, 9999,  101,32767,     0,     0
 ED5.2,8056912                       ,3167                          ,RAFAEL EDUAR COR    ,1979      ,                ,  101,                    ,                              , 4,2,20181108 20:16:51,    0,         0,        76, 2820,   82,  101,2,                ,0000000,2, 0,         0,    0,0000000000000000000000000000000000000000,0000000000000000000000010000000000000000,         0,         0,         0,         0,1, 0, 0, 0,A500                          ,   11,        65,0,20181108 20:15:35,                              , 9999, 9999, 9999, 9999,32767,     0,     0
 ED5.2,1196                          ,1346                          ,                    ,1318      ,                ,  101,                    ,                              ,14,0,20181108 20:17:24,    0,         0,         0,65535,65535, 9999,2,                ,0000000,0, 0,         0,    0,0000000000000000000000000000000000000000,0000000000000000000000000000000000000000,         0,         0,         0,         0,1, 0, 0, 0,1196                          ,    0,         0,0,20181108 20:17:24,1346                          ,  101, 9999,  101,  101,    0,     0,     0
 ED5.2,88                            ,1346                          ,                    ,1318      ,                ,  101,                    ,                              ,14,0,20181108 20:17:26,    0,         0,         2,65535,65535, 9999,2,                ,0000000,0, 0,         0,    0,0000000000000000000000000000000000000000,0000000000000000000000000000000000000000,         0,         0,         0,         0,1, 0, 0, 0,1196                          ,    0,         2,1,20181108 20:17:24,1346                          ,  101, 9999,  101,  101,    0,     0,     0
 ED5.2,1356                          ,1737                          ,                    ,1635      ,                ,  101,                    ,                              ,14,0,20181108 20:17:55,    0,         0,         7,65535,65535, 9999,2,                ,0000000,0, 0,         0,    0,0000000000000000000000000000000000000000,0000000000000000000000000000000000000000,         0,         0,         0,         0,1, 0, 0, 0,1356                          ,    0,         7,0,20181108 20:17:48,1737                          ,  101, 9999,  101,  101,    0,     0,     0
 ED5.2,1346                          ,1196                          ,                    ,1318      ,                ,  101,                    ,                              ,14,0,20181108 20:19:22,    0,         0,        60,65535,65535, 9999,2,                ,0000000,0, 0,         0,    0,0000000000000000000000000000000000000000,0000000000000000000000000000000000000000,         0,         0,         0,         0,1, 0, 0, 0,1346                          ,    0,        60,0,20181108 20:18:22,1196                          ,  101, 9999,  101,  101,    0,     0,     0
 ED5.2,1859                          ,1737                          ,                    ,1635      ,                ,  101,                    ,                              ,14,0,20181108 20:20:16,    0,         0,         0,65535,65535, 9999,2,                ,0000000,0, 0,         0,    0,0000000000000000000000000000000000000000,0000000000000000000000000000000000000000,         0,         0,         0,         0,1, 0, 0, 0,1859                          ,    0,         0,0,20181108 20:20:16,1737                          ,  101, 9999,  101,  101,    0,     0,     0
 ED5.2,4046                          ,4049                          ,                    ,2952      ,                ,  101,                    ,                              ,14,0,20181108 20:20:21,    0,         0,        24,65535,65535, 9999,2,                ,0000000,0, 0,         0,    0,0000000000000000000000000000000000000000,0000000000000000000000000000000000000000,         0,         0,         0,         0,1, 0, 0, 0,4046                          ,    0,        24,0,20181108 20:19:57,4049                          ,  101, 9999,  101,  101,    0,     0,     0
 ED5.2,1588                          ,1563                          ,                    ,1952      ,                ,  101,                    ,                              ,14,0,20181108 20:22:16,    0,         0,         0,65535,65535, 9999,2,                ,0000000,0, 0,         0,    0,0000000000000000000000000000000000000000,0000000000000000000000000000000000000000,         0,         0,         0,         0,1, 0, 0, 0,1588                          ,    0,         0,0,20181108 20:22:16,1563                          ,  101, 9999,  101,  101,    0,     0,     0
 ED5.2,1590                          ,1563                          ,                    ,1952      ,                ,  101,                    ,                              ,14,0,20181108 20:22:18,    0,         0,         0,65535,65535, 9999,2,                ,0000000,0, 0,         0,    0,0000000000000000000000000000000000000000,0000000000000000000000000000000000000000,         0,         0,         0,         0,1, 0, 0, 0,1590                          ,    0,         0,0,20181108 20:22:18,1563                          ,  101, 9999,  101,  101,    0,     0,     0
 ED5.2,6600484                       ,1677                          ,JAVIER ANDRE NIE    ,1632      ,                ,  101,                    ,                              , 0,2,20181108 20:22:29,    0,         0,         0, 1951,   11,  101,2,                ,0010000,2, 1,         0,    0,1000000000000000000000000000000000000000,0000000000000000000000010000000000001000,         0,         0,         0,         0,1, 0, 0, 0,6600484                       ,    0,         0,0,20181108 20:22:29,1677                          , 9999, 9999, 9999,  101,32767,     0,     0
 ED5.2,6604876                       ,1677                          ,JAVIER ANDRE NIE    ,1632      ,                ,  101,                    ,                              , 0,2,20181108 20:23:17,    0,         0,        25, 1951,   11,  101,2,                ,0010000,2, 1,         0,    0,1000000000000000000000000000000000000000,0000000000000000000000010000000000001000,         0,         0,         0,         0,1, 0, 0, 0,6604876                       ,    0,         0,0,20181108 20:22:52,1677                          , 9999, 9999, 9999,  101,32767,     0,     0
 ED5.2,1449                          ,1043                          ,                    ,1632      ,                ,  101,                    ,                              ,14,0,20181108 20:24:00,    0,         0,       160,65535,65535, 9999,2,                ,0000000,0, 0,         0,    0,0000000000000000000000000000000000000000,0000000000000000000000000000000000000000,         0,         0,         0,         0,1, 0, 0, 0,1449                          ,    0,       160,0,20181108 20:21:20,1043                          ,  101, 9999,  101,  101,    0,     0,     0
 ED5.2,1196                          ,1346                          ,                    ,1318      ,                ,  101,                    ,                              ,14,0,20181108 20:25:32,    0,         0,        33,65535,65535, 9999,2,                ,0000000,0, 0,         0,    0,0000000000000000000000000000000000000000,0000000000000000000000000000000000000000,         0,         0,         0,         0,1, 0, 0, 0,1196                          ,    0,        33,0,20181108 20:24:59,1346                          ,  101, 9999,  101,  101,    0,     0,     0
 ED5.2,7852793                       ,1735                          ,SANTIAGO ACEVEDO    ,1945      ,                ,  101,                    ,                              , 0,2,20181108 20:27:04,    0,         0,        90, 1951,   11,  101,2,                ,0010000,2, 1,         0,    0,1000000000000000000000000000000000000000,0000000000000000000000010000000000001000,         0,         0,         0,         0,1, 0, 0, 0,7852793                       ,    0,         0,0,20181108 20:25:34,1735                          , 9999, 9999, 9999,  101,32767,     0,     0
 ED5.2,6604869                       ,1324                          ,JENNIFER CORREA     ,1952      ,                ,  101,                    ,                              , 0,2,20181108 20:27:32,    0,         0,        25, 1952,   11,  101,2,                ,0010000,2, 1,         0,    0,1000000000000000000000000000000000000000,0000000000000000000000010000000000001000,         0,         0,         0,         0,1, 0, 0, 0,6604869                       ,    0,         0,0,20181108 20:27:07,1324                          , 9999, 9999, 9999,  101,32767,     0,     0
 ED5.2,4719724                       ,1228                          ,COORD PROCES ADI    ,1949      ,                ,  101,                    ,                              , 0,2,20181108 20:27:58,    0,         0,         2, 2820,   82,  101,2,                ,0010000,2, 1,         0,    0,1000000000000000000000000000000000000000,0000000000000000000000010000000000001000,         0,         0,         0,         0,1, 0, 0, 0,4719724                       ,    0,         0,0,20181108 20:27:56,1228                          , 9999, 9999, 9999,  101,32767,     0,     0
 ED5.2,1590                          ,1736                          ,                    ,1635      ,                ,  101,                    ,                              ,14,0,20181108 20:28:09,    0,         0,         8,65535,65535, 9999,2,                ,0000000,0, 0,         0,    0,0000000000000000000000000000000000000000,0000000000000000000000000000000000000000,         0,         0,         0,         0,1, 0, 0, 0,1590                          ,    0,         8,0,20181108 20:28:01,1736                          ,  101, 9999,  101,  101,    0,     0,     0
 ED5.2,7532434                       ,1298                          ,DIEGO DAVID ALFO    ,1356      ,                ,  101,                    ,                              , 0,2,20181108 20:28:59,    0,         0,        59, 1951,   11,  101,2,                ,0010000,2, 1,         0,    0,1000000000000000000000000000000000000000,0000000000000000000000010000000000001000,         0,         0,         0,         0,1, 0, 0, 0,7532434                       ,    0,         0,0,20181108 20:28:00,1298                          , 9999, 9999, 9999,  101,32767,     0,     0
 ED5.2,4719724                       ,1228                          ,COORD PROCES ADI    ,1949      ,                ,  101,                    ,                              , 0,2,20181108 20:30:04,    0,         0,        96, 2820,   82,  101,2,                ,0010000,2, 1,         0,    0,1000000000000000000000000000000000000000,0000000000000000000000010000000000001000,         0,         0,         0,         0,1, 0, 0, 0,4719724                       ,    0,         0,0,20181108 20:28:28,1228                          , 9999, 9999, 9999,  101,32767,     0,     0
 ED5.2,6059898                       ,FS020                         ,ETB                 ,          ,                ,  101,                    ,                              , 4,2,20181108 20:31:00,    0,         0,         5,  120,   20,  101,2,                ,0000000,2, 0,         0,    0,0000000000000000000000000000000000000000,0000000000000000000000010000000000000000,         0,         0,         0,         0,1, 0, 0, 0,A800                          ,    5,         0,0,20181108 20:30:55,                              , 9999, 9999, 9999, 9999,32767,     0,     0
 ED5.2,1196                          ,1346                          ,                    ,1318      ,                ,  101,                    ,                              ,14,0,20181108 20:31:43,    0,         0,       180,65535,65535, 9999,2,                ,0000000,0, 0,         0,    0,0000000000000000000000000000000000000000,0000000000000000000000000000000000000000,         0,         0,         0,         0,1, 0, 0, 0,1196                          ,    0,       180,0,20181108 20:28:43,1346                          ,  101, 9999,  101,  101,    0,     0,     0
 ED5.2,1525                          ,1818                          ,                    ,1632      ,                ,  101,                    ,                              ,14,0,20181108 20:31:51,    0,         0,       219,65535,65535, 9999,2,                ,0000000,0, 0,         0,    0,0000000000000000000000000000000000000000,0000000000000000000000000000000000000000,         0,         0,         0,         0,1, 0, 0, 0,1525                          ,    0,       219,0,20181108 20:28:12,1818                          ,  101, 9999,  101,  101,    0,     0,     0
 ED5.2,3163560924                    ,1228                          ,COORD PROCES ADI    ,1949      ,                ,  101,                    ,                              , 0,2,20181108 20:34:08,    0,         0,         0, 2299,   66,  101,2,                ,0010000,2, 1,         0,    0,1000000000000000000000000000000000000000,0000000000000000000000010000000000001000,         0,         0,         0,         0,1, 0, 0, 0,033163560924                  ,    0,         0,0,20181108 20:34:08,1228                          , 9999, 9999, 9999,  101,32767,     0,     0
 ED5.2,3393000                       ,FS014                         ,                    ,          ,                ,  101,                    ,                              , 7,2,20181108 20:35:15,    0,         0,     43205, 2830,   82,  101,2,                ,0010000,2, 1,         0,    0,1000000000000000000000000000000000000000,0000000000000000000000010000000000001000,         0,         0,         0,         0,1, 0, 0, 0,3393000                       ,    0,         0,0,20181108 08:35:10,                              , 9999, 9999, 9999, 9999,32767,     0,     0
 ED5.2,1591                          ,1563                          ,                    ,1952      ,                ,  101,                    ,                              ,14,0,20181108 20:36:47,    0,         0,       862,65535,65535, 9999,2,                ,0000000,0, 0,         0,    0,0000000000000000000000000000000000000000,0000000000000000000000000000000000000000,         0,         0,         0,         0,1, 0, 0, 0,1591                          ,    0,       862,0,20181108 20:22:25,1563                          ,  101, 9999,  101,  101,    0,     0,     0
 ED5.2,1449                          ,1736                          ,                    ,1635      ,                ,  101,                    ,                              ,14,0,20181108 20:37:10,    0,         0,         8,65535,65535, 9999,2,                ,0000000,0, 0,         0,    0,0000000000000000000000000000000000000000,0000000000000000000000000000000000000000,         0,         0,         0,         0,1, 0, 0, 0,1449                          ,    0,         8,0,20181108 20:37:02,1736                          ,  101, 9999,  101,  101,    0,     0,     0
 ED5.2,1026                          ,1736                          ,                    ,1635      ,                ,  101,                    ,                              ,14,0,20181108 20:37:32,    0,         0,         7,65535,65535, 9999,2,                ,0000000,0, 0,         0,    0,0000000000000000000000000000000000000000,0000000000000000000000000000000000000000,         0,         0,         0,         0,1, 0, 0, 0,1026                          ,    0,         7,0,20181108 20:37:25,1736                          ,  101, 9999,  101,  101,    0,     0,     0
 ED5.2,8056912                       ,3167                          ,RAFAEL EDUAR COR    ,1979      ,                ,  101,                    ,                              , 4,2,20181108 20:39:11,    0,         0,       259, 2820,   82,  101,2,                ,0000000,2, 0,         0,    0,0000000000000000000000000000000000000000,0000000000000000000000010000000000000000,         0,         0,         0,         0,1, 0, 0, 0,A500                          ,    7,       252,0,20181108 20:34:52,                              , 9999, 9999, 9999, 9999,32767,     0,     0
 ED5.2,1043                          ,1449                          ,                    ,1632      ,                ,  101,                    ,                              ,14,0,20181108 20:41:53,    0,         0,         3,65535,65535, 9999,2,                ,0000000,0, 0,         0,    0,0000000000000000000000000000000000000000,0000000000000000000000000000000000000000,         0,         0,         0,         0,1, 0, 0, 0,1043                          ,    0,         3,0,20181108 20:41:50,1449                          ,  101, 9999,  101,  101,    0,     0,     0
 ED5.2,1324                          ,1736                          ,                    ,1635      ,                ,  101,                    ,                              ,14,0,20181108 20:43:48,    0,         0,        12,65535,65535, 9999,2,                ,0000000,0, 0,         0,    0,0000000000000000000000000000000000000000,0000000000000000000000000000000000000000,         0,         0,         0,         0,1, 0, 0, 0,1324                          ,    0,        12,0,20181108 20:43:36,1736                          ,  101, 9999,  101,  101,    0,     0,     0
 ED5.2,1404                          ,1736                          ,                    ,1635      ,                ,  101,                    ,                              ,14,0,20181108 20:43:55,    0,         0,         0,65535,65535, 9999,2,                ,0000000,0, 0,         0,    0,0000000000000000000000000000000000000000,0000000000000000000000000000000000000000,         0,         0,         0,         0,1, 0, 0, 0,1404                          ,    0,         0,0,20181108 20:43:55,1736                          ,  101, 9999,  101,  101,    0,     0,     0
 ED5.2,4877777                       ,1442                          ,DIANA VANESS RAM    ,1632      ,                ,  101,                    ,                              , 0,2,20181108 20:43:59,    0,         0,        92, 1951,   11,  101,2,                ,0010000,2, 1,         0,    0,1000000000000000000000000000000000000000,0000000000000000000000010000000000001000,         0,         0,         0,         0,1, 0, 0, 0,4877777                       ,    0,         0,0,20181108 20:42:27,1442                          , 9999, 9999, 9999,  101,32767,     0,     0
 ED5.2,6604874                       ,1442                          ,DIANA VANESS RAM    ,1632      ,                ,  101,                    ,                              , 0,2,20181108 20:44:47,    0,         0,        34, 1951,   11,  101,2,                ,0010000,2, 1,         0,    0,1000000000000000000000000000000000000000,0000000000000000000000010000000000001000,         0,         0,         0,         0,1, 0, 0, 0,6604874                       ,    0,         0,0,20181108 20:44:13,1442                          , 9999, 9999, 9999,  101,32767,     0,     0
 ED5.2,1442                          ,1736                          ,                    ,1635      ,                ,  101,                    ,                              ,14,0,20181108 20:44:52,    0,         0,         0,65535,65535, 9999,2,                ,0000000,0, 0,         0,    0,0000000000000000000000000000000000000000,0000000000000000000000000000000000000000,         0,         0,         0,         0,1, 0, 0, 0,1442                          ,    0,         0,0,20181108 20:44:52,1736                          ,  101, 9999,  101,  101,    0,     0,     0
 ED5.2,1307                          ,1736                          ,                    ,1635      ,                ,  101,                    ,                              ,14,0,20181108 20:45:22,    0,         0,         0,65535,65535, 9999,2,                ,0000000,0, 0,         0,    0,0000000000000000000000000000000000000000,0000000000000000000000000000000000000000,         0,         0,         0,         0,1, 0, 0, 0,1307                          ,    0,         0,0,20181108 20:45:22,1736                          ,  101, 9999,  101,  101,    0,     0,     0
 ED5.2,1033                          ,1736                          ,                    ,1635      ,                ,  101,                    ,                              ,14,0,20181108 20:45:37,    0,         0,         6,65535,65535, 9999,2,                ,0000000,0, 0,         0,    0,0000000000000000000000000000000000000000,0000000000000000000000000000000000000000,         0,         0,         0,         0,1, 0, 0, 0,1307                          ,    0,         6,1,20181108 20:45:31,1736                          ,  101, 9999,  101,  101,    0,     0,     0
 ED5.2,1339                          ,3243                          ,                    ,1949      ,                ,  101,                    ,                              ,14,0,20181108 20:46:37,    0,         0,        24,65535,65535, 9999,2,                ,0000000,0, 0,         0,    0,0000000000000000000000000000000000000000,0000000000000000000000000000000000000000,         0,         0,         0,         0,1, 0, 0, 0,1339                          ,    0,        24,0,20181108 20:46:13,3243                          ,  101, 9999,  101,  101,    0,     0,     0
 ED5.2,3167                          ,1736                          ,                    ,1635      ,                ,  101,                    ,                              ,14,0,20181108 20:47:07,    0,         0,         7,65535,65535, 9999,2,                ,0000000,0, 0,         0,    0,0000000000000000000000000000000000000000,0000000000000000000000000000000000000000,         0,         0,         0,         0,1, 0, 0, 0,3167                          ,    0,         7,0,20181108 20:47:00,1736                          ,  101, 9999,  101,  101,    0,     0,     0
 ED5.2,1196                          ,1346                          ,                    ,1318      ,                ,  101,                    ,                              ,14,0,20181108 20:47:34,    0,         0,        10,65535,65535, 9999,2,                ,0000000,0, 0,         0,    0,0000000000000000000000000000000000000000,0000000000000000000000000000000000000000,         0,         0,         0,         0,1, 0, 0, 0,1196                          ,    0,        10,0,20181108 20:47:24,1346                          ,  101, 9999,  101,  101,    0,     0,     0
 ED5.2,1442                          ,1736                          ,                    ,1635      ,                ,  101,                    ,                              ,14,0,20181108 20:47:36,    0,         0,         7,65535,65535, 9999,2,                ,0000000,0, 0,         0,    0,0000000000000000000000000000000000000000,0000000000000000000000000000000000000000,         0,         0,         0,         0,1, 0, 0, 0,1442                          ,    0,         7,0,20181108 20:47:29,1736                          ,  101, 9999,  101,  101,    0,     0,     0
 ED5.2,3261                          ,1346                          ,                    ,1318      ,                ,  101,                    ,                              ,14,0,20181108 20:49:17,    0,         0,        81,65535,65535, 9999,2,                ,0000000,0, 0,         0,    0,0000000000000000000000000000000000000000,0000000000000000000000000000000000000000,         0,         0,         0,         0,1, 0, 0, 0,3261                          ,    0,        81,0,20181108 20:47:56,1346                          ,  101, 9999,  101,  101,    0,     0,     0
 ED5.2,1307                          ,1736                          ,                    ,1635      ,                ,  101,                    ,                              ,14,0,20181108 20:52:22,    0,         0,         0,65535,65535, 9999,2,                ,0000000,0, 0,         0,    0,0000000000000000000000000000000000000000,0000000000000000000000000000000000000000,         0,         0,         0,         0,1, 0, 0, 0,1307                          ,    0,         0,0,20181108 20:52:22,1736                          ,  101, 9999,  101,  101,    0,     0,     0
 ED5.2,7852793                       ,1735                          ,SANTIAGO ACEVEDO    ,1945      ,                ,  101,                    ,                              , 0,2,20181108 20:52:28,    0,         0,        24, 1951,   11,  101,2,                ,0010000,2, 1,         0,    0,1000000000000000000000000000000000000000,0000000000000000000000010000000000001000,         0,         0,         0,         0,1, 0, 0, 0,7852793                       ,    0,         0,0,20181108 20:52:04,1735                          , 9999, 9999, 9999,  101,32767,     0,     0
 ED5.2,8056912                       ,3167                          ,RAFAEL EDUAR COR    ,1979      ,                ,  101,                    ,                              , 4,2,20181108 20:52:30,    0,         0,        61, 2820,   82,  101,2,                ,0000000,2, 0,         0,    0,0000000000000000000000000000000000000000,0000000000000000000000010000000000000000,         0,         0,         0,         0,1, 0, 0, 0,A500                          ,    7,        54,0,20181108 20:51:29,                              , 9999, 9999, 9999, 9999,32767,     0,     0
 ED5.2,6604869                       ,1736                          ,RECEPCION 2 MORA    ,1635      ,                ,  101,                    ,                              , 0,2,20181108 20:55:31,    0,         0,       148, 2820,   82,  101,2,                ,0010000,2, 1,         0,    0,1000000000000000000000000000000000000000,0000000000000000000000010000000000001000,         0,         0,         0,         0,1, 0, 0, 0,6604869                       ,    0,         0,0,20181108 20:53:03,1736                          , 9999, 9999, 9999,  101,32767,     0,     0
 ED5.2,7440537                       ,FS020                         ,ETB                 ,          ,                ,  101,                    ,                              , 4,2,20181108 20:55:51,    0,         0,         7,  120,   20,  101,2,                ,0000000,3, 0,         0,    0,0000000000000000000000000000000000000000,0000000000000000000000010000000000000000,         0,         0,         0,         0,1, 0, 0, 0,A800                          ,    7,         0,0,20181108 20:55:44,                              , 9999, 9999, 9999, 9999,32767,     0,     0
 ED5.2,6604869                       ,1736                          ,RECEPCION 2 MORA    ,1635      ,                ,  101,                    ,                              , 0,2,20181108 20:56:03,    0,         0,         0, 2820,   82,  101,2,                ,0010000,2, 1,         0,    0,1000000000000000000000000000000000000000,0000000000000000000000010000000000001000,         0,         0,         0,         0,1, 0, 0, 0,6604869                       ,    0,         0,0,20181108 20:56:03,1736                          , 9999, 9999, 9999,  101,32767,     0,     0
 ED5.2,1501                          ,1340                          ,                    ,1635      ,                ,  101,                    ,                              ,14,0,20181108 20:56:09,    0,         0,         0,65535,65535, 9999,2,                ,0000000,0, 0,         0,    0,0000000000000000000000000000000000000000,0000000000000000000000000000000000000000,         0,         0,         0,         0,1, 0, 0, 0,1501                          ,    0,         0,0,20181108 20:56:09,1340                          ,  101, 9999,  101,  101,    0,     0,     0
 ED5.2,1237                          ,1561                          ,                    ,1952      ,                ,  101,                    ,                              ,14,0,20181108 20:57:31,    0,         0,        26,65535,65535, 9999,2,                ,0000000,0, 0,         0,    0,0000000000000000000000000000000000000000,0000000000000000000000000000000000000000,         0,         0,         0,         0,1, 0, 0, 0,1237                          ,    0,        26,0,20181108 20:57:05,1561                          ,  101, 9999,  101,  101,    0,     0,     0
 ED5.2,1216                          ,1369                          ,                    ,1632      ,                ,  101,                    ,                              ,14,0,20181108 20:59:49,    0,         0,         0,65535,65535, 9999,2,                ,0000000,0, 0,         0,    0,0000000000000000000000000000000000000000,0000000000000000000000000000000000000000,         0,         0,         0,         0,1, 0, 0, 0,1216                          ,    0,         0,0,20181108 20:59:49,1369                          ,  101, 9999,  101,  101,    0,     0,     0
 ED5.2,1217                          ,1369                          ,                    ,1632      ,                ,  101,                    ,                              ,14,0,20181108 21:00:03,    0,         0,         0,65535,65535, 9999,2,                ,0000000,0, 0,         0,    0,0000000000000000000000000000000000000000,0000000000000000000000000000000000000000,         0,         0,         0,         0,1, 0, 0, 0,1217                          ,    0,         0,0,20181108 21:00:03,1369                          ,  101, 9999,  101,  101,    0,     0,     0
