 ED5.2,6604869                       ,1055                          ,GERALDINE  ROMER    ,1318      ,                ,  101,                    ,                              , 0,2,20181113 19:00:38,    0,         0,         0, 1952,   11,  101,2,                ,0010000,2, 1,         0,    0,1000000000000000000000000000000000000000,0000000000000000000000010000000000001000,         0,         0,         0,         0,1, 0, 0, 0,6604869                       ,    0,         0,0,20181113 19:00:38,1055                          , 9999, 9999, 9999,  101,32767,     0,     0
 ED5.2,3160960                       ,1161                          ,KATERINE GUARNIZ    ,1110      ,                ,  101,                    ,                              , 4,2,20181113 19:01:22,    0,         0,         0,  121,   20,  101,2,                ,0000000,3, 0,         0,    0,0000000000000000000000000000000000000000,0000000000000000000000010000000000000000,         0,         0,         0,         0,1, 0, 0, 0,1161                          ,    0,         0,0,20181113 19:01:22,                              , 9999, 9999, 9999, 9999,32767,     0,     0
 ED5.2,6818181                       ,1564                          ,INGRID CONST GAR    ,1952      ,                ,  101,                    ,                              , 0,2,20181113 19:01:45,    0,         0,         0, 1953,   11,  101,2,                ,0010000,2, 1,         0,    0,1000000000000000000000000000000000000000,0000000000000000000000010000000000001000,         0,         0,         0,         0,1, 0, 0, 0,6818181                       ,    0,         0,0,20181113 19:01:45,1564                          , 9999, 9999, 9999,  101,32767,     0,     0
 ED5.2,5818181                       ,1564                          ,INGRID CONST GAR    ,1952      ,                ,  101,                    ,                              , 0,2,20181113 19:02:20,    0,         0,        23, 1953,   11,  101,2,                ,0010000,2, 1,         0,    0,1000000000000000000000000000000000000000,0000000000000000000000010000000000001000,         0,         0,         0,         0,1, 0, 0, 0,5818181                       ,    0,         0,0,20181113 19:01:57,1564                          , 9999, 9999, 9999,  101,32767,     0,     0
 ED5.2,5818181                       ,1564                          ,INGRID CONST GAR    ,1952      ,                ,  101,                    ,                              , 0,2,20181113 19:02:23,    0,         0,         0, 1954,   11,  101,2,                ,0010000,2, 1,         0,    0,1000000000000000000000000000000000000000,0000000000000000000000010000000000001000,         0,         0,         0,         0,1, 0, 0, 0,5818181                       ,    0,         0,0,20181113 19:02:23,1564                          , 9999, 9999, 9999,  101,32767,     0,     0
 ED5.2,3019597                       ,5161                          ,LORENA PATRI ACU    ,3952      ,                ,  101,                    ,                              , 0,2,20181113 19:02:26,    0,         0,        29, 2816,   82,  101,2,                ,0010000,2, 1,         0,    0,1000000000000000000000000000000000000000,0000000000000000000000010000000000001000,         0,         0,         0,         0,1, 0, 0, 0,3019597                       ,    0,         0,0,20181113 19:01:57,5161                          , 9999, 9999, 9999,  101,32767,     0,     0
 ED5.2,1176                          ,1532                          ,                    ,1632      ,                ,  101,                    ,                              ,14,0,20181113 19:03:32,    0,         0,       138,65535,65535, 9999,2,                ,0000000,0, 0,         0,    0,0000000000000000000000000000000000000000,0000000000000000000000000000000000000000,         0,         0,         0,         0,1, 0, 0, 0,1176                          ,    0,       138,0,20181113 19:01:14,1532                          ,  101, 9999,  101,  101,    0,     0,     0
 ED5.2,5818181                       ,1564                          ,INGRID CONST GAR    ,1952      ,                ,  101,                    ,1564                          , 0,2,20181113 19:03:50,    0,         0,        90, 1953,   11,  101,2,                ,0010000,2, 1,         0,    0,0000000000000000000000000000000000000000,0000000010000000000000010000000000001000,         0,         0,         0,         0,1, 0, 0, 0,5818181                       ,  118,         0,0,20181113 19:02:20,1564                          , 9999, 9999, 9999,  101,32767,     0,     0
 ED5.2,7452762                       ,3371                          ,FEDERICO GOMEZ C    ,1091      ,                ,  101,                    ,                              , 0,2,20181113 19:04:05,    0,         0,     39200, 2841,   82,  101,2,                ,0010000,2, 1,         0,    0,1000000000000000000000000000000000000000,0000000000000000000000010000000000001000,         0,         0,         0,         0,1, 0, 0, 0,7452762                       ,    0,         0,0,20181113 08:10:45,3371                          , 9999, 9999, 9999,  101,32767,     0,     0
 ED5.2,1005                          ,1420                          ,                    ,1949      ,                ,  101,                    ,                              ,14,0,20181113 19:04:10,    0,         0,        48,65535,65535, 9999,2,                ,0000000,0, 0,         0,    0,0000000000000000000000000000000000000000,0000000000000000000000000000000000000000,         0,         0,         0,         0,1, 0, 0, 0,1005                          ,    0,        48,0,20181113 19:03:22,1420                          ,  101, 9999,  101,  101,    0,     0,     0
 ED5.2,5818181                       ,1564                          ,INGRID CONST GAR    ,1952      ,                ,  101,                    ,                              , 0,2,20181113 19:04:11,    0,         0,       104,  121,   20,  101,2,                ,0010000,2, 1,         0,    0,1000000000000000000000000000000000000000,0000000000000000000000010000000000001000,         0,         0,         0,         0,1, 0, 0, 0,5818181                       ,    0,         0,0,20181113 19:02:27,1564                          , 9999, 9999, 9999,  101,32767,     0,     0
 ED5.2,1444                          ,1402                          ,                    ,1952      ,                ,  101,                    ,                              ,14,0,20181113 19:04:38,    0,         0,         0,65535,65535, 9999,2,                ,0000000,0, 0,         0,    0,0000000000000000000000000000000000000000,0000000000000000000000000000000000000000,         0,         0,         0,         0,1, 0, 0, 0,1444                          ,    0,         0,0,20181113 19:04:38,1402                          ,  101, 9999,  101,  101,    0,     0,     0
 ED5.2,1441                          ,1402                          ,                    ,1952      ,                ,  101,                    ,                              ,14,0,20181113 19:04:55,    0,         0,         0,65535,65535, 9999,2,                ,0000000,0, 0,         0,    0,0000000000000000000000000000000000000000,0000000000000000000000000000000000000000,         0,         0,         0,         0,1, 0, 0, 0,1441                          ,    0,         0,0,20181113 19:04:55,1402                          ,  101, 9999,  101,  101,    0,     0,     0
 ED5.2,1440                          ,1402                          ,                    ,1952      ,                ,  101,                    ,                              ,14,0,20181113 19:04:57,    0,         0,         0,65535,65535, 9999,2,                ,0000000,0, 0,         0,    0,0000000000000000000000000000000000000000,0000000000000000000000000000000000000000,         0,         0,         0,         0,1, 0, 0, 0,1441                          ,    0,         0,1,20181113 19:04:57,1402                          ,  101, 9999,  101,  101,    0,     0,     0
 ED5.2,------------------------------,******************************,                    ,**********,                ,  101,                    ,******************************, 4,2,20181113 19:05:14,    0,         0,        21,  280,   62,  101,2,                ,0000000,3, 0,         0,    0,0000000000000000000000000000000000000000,0000000000000000000000010000000000000000,         0,         0,         0,         0,1, 0, 0, 0,------------------------------,   20,         1,1,20181113 19:04:53,******************************, 9999, 9999, 9999, 9999,32767,     0,     0
 ED5.2,6113030                       ,1820                          ,VICKY ALEJAN BAR    ,1632      ,                ,  101,                    ,                              , 0,2,20181113 19:05:55,    0,         0,       268, 1952,   11,  101,2,                ,0010000,2, 1,         0,    0,1000000000000000000000000000000000000000,0000000000000000000000010000000000001000,         0,         0,         0,         0,1, 0, 0, 0,6113030                       ,    0,         0,0,20181113 19:01:27,1820                          , 9999, 9999, 9999,  101,32767,     0,     0
 ED5.2,1818                          ,1525                          ,                    ,1632      ,                ,  101,                    ,                              ,14,0,20181113 19:06:04,    0,         0,        89,65535,65535, 9999,2,                ,0000000,0, 0,         0,    0,0000000000000000000000000000000000000000,0000000000000000000000000000000000000000,         0,         0,         0,         0,1, 0, 0, 0,1818                          ,    0,        89,0,20181113 19:04:35,1525                          ,  101, 9999,  101,  101,    0,     0,     0
 ED5.2,6604869                       ,1055                          ,GERALDINE  ROMER    ,1318      ,                ,  101,                    ,                              , 0,2,20181113 19:06:39,    0,         0,       348,  120,   20,  101,2,                ,0010000,2, 1,         0,    0,1000000000000000000000000000000000000000,0000000000000000000000010000000000001000,         0,         0,         0,         0,1, 0, 0, 0,6604869                       ,    0,         0,0,20181113 19:00:51,1055                          , 9999, 9999, 9999,  101,32767,     0,     0
 ED5.2,6562265                       ,1029                          ,ANA CAROLINA QUI    ,1091      ,                ,  101,                    ,                              , 0,2,20181113 19:06:59,    0,         0,         0, 2816,   82,  101,2,                ,0010000,2, 1,         0,    0,1000000000000000000000000000000000000000,0000000000000000000000010000000000001000,         0,         0,         0,         0,1, 0, 0, 0,6562265                       ,    0,         0,0,20181113 19:06:59,1029                          , 9999, 9999, 9999,  101,32767,     0,     0
 ED5.2,772261                        ,3243                          ,FERMIN ORDONEZ      ,1949      ,                ,  101,                    ,                              , 0,2,20181113 19:07:02,    0,         0,         0, 1952,   11,  101,2,                ,0010000,2, 1,         0,    0,1000000000000000000000000000000000000000,0000000000000000000000010000000000001000,         0,         0,         0,         0,1, 0, 0, 0,772261                        ,    0,         0,0,20181113 19:07:02,3243                          , 9999, 9999, 9999,  101,32767,     0,     0
 ED5.2,6635456                       ,1274                          ,ADRIANA PLAZAS C    ,1527      ,                ,  101,                    ,                              , 0,2,20181113 19:07:33,    0,         0,         0, 2816,   82,  101,2,                ,0010000,2, 1,         0,    0,1000000000000000000000000000000000000000,0000000000000000000000010000000000001000,         0,         0,         0,         0,1, 0, 0, 0,6635456                       ,    0,         0,0,20181113 19:07:33,1274                          , 9999, 9999, 9999,  101,32767,     0,     0
 ED5.2,7722621                       ,3243                          ,FERMIN ORDONEZ      ,1949      ,                ,  101,                    ,                              , 0,2,20181113 19:08:04,    0,         0,        39, 1952,   11,  101,2,                ,0010000,2, 1,         0,    0,1000000000000000000000000000000000000000,0000000000000000000000010000000000001000,         0,         0,         0,         0,1, 0, 0, 0,7722621                       ,    0,         0,0,20181113 19:07:25,3243                          , 9999, 9999, 9999,  101,32767,     0,     0
 ED5.2,1444                          ,1402                          ,                    ,1952      ,                ,  101,                    ,                              ,14,0,20181113 19:08:06,    0,         0,         0,65535,65535, 9999,2,                ,0000000,0, 0,         0,    0,0000000000000000000000000000000000000000,0000000000000000000000000000000000000000,         0,         0,         0,         0,1, 0, 0, 0,1444                          ,    0,         0,0,20181113 19:08:06,1402                          ,  101, 9999,  101,  101,    0,     0,     0
 ED5.2,1526                          ,1402                          ,                    ,1952      ,                ,  101,                    ,                              ,14,0,20181113 19:08:09,    0,         0,         0,65535,65535, 9999,2,                ,0000000,0, 0,         0,    0,0000000000000000000000000000000000000000,0000000000000000000000000000000000000000,         0,         0,         0,         0,1, 0, 0, 0,1444                          ,    0,         0,1,20181113 19:08:09,1402                          ,  101, 9999,  101,  101,    0,     0,     0
 ED5.2,2972231                       ,4003                          ,JUDY FRANCEL JAR    ,2952      ,                ,  101,                    ,                              , 0,2,20181113 19:08:21,    0,         0,         5, 2395,   15,  101,2,                ,0010000,2, 1,         0,    0,1000000000000000000000000000000000000000,0000000000000000000000010000000000001000,         0,         0,         0,         0,1, 0, 0, 0,2972231                       ,    0,         0,0,20181113 19:08:16,4003                          , 9999, 9999, 9999,  101,32767,     0,     0
 ED5.2,3275480                       ,1896                          ,EDGAR YECID BERM    ,1632      ,                ,  101,                    ,                              , 4,2,20181113 19:08:24,    0,         0,       335,  122,   20,  101,2,                ,0000000,2, 1,         0,    0,0000000000000000000000000000000000000000,0000000000000000000000010000000000000000,         0,         0,         0,         0,1, 0, 0, 0,A800                          ,    8,       327,0,20181113 19:02:49,                              , 9999, 9999, 9999, 9999,32767,     0,     0
 ED5.2,7968329                       ,3217                          ,JOSE MARIA PENA     ,1675      ,                ,  101,                    ,                              , 0,2,20181113 19:09:01,    0,         0,         0, 2816,   82,  101,2,                ,0010000,2, 1,         0,    0,1000000000000000000000000000000000000000,0000000000000000000000010000000000001000,         0,         0,         0,         0,1, 0, 0, 0,7968329                       ,    0,         0,0,20181113 19:09:01,3217                          , 9999, 9999, 9999,  101,32767,     0,     0
 ED5.2,663003952514                  ,1340                          ,RECEPCION MORATO    ,1635      ,                ,  101,                    ,                              , 4,2,20181113 19:09:12,    0,         0,       107,  120,   20,  101,2,                ,0000000,2, 0,         0,    0,0000000000000000000000000000000000000000,0000000000000000000000010000000000000000,         0,         0,         0,         0,1, 0, 0, 0,A800                          ,  108,         0,1,20181113 19:07:25,                              , 9999, 9999, 9999, 9999,32767,     0,     0
 ED5.2,7766099                       ,1827                          ,LEYDI ISABEL MOL    ,1638      ,                ,  101,                    ,                              , 0,2,20181113 19:09:22,    0,         0,         6, 1952,   11,  101,2,                ,0010000,2, 1,         0,    0,1000000000000000000000000000000000000000,0000000000000000000000010000000000001000,         0,         0,         0,         0,1, 0, 0, 0,7766099                       ,    0,         0,0,20181113 19:09:16,1827                          , 9999, 9999, 9999,  101,32767,     0,     0
 ED5.2,0724851121                    ,3501                          ,RECEPCION AUXILI    ,4675      ,                ,  101,                    ,                              , 4,2,20181113 19:09:48,    0,         0,        28,  308,   65,  101,2,                ,0000000,3, 0,         0,    0,0000000000000000000000000000000000000000,0000000000000000000000010000000000000000,         0,         0,         0,         0,1, 0, 0, 0,A600                          ,   28,         0,1,20181113 19:09:20,                              , 9999, 9999, 9999, 9999,32767,     0,     0
 ED5.2,7420719                       ,1600                          ,RECEPCION COUNTR    ,1635      ,                ,  101,                    ,                              , 4,2,20181113 19:10:23,    0,         0,        38,  120,   20,  101,2,                ,0000000,3, 0,         0,    0,0000000000000000000000000000000000000000,0000000000000000000000010000000000000000,         0,         0,         0,         0,1, 0, 0, 0,A800                          ,   39,         0,1,20181113 19:09:45,                              , 9999, 9999, 9999, 9999,32767,     0,     0
 ED5.2,5418914                       ,1324                          ,JENNIFER CORREA     ,1952      ,                ,  101,                    ,                              , 0,2,20181113 19:10:29,    0,         0,       606, 1951,   11,  101,2,                ,0010000,2, 1,         0,    0,1000000000000000000000000000000000000000,0000000000000000000000010000000000001000,         0,         0,         0,         0,1, 0, 0, 0,5418914                       ,    0,         0,0,20181113 19:00:23,1324                          , 9999, 9999, 9999,  101,32767,     0,     0
 ED5.2,1214                          ,1211                          ,                    ,1952      ,                ,  101,                    ,                              ,14,0,20181113 19:10:44,    0,         0,       141,65535,65535, 9999,2,                ,0000000,0, 0,         0,    0,0000000000000000000000000000000000000000,0000000000000000000000000000000000000000,         0,         0,         0,         0,1, 0, 0, 0,1214                          ,    0,       141,0,20181113 19:08:23,1211                          ,  101, 9999,  101,  101,    0,     0,     0
 ED5.2,5381076                       ,1312                          ,MOISES JAHIR HER    ,1632      ,                ,  101,                    ,                              , 0,2,20181113 19:11:47,    0,         0,         0, 1951,   11,  101,2,                ,0010000,2, 1,         0,    0,1000000000000000000000000000000000000000,0000000000000000000000010000000000001000,         0,         0,         0,         0,1, 0, 0, 0,5381076                       ,    0,         0,0,20181113 19:11:47,1312                          , 9999, 9999, 9999,  101,32767,     0,     0
 ED5.2,7420771                       ,FS014                         ,                    ,          ,                ,  101,                    ,                              , 7,2,20181113 19:12:00,    0,         0,     38618, 2851,   82,  101,2,                ,0010000,2, 1,         0,    0,1000000000000000000000000000000000000000,0000000000000000000000010000000000001000,         0,         0,         0,         0,1, 0, 0, 0,7420771                       ,    0,         0,0,20181113 08:28:22,                              , 9999, 9999, 9999, 9999,32767,     0,     0
 ED5.2,663004747257                  ,FS082                         ,SIPsalida           ,          ,                ,  101,                    ,                              , 4,2,20181113 19:12:01,    0,         0,         7, 2817,   82,  101,2,                ,0000000,2, 0,         0,    0,0000000000000000000000000000000000000000,0000000000000000000000010000000000000000,         0,         0,         0,         0,1, 0, 0, 0,A900                          ,    7,         0,0,20181113 19:11:54,                              , 9999, 9999, 9999, 9999,32767,     0,     0
 ED5.2,1275                          ,1029                          ,                    ,1091      ,                ,  101,                    ,                              ,14,0,20181113 19:12:15,    0,         0,         0,65535,65535, 9999,2,                ,0000000,0, 0,         0,    0,0000000000000000000000000000000000000000,0000000000000000000000000000000000000000,         0,         0,         0,         0,1, 0, 0, 0,1275                          ,    0,         0,0,20181113 19:12:15,1029                          ,  101, 9999,  101,  101,    0,     0,     0
 ED5.2,2093                          ,2063                          ,                    ,4632      ,                ,  101,                    ,                              ,14,0,20181113 19:12:22,    0,         0,        25,65535,65535, 9999,2,                ,0000000,0, 0,         0,    0,0000000000000000000000000000000000000000,0000000000000000000000000000000000000000,         0,         0,         0,         0,1, 0, 0, 0,2093                          ,    0,        25,0,20181113 19:11:57,2063                          ,  101, 9999,  101,  101,    0,     0,     0
 ED5.2,1581                          ,1029                          ,                    ,1091      ,                ,  101,                    ,                              ,14,0,20181113 19:13:05,    0,         0,         0,65535,65535, 9999,2,                ,0000000,0, 0,         0,    0,0000000000000000000000000000000000000000,0000000000000000000000000000000000000000,         0,         0,         0,         0,1, 0, 0, 0,1275                          ,    0,         0,1,20181113 19:13:05,1029                          ,  101, 9999,  101,  101,    0,     0,     0
 ED5.2,4349213                       ,1314                          ,INGENIERO DESARR    ,1945      ,                ,  101,                    ,                              , 0,2,20181113 19:14:56,    0,         0,       111, 1952,   11,  101,2,                ,0010000,2, 1,         0,    0,1000000000000000000000000000000000000000,0000000000000000000000010000000000001000,         0,         0,         0,         0,1, 0, 0, 0,4349213                       ,    0,         0,0,20181113 19:13:05,1314                          , 9999, 9999, 9999,  101,32767,     0,     0
 ED5.2,4349213                       ,1314                          ,INGENIERO DESARR    ,1945      ,                ,  101,                    ,                              , 0,2,20181113 19:15:40,    0,         0,        21, 1952,   11,  101,2,                ,0010000,2, 1,         0,    0,1000000000000000000000000000000000000000,0000000000000000000000010000000000001000,         0,         0,         0,         0,1, 0, 0, 0,4349213                       ,    0,         0,0,20181113 19:15:19,1314                          , 9999, 9999, 9999,  101,32767,     0,     0
 ED5.2,7962983                       ,3217                          ,JOSE MARIA PENA     ,1675      ,                ,  101,                    ,                              , 0,2,20181113 19:15:45,    0,         0,       374, 2816,   82,  101,2,                ,0010000,2, 1,         0,    0,1000000000000000000000000000000000000000,0000000000000000000000010000000000001000,         0,         0,         0,         0,1, 0, 0, 0,7962983                       ,    0,         0,0,20181113 19:09:31,3217                          , 9999, 9999, 9999,  101,32767,     0,     0
 ED5.2,9236848                       ,1341                          ,DIANA PATRIC GOM    ,1945      ,                ,  101,                    ,                              , 0,2,20181113 19:15:51,    0,         0,       180, 1951,   11,  101,2,                ,0010000,2, 1,         0,    0,1000000000000000000000000000000000000000,0000000000000000000000010000000000001000,         0,         0,         0,         0,1, 0, 0, 0,9236848                       ,    0,         0,0,20181113 19:12:51,1341                          , 9999, 9999, 9999,  101,32767,     0,     0
 ED5.2,6080467                       ,1420                          ,CAJA 16             ,1949      ,                ,  101,                    ,                              , 0,2,20181113 19:17:14,    0,         0,        67, 2816,   82,  101,2,                ,0010000,2, 1,         0,    0,1000000000000000000000000000000000000000,0000000000000000000000010000000000001000,         0,         0,         0,         0,1, 0, 0, 0,6080467                       ,    0,         0,0,20181113 19:16:07,1420                          , 9999, 9999, 9999,  101,32767,     0,     0
 ED5.2,3212487065                    ,3228                          ,ALBA ROSA BOTERO    ,1979      ,                ,  101,                    ,                              , 0,1,20181113 19:17:24,    0,         0,       187,  377,   21,  101,2,                ,0010000,0, 0,         0,    0,0000000000000000000000000000000000000000,0000000000000000000000010000000000001000,         0,         0,         0,         0,1, 0, 0, 0,033212487065                  ,    0,         0,0,20181113 19:14:17,3228                          , 9999, 9999, 9999,  101,32767,     0,     0
 ED5.2,7420719                       ,1340                          ,RECEPCION MORATO    ,1635      ,                ,  101,                    ,                              , 4,2,20181113 19:17:33,    0,         0,        36,  121,   20,  101,2,                ,0000000,3, 0,         0,    0,0000000000000000000000000000000000000000,0000000000000000000000010000000000000000,         0,         0,         0,         0,1, 0, 0, 0,A800                          ,   37,         0,1,20181113 19:16:57,                              , 9999, 9999, 9999, 9999,32767,     0,     0
 ED5.2,6398080                       ,1736                          ,RECEPCION 2 MORA    ,1635      ,                ,  101,                    ,                              , 4,2,20181113 19:17:35,    0,         0,        68,  120,   20,  101,2,                ,0000000,2, 0,         0,    0,0000000000000000000000000000000000000000,0000000000000000000000010000000000000000,         0,         0,         0,         0,1, 0, 0, 0,A800                          ,   68,         0,1,20181113 19:16:27,                              , 9999, 9999, 9999, 9999,32767,     0,     0
 ED5.2,6604876                       ,1418                          ,EDNA MARGARI GUA    ,1355      ,                ,  101,                    ,                              , 0,2,20181113 19:18:16,    0,         0,        83, 1951,   11,  101,2,                ,0010000,2, 1,         0,    0,1000000000000000000000000000000000000000,0000000000000000000000010000000000001000,         0,         0,         0,         0,1, 0, 0, 0,6604876                       ,    0,         0,0,20181113 19:16:53,1418                          , 9999, 9999, 9999,  101,32767,     0,     0
 ED5.2,1307                          ,1736                          ,                    ,1635      ,                ,  101,                    ,                              ,14,0,20181113 19:21:51,    0,         0,         6,65535,65535, 9999,2,                ,0000000,0, 0,         0,    0,0000000000000000000000000000000000000000,0000000000000000000000000000000000000000,         0,         0,         0,         0,1, 0, 0, 0,1307                          ,    0,         6,0,20181113 19:21:45,1736                          ,  101, 9999,  101,  101,    0,     0,     0
 ED5.2,6438181                       ,8017                          ,CARMEN SOFIA CAD    ,6952      ,                ,  101,                    ,                              , 0,1,20181113 19:22:14,    0,         0,       770,  526,   80,  101,2,                ,0010000,0, 0,         0,    0,0000000000000000000000000000000000000000,0000000000000000000000010000000000001000,         0,         0,         0,         0,1, 0, 0, 0,6438181                       ,    0,         0,0,20181113 19:09:24,8017                          , 9999, 9999, 9999,  101,32767,     0,     0
 ED5.2,1176                          ,1736                          ,                    ,1635      ,                ,  101,                    ,                              ,14,0,20181113 19:22:27,    0,         0,         5,65535,65535, 9999,2,                ,0000000,0, 0,         0,    0,0000000000000000000000000000000000000000,0000000000000000000000000000000000000000,         0,         0,         0,         0,1, 0, 0, 0,1176                          ,    0,         5,0,20181113 19:22:22,1736                          ,  101, 9999,  101,  101,    0,     0,     0
 ED5.2,1402                          ,1593                          ,                    ,1952      ,                ,  101,                    ,                              ,14,0,20181113 19:22:52,    0,         0,       102,65535,65535, 9999,2,                ,0000000,0, 0,         0,    0,0000000000000000000000000000000000000000,0000000000000000000000000000000000000000,         0,         0,         0,         0,1, 0, 0, 0,1402                          ,    0,       102,0,20181113 19:21:10,1593                          ,  101, 9999,  101,  101,    0,     0,     0
 ED5.2,6314027                       ,3191                          ,ANDRES CUARTAS      ,1089      ,                ,  101,                    ,                              , 0,2,20181113 19:23:36,    0,         0,        71, 2816,   82,  101,2,                ,0010000,2, 1,         0,    0,1000000000000000000000000000000000000000,0000000000000000000000010000000000001000,         0,         0,         0,         0,1, 0, 0, 0,6314027                       ,    0,         0,0,20181113 19:22:25,3191                          , 9999, 9999, 9999,  101,32767,     0,     0
 ED5.2,4444444                       ,2032                          ,FLORISBEL CIFUEN    ,4952      ,                ,  101,                    ,                              , 0,2,20181113 19:24:57,    0,         0,        60,  309,   65,  101,2,                ,0010000,2, 1,         0,    0,1000000000000000000000000000000000000000,0000000000000000000000010000000000001000,         0,         0,         0,         0,1, 0, 0, 0,4444444                       ,    0,         0,0,20181113 19:23:57,2032                          , 9999, 9999, 9999,  101,32767,     0,     0
 ED5.2,1322                          ,1214                          ,                    ,1952      ,                ,  101,                    ,                              ,14,0,20181113 19:25:11,    0,         0,        37,65535,65535, 9999,2,                ,0000000,0, 0,         0,    0,0000000000000000000000000000000000000000,0000000000000000000000000000000000000000,         0,         0,         0,         0,1, 0, 0, 0,1322                          ,    0,        37,0,20181113 19:24:34,1214                          ,  101, 9999,  101,  101,    0,     0,     0
 ED5.2,3126169900                    ,5122                          ,MILAGRO DE J CUE    ,3635      ,                ,  101,                    ,                              , 0,1,20181113 19:25:19,    0,         0,        98,  378,   21,  101,2,                ,0010000,0, 0,         0,    0,0000000000000000000000000000000000000000,0000000000000000000000010000000000001000,         0,         0,         0,         0,1, 0, 0, 0,033126169900                  ,    0,         0,0,20181113 19:23:41,5122                          , 9999, 9999, 9999,  101,32767,     0,     0
 ED5.2,1154                          ,1664                          ,                    ,1632      ,                ,  101,                    ,                              ,14,0,20181113 19:25:27,    0,         0,       106,65535,65535, 9999,2,                ,0000000,0, 0,         0,    0,0000000000000000000000000000000000000000,0000000000000000000000000000000000000000,         0,         0,         0,         0,1, 0, 0, 0,1154                          ,    0,       106,0,20181113 19:23:41,1664                          ,  101, 9999,  101,  101,    0,     0,     0
 ED5.2,1534                          ,1736                          ,                    ,1635      ,                ,  101,                    ,                              ,14,0,20181113 19:25:47,    0,         0,         6,65535,65535, 9999,2,                ,0000000,0, 0,         0,    0,0000000000000000000000000000000000000000,0000000000000000000000000000000000000000,         0,         0,         0,         0,1, 0, 0, 0,1534                          ,    0,         6,0,20181113 19:25:41,1736                          ,  101, 9999,  101,  101,    0,     0,     0
 ED5.2,1525                          ,1736                          ,                    ,1635      ,                ,  101,                    ,                              ,14,0,20181113 19:26:14,    0,         0,         9,65535,65535, 9999,2,                ,0000000,0, 0,         0,    0,0000000000000000000000000000000000000000,0000000000000000000000000000000000000000,         0,         0,         0,         0,1, 0, 0, 0,1525                          ,    0,         9,0,20181113 19:26:05,1736                          ,  101, 9999,  101,  101,    0,     0,     0
 ED5.2,2093                          ,2061                          ,                    ,4632      ,                ,  101,                    ,                              ,14,0,20181113 19:26:25,    0,         0,        36,65535,65535, 9999,2,                ,0000000,0, 0,         0,    0,0000000000000000000000000000000000000000,0000000000000000000000000000000000000000,         0,         0,         0,         0,1, 0, 0, 0,2093                          ,    0,        36,0,20181113 19:25:49,2061                          ,  101, 9999,  101,  101,    0,     0,     0
 ED5.2,1290                          ,1736                          ,                    ,1635      ,                ,  101,                    ,                              ,14,0,20181113 19:28:25,    0,         0,         7,65535,65535, 9999,2,                ,0000000,0, 0,         0,    0,0000000000000000000000000000000000000000,0000000000000000000000000000000000000000,         0,         0,         0,         0,1, 0, 0, 0,1290                          ,    0,         7,0,20181113 19:28:18,1736                          ,  101, 9999,  101,  101,    0,     0,     0
 ED5.2,6604869                       ,1307                          ,DANIELA SEGURA F    ,1633      ,                ,  101,                    ,                              , 0,2,20181113 19:29:08,    0,         0,         0, 1951,   11,  101,2,                ,0010000,2, 1,         0,    0,1000000000000000000000000000000000000000,0000000000000000000000010000000000001000,         0,         0,         0,         0,1, 0, 0, 0,6604869                       ,    0,         0,0,20181113 19:29:08,1307                          , 9999, 9999, 9999,  101,32767,     0,     0
 ED5.2,6604869                       ,1150                          ,LINA VANESA GALI    ,1952      ,                ,  101,                    ,                              , 0,2,20181113 19:29:25,    0,         0,         0, 1951,   11,  101,2,                ,0010000,2, 1,         0,    0,1000000000000000000000000000000000000000,0000000000000000000000010000000000001000,         0,         0,         0,         0,1, 0, 0, 0,6604869                       ,    0,         0,0,20181113 19:29:25,1150                          , 9999, 9999, 9999,  101,32767,     0,     0
 ED5.2,------------------------------,1032                          ,CARLOS FAUST MUN    ,1632      ,                ,  101,                    ,                              , 0,2,20181113 19:29:35,    0,         0,         0, 1951,   11,  101,2,                ,0010000,2, 1,         0,    0,1000000000000000000000000000000000000000,0000000000000000000000010000000000001000,         0,         0,         0,         0,1, 0, 0, 0,6604869                       ,    0,         0,0,20181113 19:29:35,1032                          , 9999, 9999, 9999,  101,32767,     0,     0
 ED5.2,4051                          ,4046                          ,                    ,2952      ,                ,  101,                    ,                              ,14,0,20181113 19:29:39,    0,         0,        94,65535,65535, 9999,2,                ,0000000,0, 0,         0,    0,0000000000000000000000000000000000000000,0000000000000000000000000000000000000000,         0,         0,         0,         0,1, 0, 0, 0,4051                          ,    0,        94,0,20181113 19:28:05,4046                          ,  101, 9999,  101,  101,    0,     0,     0
 ED5.2,6107                          ,1893                          ,                    ,1741      ,                ,  101,                    ,                              ,14,0,20181113 19:30:39,    0,         0,         0,65535,65535, 9999,2,                ,0000000,0, 0,         0,    0,0000000000000000000000000000000000000000,0000000000000000000000000000000000000000,         0,         0,         0,         0,1, 0, 0, 0,6107                          ,    0,         0,0,20181113 19:30:39,1893                          ,  101, 9999,  101,  101,    0,     0,     0
 ED5.2,6604869                       ,1307                          ,DANIELA SEGURA F    ,1633      ,                ,  101,                    ,                              , 0,2,20181113 19:31:22,    0,         0,       126,  120,   20,  101,2,                ,0010000,2, 1,         0,    0,1000000000000000000000000000000000000000,0000000000000000000000010000000000001000,         0,         0,         0,         0,1, 0, 0, 0,6604869                       ,    0,         0,0,20181113 19:29:16,1307                          , 9999, 9999, 9999,  101,32767,     0,     0
 ED5.2,6604869                       ,1277                          ,ANDRES FELIP BAU    ,1952      ,                ,  101,                    ,                              , 0,2,20181113 19:31:28,    0,         0,         0, 1952,   11,  101,2,                ,0010000,2, 1,         0,    0,1000000000000000000000000000000000000000,0000000000000000000000010000000000001000,         0,         0,         0,         0,1, 0, 0, 0,6604869                       ,    0,         0,0,20181113 19:31:28,1277                          , 9999, 9999, 9999,  101,32767,     0,     0
 ED5.2,6604876                       ,1277                          ,ANDRES FELIP BAU    ,1952      ,                ,  101,                    ,                              , 0,2,20181113 19:31:38,    0,         0,         0, 1952,   11,  101,2,                ,0010000,2, 1,         0,    0,1000000000000000000000000000000000000000,0000000000000000000000010000000000001000,         0,         0,         0,         0,1, 0, 0, 0,6604876                       ,    0,         0,0,20181113 19:31:38,1277                          , 9999, 9999, 9999,  101,32767,     0,     0
 ED5.2,1867                          ,1322                          ,                    ,1952      ,                ,  101,                    ,                              ,14,0,20181113 19:31:44,    0,         0,        48,65535,65535, 9999,2,                ,0000000,0, 0,         0,    0,0000000000000000000000000000000000000000,0000000000000000000000000000000000000000,         0,         0,         0,         0,1, 0, 0, 0,1867                          ,    0,        48,0,20181113 19:30:56,1322                          ,  101, 9999,  101,  101,    0,     0,     0
 ED5.2,6604869                       ,1470                          ,DAVID FERNAN TOR    ,1952      ,                ,  101,                    ,                              , 0,1,20181113 19:32:17,    0,         0,         6,  377,   21,  101,2,                ,0010000,0, 0,         0,    0,0000000000000000000000000000000000000000,0000000000000000000000010000000000001000,         0,         0,         0,         0,1, 0, 0, 0,036604869                     ,    0,         0,0,20181113 19:32:11,1470                          , 9999, 9999, 9999,  101,32767,     0,     0
 ED5.2,3810                          ,1114                          ,                    ,1949      ,                ,  101,                    ,                              ,14,0,20181113 19:32:20,    0,         0,        31,65535,65535, 9999,2,                ,0000000,0, 0,         0,    0,0000000000000000000000000000000000000000,0000000000000000000000000000000000000000,         0,         0,         0,         0,1, 0, 0, 0,3810                          ,    0,        31,0,20181113 19:31:49,1114                          ,  101, 9999,  101,  101,    0,     0,     0
 ED5.2,1510                          ,1832                          ,                    ,1632      ,                ,  101,                    ,                              ,14,0,20181113 19:32:22,    0,         0,         0,65535,65535, 9999,2,                ,0000000,0, 0,         0,    0,0000000000000000000000000000000000000000,0000000000000000000000000000000000000000,         0,         0,         0,         0,1, 0, 0, 0,1510                          ,    0,         0,0,20181113 19:32:22,1832                          ,  101, 9999,  101,  101,    0,     0,     0
 ED5.2,6604876                       ,1470                          ,DAVID FERNAN TOR    ,1952      ,                ,  101,                    ,                              , 0,1,20181113 19:32:34,    0,         0,         0,  378,   21,  101,2,                ,0010000,0, 0,         0,    0,0000000000000000000000000000000000000000,0000000000000000000000010000000000001000,         0,         0,         0,         0,1, 0, 0, 0,036604876                     ,    0,         0,0,20181113 19:32:34,1470                          , 9999, 9999, 9999,  101,32767,     0,     0
 ED5.2,1549                          ,1832                          ,                    ,1632      ,                ,  101,                    ,                              ,14,0,20181113 19:32:35,    0,         0,         0,65535,65535, 9999,2,                ,0000000,0, 0,         0,    0,0000000000000000000000000000000000000000,0000000000000000000000000000000000000000,         0,         0,         0,         0,1, 0, 0, 0,1510                          ,    0,         0,1,20181113 19:32:35,1832                          ,  101, 9999,  101,  101,    0,     0,     0
 ED5.2,6604876                       ,1470                          ,DAVID FERNAN TOR    ,1952      ,                ,  101,                    ,                              , 0,2,20181113 19:32:41,    0,         0,         0, 1952,   11,  101,2,                ,0010000,2, 1,         0,    0,1000000000000000000000000000000000000000,0000000000000000000000010000000000001000,         0,         0,         0,         0,1, 0, 0, 0,6604876                       ,    0,         0,0,20181113 19:32:41,1470                          , 9999, 9999, 9999,  101,32767,     0,     0
 ED5.2,6962760                       ,8017                          ,CARMEN SOFIA CAD    ,6952      ,                ,  101,                    ,                              , 0,1,20181113 19:33:08,    0,         0,       221,  400,   80,  101,2,                ,0010000,0, 0,         0,    0,0000000000000000000000000000000000000000,0000000000000000000000010000000000001000,         0,         0,         0,         0,1, 0, 0, 0,6962760                       ,    0,         0,0,20181113 19:29:27,8017                          , 9999, 9999, 9999,  101,32767,     0,     0
 ED5.2,5149                          ,5164                          ,                    ,3632      ,                ,  101,                    ,                              ,14,0,20181113 19:33:21,    0,         0,         0,65535,65535, 9999,2,                ,0000000,0, 0,         0,    0,0000000000000000000000000000000000000000,0000000000000000000000000000000000000000,         0,         0,         0,         0,1, 0, 0, 0,5149                          ,    0,         0,0,20181113 19:33:21,5164                          ,  101, 9999,  101,  101,    0,     0,     0
 ED5.2,5160                          ,5164                          ,                    ,3632      ,                ,  101,                    ,                              ,14,0,20181113 19:33:22,    0,         0,         0,65535,65535, 9999,2,                ,0000000,0, 0,         0,    0,0000000000000000000000000000000000000000,0000000000000000000000000000000000000000,         0,         0,         0,         0,1, 0, 0, 0,5149                          ,    0,         0,1,20181113 19:33:22,5164                          ,  101, 9999,  101,  101,    0,     0,     0
 ED5.2,6170533                       ,1356                          ,NICOLAS ESTE NIE    ,1842      ,                ,  101,                    ,                              , 0,2,20181113 19:33:22,    0,         0,       170, 1951,   11,  101,2,                ,0010000,2, 1,         0,    0,1000000000000000000000000000000000000000,0000000000000000000000010000000000001000,         0,         0,         0,         0,1, 0, 0, 0,6170533                       ,    0,         0,0,20181113 19:30:32,1356                          , 9999, 9999, 9999,  101,32767,     0,     0
 ED5.2,3209420206                    ,1622                          ,LEIDY XIOMAR RAM    ,1422      ,                ,  101,                    ,                              , 0,1,20181113 19:34:22,    0,         0,        78,  377,   21,  101,2,                ,0010000,0, 0,         0,    0,0000000000000000000000000000000000000000,0000000000000000000000010000000000001000,         0,         0,         0,         0,1, 0, 0, 0,033209420206                  ,    0,         0,0,20181113 19:33:04,1622                          , 9999, 9999, 9999,  101,32767,     0,     0
 ED5.2,5149                          ,5164                          ,                    ,3632      ,                ,  101,                    ,                              ,14,0,20181113 19:34:53,    0,         0,         0,65535,65535, 9999,2,                ,0000000,0, 0,         0,    0,0000000000000000000000000000000000000000,0000000000000000000000000000000000000000,         0,         0,         0,         0,1, 0, 0, 0,5149                          ,    0,         0,0,20181113 19:34:53,5164                          ,  101, 9999,  101,  101,    0,     0,     0
 ED5.2,5160                          ,5164                          ,                    ,3632      ,                ,  101,                    ,                              ,14,0,20181113 19:34:53,    0,         0,         0,65535,65535, 9999,2,                ,0000000,0, 0,         0,    0,0000000000000000000000000000000000000000,0000000000000000000000000000000000000000,         0,         0,         0,         0,1, 0, 0, 0,5149                          ,    0,         0,1,20181113 19:34:53,5164                          ,  101, 9999,  101,  101,    0,     0,     0
 ED5.2,5149                          ,5164                          ,                    ,3632      ,                ,  101,                    ,                              ,14,0,20181113 19:35:10,    0,         0,         0,65535,65535, 9999,2,                ,0000000,0, 0,         0,    0,0000000000000000000000000000000000000000,0000000000000000000000000000000000000000,         0,         0,         0,         0,1, 0, 0, 0,5149                          ,    0,         0,0,20181113 19:35:10,5164                          ,  101, 9999,  101,  101,    0,     0,     0
 ED5.2,5149                          ,5164                          ,                    ,3632      ,                ,  101,                    ,                              ,14,0,20181113 19:35:22,    0,         0,         0,65535,65535, 9999,2,                ,0000000,0, 0,         0,    0,0000000000000000000000000000000000000000,0000000000000000000000000000000000000000,         0,         0,         0,         0,1, 0, 0, 0,5149                          ,    0,         0,0,20181113 19:35:22,5164                          ,  101, 9999,  101,  101,    0,     0,     0
 ED5.2,8125116                       ,1537                          ,LUZ  HELENA C       ,1843      ,                ,  101,                    ,                              , 0,2,20181113 19:35:35,    0,         0,        49, 1951,   11,  101,2,                ,0010000,2, 1,         0,    0,1000000000000000000000000000000000000000,0000000000000000000000010000000000001000,         0,         0,         0,         0,1, 0, 0, 0,8125116                       ,    0,         0,0,20181113 19:34:46,1537                          , 9999, 9999, 9999,  101,32767,     0,     0
 ED5.2,1039                          ,3135                          ,                    ,1672      ,                ,  101,                    ,                              ,14,0,20181113 19:35:35,    0,         0,        13,65535,65535, 9999,2,                ,0000000,0, 0,         0,    0,0000000000000000000000000000000000000000,0000000000000000000000000000000000000000,         0,         0,         0,         0,1, 0, 0, 0,1039                          ,    0,        13,0,20181113 19:35:22,3135                          ,  101, 9999,  101,  101,    0,     0,     0
 ED5.2,1265                          ,1039                          ,                    ,1631      ,                ,  101,                    ,                              ,14,0,20181113 19:35:52,    0,         0,         0,65535,65535, 9999,2,                ,0000000,0, 0,         0,    0,0000000000000000000000000000000000000000,0000000000000000000000000000000000000000,         0,         0,         0,         0,1, 0, 0, 0,1265                          ,    0,         0,0,20181113 19:35:52,1039                          ,  101, 9999,  101,  101,    0,     0,     0
 ED5.2,6604869                       ,1176                          ,SINDY MARCEL NAR    ,1632      ,                ,  101,                    ,                              , 0,2,20181113 19:35:55,    0,         0,         0, 1951,   11,  101,2,                ,0010000,2, 1,         0,    0,1000000000000000000000000000000000000000,0000000000000000000000010000000000001000,         0,         0,         0,         0,1, 0, 0, 0,6604869                       ,    0,         0,0,20181113 19:35:55,1176                          , 9999, 9999, 9999,  101,32767,     0,     0
 ED5.2,6604869                       ,1176                          ,SINDY MARCEL NAR    ,1632      ,                ,  101,                    ,                              , 0,2,20181113 19:35:57,    0,         0,         0,  120,   20,  101,2,                ,0010000,2, 1,         0,    0,1000000000000000000000000000000000000000,0000000000000000000000010000000000001000,         0,         0,         0,         0,1, 0, 0, 0,6604869                       ,    0,         0,0,20181113 19:35:57,1176                          , 9999, 9999, 9999,  101,32767,     0,     0
 ED5.2,------------------------------,1032                          ,CARLOS FAUST MUN    ,1632      ,                ,  101,                    ,                              , 0,2,20181113 19:36:00,    0,         0,       373,  122,   20,  101,2,                ,0010000,2, 1,         0,    0,1000000000000000000000000000000000000000,0000000000000000000000010000000000001000,         0,         0,         0,         0,1, 0, 0, 0,6604869                       ,    0,         0,0,20181113 19:29:47,1032                          , 9999, 9999, 9999,  101,32767,     0,     0
 ED5.2,3293                          ,1039                          ,                    ,1631      ,                ,  101,                    ,                              ,14,0,20181113 19:36:00,    0,         0,         0,65535,65535, 9999,2,                ,0000000,0, 0,         0,    0,0000000000000000000000000000000000000000,0000000000000000000000000000000000000000,         0,         0,         0,         0,1, 0, 0, 0,1265                          ,    0,         0,1,20181113 19:36:00,1039                          ,  101, 9999,  101,  101,    0,     0,     0
 ED5.2,2067                          ,2061                          ,                    ,4632      ,                ,  101,                    ,                              ,14,0,20181113 19:36:20,    0,         0,        32,65535,65535, 9999,2,                ,0000000,0, 0,         0,    0,0000000000000000000000000000000000000000,0000000000000000000000000000000000000000,         0,         0,         0,         0,1, 0, 0, 0,2067                          ,    0,        32,0,20181113 19:35:48,2061                          ,  101, 9999,  101,  101,    0,     0,     0
 ED5.2,6604869                       ,1176                          ,SINDY MARCEL NAR    ,1632      ,                ,  101,                    ,                              , 0,2,20181113 19:36:35,    0,         0,        16,  120,   20,  101,2,                ,0010000,2, 1,         0,    0,1000000000000000000000000000000000000000,0000000000000000000000010000000000001000,         0,         0,         0,         0,1, 0, 0, 0,6604869                       ,    0,         0,0,20181113 19:36:19,1176                          , 9999, 9999, 9999,  101,32767,     0,     0
 ED5.2,1593                          ,1402                          ,                    ,1952      ,                ,  101,                    ,                              ,14,0,20181113 19:37:37,    0,         0,        15,65535,65535, 9999,2,                ,0000000,0, 0,         0,    0,0000000000000000000000000000000000000000,0000000000000000000000000000000000000000,         0,         0,         0,         0,1, 0, 0, 0,1593                          ,    0,        15,0,20181113 19:37:22,1402                          ,  101, 9999,  101,  101,    0,     0,     0
 ED5.2,4008                          ,4058                          ,                    ,2952      ,                ,  101,                    ,                              ,14,0,20181113 19:37:49,    0,         0,         0,65535,65535, 9999,2,                ,0000000,0, 0,         0,    0,0000000000000000000000000000000000000000,0000000000000000000000000000000000000000,         0,         0,         0,         0,1, 0, 0, 0,4008                          ,    0,         0,0,20181113 19:37:49,4058                          ,  101, 9999,  101,  101,    0,     0,     0
 ED5.2,9081247                       ,1671                          ,MARISELA PINEDA     ,1633      ,                ,  101,                    ,                              , 0,2,20181113 19:38:01,    0,         0,        67, 1951,   11,  101,2,                ,0010000,2, 1,         0,    0,1000000000000000000000000000000000000000,0000000000000000000000010000000000001000,         0,         0,         0,         0,1, 0, 0, 0,9081247                       ,    0,         0,0,20181113 19:36:54,1671                          , 9999, 9999, 9999,  101,32767,     0,     0
 ED5.2,7505                          ,1420                          ,CAJA 16             ,1949      ,                ,  101,                    ,                              , 0,2,20181113 19:38:03,    0,         0,         7, 1953,   11,  101,2,                ,0010000,2, 1,         0,    0,1000000000000000000000000000000000000000,0000000000000000000000010000000000000000,         0,         0,         0,         0,1, 0, 0, 0,                              ,    0,         0,0,20181113 19:37:56,1420                          , 9999, 9999, 9999,  101,32767,     0,     0
 ED5.2,3430000                       ,3399                          ,FEDERICO GOMEZ C    ,1091      ,                ,  101,                    ,                              , 0,2,20181113 19:38:11,    0,         0,        18, 2816,   82,  101,2,                ,0010000,2, 1,         0,    0,1000000000000000000000000000000000000000,0000000000000000000000010000000000001000,         0,         0,         0,         0,1, 0, 0, 0,3430000                       ,    0,         0,0,20181113 19:37:53,3399                          , 9999, 9999, 9999,  101,32767,     0,     0
 ED5.2,6604869                       ,1470                          ,DAVID FERNAN TOR    ,1952      ,                ,  101,                    ,                              , 0,2,20181113 19:38:26,    0,         0,       322, 1952,   11,  101,2,                ,0010000,2, 1,         0,    0,1000000000000000000000000000000000000000,0000000000000000000000010000000000001000,         0,         0,         0,         0,1, 0, 0, 0,6604869                       ,    0,         0,0,20181113 19:33:04,1470                          , 9999, 9999, 9999,  101,32767,     0,     0
 ED5.2,5147                          ,5164                          ,                    ,3632      ,                ,  101,                    ,                              ,14,0,20181113 19:38:32,    0,         0,         0,65535,65535, 9999,2,                ,0000000,0, 0,         0,    0,0000000000000000000000000000000000000000,0000000000000000000000000000000000000000,         0,         0,         0,         0,1, 0, 0, 0,5147                          ,    0,         0,0,20181113 19:38:32,5164                          ,  101, 9999,  101,  101,    0,     0,     0
 ED5.2,7505844                       ,1420                          ,CAJA 16             ,1949      ,                ,  101,                    ,                              , 0,2,20181113 19:38:33,    0,         0,         0, 2817,   82,  101,2,                ,0010000,2, 1,         0,    0,1000000000000000000000000000000000000000,0000000000000000000000010000000000001000,         0,         0,         0,         0,1, 0, 0, 0,7505844                       ,    0,         0,0,20181113 19:38:33,1420                          , 9999, 9999, 9999,  101,32767,     0,     0
 ED5.2,4087                          ,4058                          ,                    ,2952      ,                ,  101,                    ,                              ,14,0,20181113 19:38:34,    0,         0,        41,65535,65535, 9999,2,                ,0000000,0, 0,         0,    0,0000000000000000000000000000000000000000,0000000000000000000000000000000000000000,         0,         0,         0,         0,1, 0, 0, 0,4087                          ,    0,        41,0,20181113 19:37:53,4058                          ,  101, 9999,  101,  101,    0,     0,     0
 ED5.2,5157                          ,5164                          ,                    ,3632      ,                ,  101,                    ,                              ,14,0,20181113 19:38:53,    0,         0,        17,65535,65535, 9999,2,                ,0000000,0, 0,         0,    0,0000000000000000000000000000000000000000,0000000000000000000000000000000000000000,         0,         0,         0,         0,1, 0, 0, 0,5157                          ,    0,        17,0,20181113 19:38:36,5164                          ,  101, 9999,  101,  101,    0,     0,     0
 ED5.2,3015493611                    ,1228                          ,COORD PROCES ADI    ,1949      ,                ,  101,                    ,                              , 0,2,20181113 19:39:25,    0,         0,         0, 2299,   66,  101,2,                ,0010000,2, 1,         0,    0,1000000000000000000000000000000000000000,0000000000000000000000010000000000001000,         0,         0,         0,         0,1, 0, 0, 0,033015493611                  ,    0,         0,0,20181113 19:39:25,1228                          , 9999, 9999, 9999,  101,32767,     0,     0
 ED5.2,3015493611                    ,1228                          ,COORD PROCES ADI    ,1949      ,                ,  101,                    ,                              , 0,2,20181113 19:39:58,    0,         0,         0, 2299,   66,  101,2,                ,0010000,2, 1,         0,    0,1000000000000000000000000000000000000000,0000000000000000000000010000000000001000,         0,         0,         0,         0,1, 0, 0, 0,033015493611                  ,    0,         0,0,20181113 19:39:58,1228                          , 9999, 9999, 9999,  101,32767,     0,     0
 ED5.2,212                           ,3399                          ,FEDERICO GOMEZ C    ,1091      ,                ,  101,                    ,                              , 0,2,20181113 19:39:59,    0,         0,         0, 2816,   82,  101,2,                ,0010000,2, 1,         0,    0,1000000000000000000000000000000000000000,0000000000000000000000010000000000001000,         0,         0,         0,         0,1, 0, 0, 0,212                           ,    0,         0,0,20181113 19:39:59,3399                          , 9999, 9999, 9999,  101,32767,     0,     0
 ED5.2,7605113                       ,1470                          ,DAVID FERNAN TOR    ,1952      ,                ,  101,                    ,                              , 0,2,20181113 19:40:09,    0,         0,         0, 1952,   11,  101,2,                ,0010000,2, 1,         0,    0,1000000000000000000000000000000000000000,0000000000000000000000010000000000001000,         0,         0,         0,         0,1, 0, 0, 0,7605113                       ,    0,         0,0,20181113 19:40:09,1470                          , 9999, 9999, 9999,  101,32767,     0,     0
 ED5.2,6604869                       ,1150                          ,LINA VANESA GALI    ,1952      ,                ,  101,                    ,                              , 0,2,20181113 19:40:25,    0,         0,       650,  121,   20,  101,2,                ,0010000,2, 1,         0,    0,1000000000000000000000000000000000000000,0000000000000000000000010000000000001000,         0,         0,         0,         0,1, 0, 0, 0,6604869                       ,    0,         0,0,20181113 19:29:35,1150                          , 9999, 9999, 9999,  101,32767,     0,     0
 ED5.2,6604869                       ,1357                          ,JUAN SEBASTI ARA    ,1632      ,                ,  101,                    ,                              , 0,2,20181113 19:40:37,    0,         0,         0, 1952,   11,  101,2,                ,0010000,2, 1,         0,    0,1000000000000000000000000000000000000000,0000000000000000000000010000000000001000,         0,         0,         0,         0,1, 0, 0, 0,6604869                       ,    0,         0,0,20181113 19:40:37,1357                          , 9999, 9999, 9999,  101,32767,     0,     0
 ED5.2,6604869                       ,1357                          ,JUAN SEBASTI ARA    ,1632      ,                ,  101,                    ,                              , 0,2,20181113 19:42:17,    0,         0,        79,  120,   20,  101,2,                ,0010000,2, 1,         0,    0,1000000000000000000000000000000000000000,0000000000000000000000010000000000001000,         0,         0,         0,         0,1, 0, 0, 0,6604869                       ,    0,         0,0,20181113 19:40:58,1357                          , 9999, 9999, 9999,  101,32767,     0,     0
 ED5.2,2123505                       ,3399                          ,FEDERICO GOMEZ C    ,1091      ,                ,  101,                    ,                              , 0,2,20181113 19:42:35,    0,         0,       144, 2816,   82,  101,2,                ,0010000,2, 1,         0,    0,1000000000000000000000000000000000000000,0000000000000000000000010000000000001000,         0,         0,         0,         0,1, 0, 0, 0,2123505                       ,    0,         0,0,20181113 19:40:11,3399                          , 9999, 9999, 9999,  101,32767,     0,     0
 ED5.2,2367902                       ,4082                          ,CATALINA ARBOLED    ,2952      ,                ,  101,                    ,                              , 0,2,20181113 19:42:37,    0,         0,         9, 2395,   15,  101,2,                ,0010000,2, 1,         0,    0,1000000000000000000000000000000000000000,0000000000000000000000010000000000001000,         0,         0,         0,         0,1, 0, 0, 0,2367902                       ,    0,         0,0,20181113 19:42:28,4082                          , 9999, 9999, 9999,  101,32767,     0,     0
 ED5.2,1416                          ,1326                          ,                    ,1945      ,                ,  101,                    ,                              ,14,0,20181113 19:46:50,    0,         0,         0,65535,65535, 9999,2,                ,0000000,0, 0,         0,    0,0000000000000000000000000000000000000000,0000000000000000000000000000000000000000,         0,         0,         0,         0,1, 0, 0, 0,1416                          ,    0,         0,0,20181113 19:46:50,1326                          ,  101, 9999,  101,  101,    0,     0,     0
 ED5.2,2972231                       ,4082                          ,CATALINA ARBOLED    ,2952      ,                ,  101,                    ,                              , 0,2,20181113 19:47:06,    0,         0,       249, 2395,   15,  101,2,                ,0010000,2, 1,         0,    0,1000000000000000000000000000000000000000,0000000000000000000000010000000000001000,         0,         0,         0,         0,1, 0, 0, 0,2972231                       ,    0,         0,0,20181113 19:42:57,4082                          , 9999, 9999, 9999,  101,32767,     0,     0
 ED5.2,1341                          ,1326                          ,                    ,1945      ,                ,  101,                    ,                              ,14,0,20181113 19:47:11,    0,         0,         6,65535,65535, 9999,2,                ,0000000,0, 0,         0,    0,0000000000000000000000000000000000000000,0000000000000000000000000000000000000000,         0,         0,         0,         0,1, 0, 0, 0,1416                          ,    0,         6,1,20181113 19:47:05,1326                          ,  101, 9999,  101,  101,    0,     0,     0
 ED5.2,5418914                       ,1324                          ,JENNIFER CORREA     ,1952      ,                ,  101,                    ,                              , 0,2,20181113 19:47:54,    0,         0,       541, 1951,   11,  101,2,                ,0010000,2, 1,         0,    0,1000000000000000000000000000000000000000,0000000000000000000000010000000000001000,         0,         0,         0,         0,1, 0, 0, 0,5418914                       ,    0,         0,0,20181113 19:38:53,1324                          , 9999, 9999, 9999,  101,32767,     0,     0
 ED5.2,3502832884                    ,1228                          ,COORD PROCES ADI    ,1949      ,                ,  101,                    ,                              , 0,2,20181113 19:49:03,    0,         0,       390, 2299,   66,  101,2,                ,0010000,2, 1,         0,    0,1000000000000000000000000000000000000000,0000000000000000000000010000000000001000,         0,         0,         0,         0,1, 0, 0, 0,033502832884                  ,    0,         0,0,20181113 19:42:33,1228                          , 9999, 9999, 9999,  101,32767,     0,     0
 ED5.2,1235                          ,1818                          ,                    ,1632      ,                ,  101,                    ,                              ,14,0,20181113 19:52:43,    0,         0,         0,65535,65535, 9999,2,                ,0000000,0, 0,         0,    0,0000000000000000000000000000000000000000,0000000000000000000000000000000000000000,         0,         0,         0,         0,1, 0, 0, 0,1235                          ,    0,         0,0,20181113 19:52:43,1818                          ,  101, 9999,  101,  101,    0,     0,     0
 ED5.2,1525                          ,1818                          ,                    ,1632      ,                ,  101,                    ,                              ,14,0,20181113 19:52:58,    0,         0,        10,65535,65535, 9999,2,                ,0000000,0, 0,         0,    0,0000000000000000000000000000000000000000,0000000000000000000000000000000000000000,         0,         0,         0,         0,1, 0, 0, 0,1525                          ,    0,        10,0,20181113 19:52:48,1818                          ,  101, 9999,  101,  101,    0,     0,     0
 ED5.2,1402                          ,1593                          ,                    ,1952      ,                ,  101,                    ,                              ,14,0,20181113 19:54:04,    0,         0,       132,65535,65535, 9999,2,                ,0000000,0, 0,         0,    0,0000000000000000000000000000000000000000,0000000000000000000000000000000000000000,         0,         0,         0,         0,1, 0, 0, 0,1402                          ,    0,       132,0,20181113 19:51:52,1593                          ,  101, 9999,  101,  101,    0,     0,     0
 ED5.2,3463782                       ,1297                          ,JEIMY CAROLI ARI    ,1318      ,                ,  101,                    ,                              , 0,2,20181113 19:54:46,    0,         0,       107, 1952,   11,  101,2,                ,0010000,2, 1,         0,    0,1000000000000000000000000000000000000000,0000000000000000000000010000000000001000,         0,         0,         0,         0,1, 0, 0, 0,3463782                       ,    0,         0,0,20181113 19:52:59,1297                          , 9999, 9999, 9999,  101,32767,     0,     0
 ED5.2,3502832884                    ,1228                          ,COORD PROCES ADI    ,1949      ,                ,  101,                    ,                              , 0,2,20181113 19:58:22,    0,         0,       178, 2299,   66,  101,2,                ,0010000,2, 1,         0,    0,1000000000000000000000000000000000000000,0000000000000000000000010000000000001000,         0,         0,         0,         0,1, 0, 0, 0,033502832884                  ,    0,         0,0,20181113 19:55:24,1228                          , 9999, 9999, 9999,  101,32767,     0,     0
 ED5.2,7493925                       ,1150                          ,LINA VANESA GALI    ,1952      ,                ,  101,                    ,                              , 0,2,20181113 19:59:50,    0,         0,       486, 1951,   11,  101,2,                ,0010000,2, 1,         0,    0,1000000000000000000000000000000000000000,0000000000000000000000010000000000001000,         0,         0,         0,         0,1, 0, 0, 0,7493925                       ,    0,         0,0,20181113 19:51:44,1150                          , 9999, 9999, 9999,  101,32767,     0,     0
 ED5.2,5818181                       ,1150                          ,LINA VANESA GALI    ,1952      ,                ,  101,                    ,                              , 0,2,20181113 20:02:19,    0,         0,        97, 1953,   11,  101,2,                ,0010000,2, 1,         0,    0,1000000000000000000000000000000000000000,0000000000000000000000010000000000001000,         0,         0,         0,         0,1, 0, 0, 0,5818181                       ,    0,         0,0,20181113 20:00:42,1150                          , 9999, 9999, 9999,  101,32767,     0,     0
