 ED5.2,88                            ,3118                          ,                    ,1365      ,                ,  101,                    ,                              ,14,0,20190207 23:07:56,    0,         0,        11,65535,65535, 9999,2,                ,0000000,0, 0,         0,    0,0000000000000000000000000000000000000000,0000000000000000000000000000000000000000,         0,         0,         0,         0,1, 0, 0, 0,88                            ,    0,        11,0,20190207 23:07:45,3118                          ,  101, 9999,  101,  101,    0,     0,     0
 ED5.2,3152                          ,1459                          ,                    ,1318      ,                ,  101,                    ,                              ,14,0,20190207 23:11:41,    0,         0,         0,65535,65535, 9999,2,                ,0000000,0, 0,         0,    0,0000000000000000000000000000000000000000,0000000000000000000000000000000000000000,         0,         0,         0,         0,1, 0, 0, 0,3152                          ,    0,         0,0,20190207 23:11:41,1459                          ,  101, 9999,  101,  101,    0,     0,     0
 ED5.2,88                            ,3164                          ,                    ,1318      ,                ,  101,                    ,                              ,14,0,20190207 23:16:50,    0,         0,         3,65535,65535, 9999,2,                ,0000000,0, 0,         0,    0,0000000000000000000000000000000000000000,0000000000000000000000000000000000000000,         0,         0,         0,         0,1, 0, 0, 0,88                            ,    0,         3,0,20190207 23:16:47,3164                          ,  101, 9999,  101,  101,    0,     0,     0
 ED5.2,88                            ,3282                          ,                    ,1364      ,                ,  101,                    ,                              ,14,0,20190207 23:23:21,    0,         0,        10,65535,65535, 9999,2,                ,0000000,0, 0,         0,    0,0000000000000000000000000000000000000000,0000000000000000000000000000000000000000,         0,         0,         0,         0,1, 0, 0, 0,88                            ,    0,        10,0,20190207 23:23:11,3282                          ,  101, 9999,  101,  101,    0,     0,     0
 ED5.2,1525                          ,1736                          ,                    ,1635      ,                ,  101,                    ,                              ,14,0,20190207 23:25:39,    0,         0,         0,65535,65535, 9999,2,                ,0000000,0, 0,         0,    0,0000000000000000000000000000000000000000,0000000000000000000000000000000000000000,         0,         0,         0,         0,1, 0, 0, 0,1525                          ,    0,         0,0,20190207 23:25:39,1736                          ,  101, 9999,  101,  101,    0,     0,     0
 ED5.2,1890                          ,1736                          ,                    ,1635      ,                ,  101,                    ,                              ,14,0,20190207 23:25:42,    0,         0,         0,65535,65535, 9999,2,                ,0000000,0, 0,         0,    0,0000000000000000000000000000000000000000,0000000000000000000000000000000000000000,         0,         0,         0,         0,1, 0, 0, 0,1525                          ,    0,         0,1,20190207 23:25:42,1736                          ,  101, 9999,  101,  101,    0,     0,     0
 ED5.2,1297                          ,3261                          ,                    ,1318      ,                ,  101,                    ,                              ,14,0,20190207 23:30:52,    0,         0,         0,65535,65535, 9999,2,                ,0000000,0, 0,         0,    0,0000000000000000000000000000000000000000,0000000000000000000000000000000000000000,         0,         0,         0,         0,1, 0, 0, 0,1297                          ,    0,         0,0,20190207 23:30:52,3261                          ,  101, 9999,  101,  101,    0,     0,     0
 ED5.2,1147                          ,3131                          ,                    ,1091      ,                ,  101,                    ,                              ,14,0,20190207 23:30:59,    0,         0,         0,65535,65535, 9999,2,                ,0000000,0, 0,         0,    0,0000000000000000000000000000000000000000,0000000000000000000000000000000000000000,         0,         0,         0,         0,1, 0, 0, 0,1147                          ,    0,         0,0,20190207 23:30:59,3131                          ,  101, 9999,  101,  101,    0,     0,     0
 ED5.2,3261                          ,1050                          ,                    ,1318      ,                ,  101,                    ,                              ,14,0,20190207 23:34:40,    0,         0,         0,65535,65535, 9999,2,                ,0000000,0, 0,         0,    0,0000000000000000000000000000000000000000,0000000000000000000000000000000000000000,         0,         0,         0,         0,1, 0, 0, 0,3261                          ,    0,         0,0,20190207 23:34:40,1050                          ,  101, 9999,  101,  101,    0,     0,     0
 ED5.2,1377                          ,1361                          ,                    ,1318      ,                ,  101,                    ,                              ,14,0,20190207 23:38:53,    0,         0,         0,65535,65535, 9999,2,                ,0000000,0, 0,         0,    0,0000000000000000000000000000000000000000,0000000000000000000000000000000000000000,         0,         0,         0,         0,1, 0, 0, 0,1377                          ,    0,         0,0,20190207 23:38:53,1361                          ,  101, 9999,  101,  101,    0,     0,     0
 ED5.2,1196                          ,1055                          ,                    ,1318      ,                ,  101,                    ,                              ,14,0,20190207 23:41:38,    0,         0,         0,65535,65535, 9999,2,                ,0000000,0, 0,         0,    0,0000000000000000000000000000000000000000,0000000000000000000000000000000000000000,         0,         0,         0,         0,1, 0, 0, 0,1196                          ,    0,         0,0,20190207 23:41:38,1055                          ,  101, 9999,  101,  101,    0,     0,     0
 ED5.2,1346                          ,1374                          ,                    ,1318      ,                ,  101,                    ,                              ,14,0,20190207 23:46:41,    0,         0,         0,65535,65535, 9999,2,                ,0000000,0, 0,         0,    0,0000000000000000000000000000000000000000,0000000000000000000000000000000000000000,         0,         0,         0,         0,1, 0, 0, 0,1346                          ,    0,         0,0,20190207 23:46:41,1374                          ,  101, 9999,  101,  101,    0,     0,     0
 ED5.2,1292                          ,3161                          ,                    ,1086      ,                ,  101,                    ,                              ,14,0,20190208 00:18:15,    0,         0,         0,65535,65535, 9999,2,                ,0000000,0, 0,         0,    0,0000000000000000000000000000000000000000,0000000000000000000000000000000000000000,         0,         0,         0,         0,1, 0, 0, 0,87                            ,    0,         0,1,20190208 00:18:15,3161                          ,  101, 9999,  101,  101,    0,     0,     0
