 ED5.2,663102467836                  ,FS020                         ,ETB                 ,          ,                ,  101,                    ,                              , 4,2,20190210 09:05:43,    0,         0,         4,  120,   20,  101,2,                ,0000000,2, 1,         0,    0,0000000000000000000000000000000000000000,0000000000000000000000010000000000000000,         0,         0,         0,         0,1, 0, 0, 0,A800                          ,    5,         0,0,20190210 09:05:39,                              , 9999, 9999, 9999, 9999,32767,     0,     0
 ED5.2,                              ,5200                          ,RECEPCION CARTAG    ,7952      ,                ,  101,                    ,                              , 4,2,20190210 09:08:21,    0,         0,        96,11485,  219,  101,2,                ,0000000,2, 0,         0,    0,0000000000000000000000000000000000000000,0000000000000000000000010000000000000000,         0,         0,         0,         0,1, 0, 0, 0,A800                          ,   96,         0,1,20190210 09:06:45,                              , 9999, 9999, 9999, 9999,32767,     0,     0
 ED5.2,1783                          ,1164                          ,                    ,1945      ,                ,  101,                    ,                              ,14,0,20190210 09:11:04,    0,         0,         0,65535,65535, 9999,2,                ,0000000,0, 0,         0,    0,0000000000000000000000000000000000000000,0000000000000000000000000000000000000000,         0,         0,         0,         0,1, 0, 0, 0,1783                          ,    0,         0,0,20190210 09:11:04,1164                          ,  101, 9999,  101,  101,    0,     0,     0
 ED5.2,                              ,FS219                         ,SIPCTG              ,          ,                ,  101,                    ,                              , 4,2,20190210 09:12:32,    0,         0,        14,11485,  219,  101,2,                ,0000000,2, 0,         0,    0,0000000000000000000000000000000000000000,0000000000000000000000010000000000000000,         0,         0,         0,         0,1, 0, 0, 0,A800                          ,   14,         0,0,20190210 09:12:18,                              , 9999, 9999, 9999, 9999,32767,     0,     0
 ED5.2,6604876                       ,1783                          ,WILLIAM ALEX VAR    ,1981      ,                ,  101,                    ,                              , 0,2,20190210 09:14:26,    0,         0,       150,10001,   11,  101,2,                ,0010000,2, 1,         0,    0,1000000000000000000000000000000000000000,0000000000000000000000010000000000001000,         0,         0,         0,         0,1, 0, 0, 0,6604876                       ,    0,         0,0,20190210 09:11:56,1783                          , 9999, 9999, 9999,  101,32767,     0,     0
 ED5.2,6604869                       ,1442                          ,DIANA VANESS RAM    ,1632      ,                ,  101,                    ,                              , 0,2,20190210 09:44:05,    0,         0,        79,10001,   11,  101,2,                ,0010000,2, 1,         0,    0,1000000000000000000000000000000000000000,0000000000000000000000010000000000001000,         0,         0,         0,         0,1, 0, 0, 0,6604869                       ,    0,         0,0,20190210 09:42:46,1442                          , 9999, 9999, 9999,  101,32767,     0,     0
 ED5.2,7784754                       ,FS020                         ,ETB                 ,          ,                ,  101,                    ,                              , 4,2,20190210 09:44:35,    0,         0,         5,  120,   20,  101,2,                ,0000000,3, 0,         0,    0,0000000000000000000000000000000000000000,0000000000000000000000010000000000000000,         0,         0,         0,         0,1, 0, 0, 0,A800                          ,    5,         0,0,20190210 09:44:30,                              , 9999, 9999, 9999, 9999,32767,     0,     0
 ED5.2,6604869                       ,1442                          ,DIANA VANESS RAM    ,1632      ,                ,  101,                    ,                              , 0,2,20190210 09:51:58,    0,         0,        11,10001,   11,  101,2,                ,0010000,2, 1,         0,    0,1000000000000000000000000000000000000000,0000000000000000000000010000000000001000,         0,         0,         0,         0,1, 0, 0, 0,6604869                       ,    0,         0,0,20190210 09:51:47,1442                          , 9999, 9999, 9999,  101,32767,     0,     0
 ED5.2,6604869                       ,1442                          ,DIANA VANESS RAM    ,1632      ,                ,  101,                    ,                              , 0,2,20190210 09:52:26,    0,         0,        20,10001,   11,  101,2,                ,0010000,2, 1,         0,    0,1000000000000000000000000000000000000000,0000000000000000000000010000000000001000,         0,         0,         0,         0,1, 0, 0, 0,6604869                       ,    0,         0,0,20190210 09:52:06,1442                          , 9999, 9999, 9999,  101,32767,     0,     0
 ED5.2,1123                          ,1442                          ,                    ,1632      ,                ,  101,                    ,                              ,14,0,20190210 09:52:34,    0,         0,         0,65535,65535, 9999,2,                ,0000000,0, 0,         0,    0,0000000000000000000000000000000000000000,0000000000000000000000000000000000000000,         0,         0,         0,         0,1, 0, 0, 0,1123                          ,    0,         0,0,20190210 09:52:34,1442                          ,  101, 9999,  101,  101,    0,     0,     0
 ED5.2,3089                          ,3191                          ,ANDRES CUARTAS      ,1089      ,                ,  101,                    ,                              , 4,2,20190210 10:08:32,    0,         0,        42,10865,   82,  101,2,                ,0000000,2, 0,         0,    0,0000000000000000000000000000000000000000,0000000000000000000000010000000000000000,         0,         0,         0,         0,1, 0, 0, 0,7641                          ,   42,         0,1,20190210 10:07:50,                              , 9999, 9999, 9999, 9999,32767,     0,     0
