 ED5.2,7500500                       ,5004                          ,5004                ,          ,                ,  101,                    ,                              , 7,2,20181227 06:11:42,    0,         0,       100,10867,   82,  101,2,                ,0010000,2, 1,         0,    0,1000000000000000000000000000000000000000,0000000000000000000000010000000000001000,         0,         0,         0,         0,1, 0, 0, 0,7500500                       ,    0,         0,0,20181227 06:10:02,                              , 9999, 9999, 9999, 9999,32767,     0,     0
 ED5.2,7500500                       ,5005                          ,5005                ,          ,                ,  101,                    ,                              , 7,2,20181227 06:12:12,    0,         0,       101,10868,   82,  101,2,                ,0010000,2, 1,         0,    0,1000000000000000000000000000000000000000,0000000000000000000000010000000000001000,         0,         0,         0,         0,1, 0, 0, 0,7500500                       ,    0,         0,0,20181227 06:10:31,                              , 9999, 9999, 9999, 9999,32767,     0,     0
 ED5.2,7500500                       ,5002                          ,5002                ,          ,                ,  101,                    ,                              , 7,2,20181227 06:12:19,    0,         0,       102,10869,   82,  101,2,                ,0010000,2, 1,         0,    0,1000000000000000000000000000000000000000,0000000000000000000000010000000000001000,         0,         0,         0,         0,1, 0, 0, 0,7500500                       ,    0,         0,0,20181227 06:10:37,                              , 9999, 9999, 9999, 9999,32767,     0,     0
 ED5.2,7500500                       ,5003                          ,5003                ,          ,                ,  101,                    ,                              , 7,2,20181227 06:12:29,    0,         0,       101,10870,   82,  101,2,                ,0010000,2, 1,         0,    0,1000000000000000000000000000000000000000,0000000000000000000000010000000000001000,         0,         0,         0,         0,1, 0, 0, 0,7500500                       ,    0,         0,0,20181227 06:10:48,                              , 9999, 9999, 9999, 9999,32767,     0,     0
 ED5.2,                              ,3600                          ,RECEPCION BARRAN    ,3675      ,                ,  101,                    ,                              , 4,1,20181227 06:21:57,    0,         0,     36018,   95,   91,  101,2,                ,0000000,0, 0,         0,    0,0000000000000000000000000000000000000000,0000000000000000000000010000000000000000,         0,         0,         0,         0,1, 0, 0, 0,                              ,36015,         3,1,20181226 20:21:39,                              , 9999, 9999, 9999, 9999,32767,     0,     0
 ED5.2,                              ,3600                          ,RECEPCION BARRAN    ,3675      ,                ,  101,                    ,                              , 4,1,20181227 06:22:00,    0,         0,     37122,   94,   91,  101,2,                ,0000000,0, 0,         0,    0,0000000000000000000000000000000000000000,0000000000000000000000010000000000000000,         0,         0,         0,         0,1, 0, 0, 0,                              ,37120,         3,1,20181226 20:03:18,                              , 9999, 9999, 9999, 9999,32767,     0,     0
 ED5.2,7777                          ,1312                          ,                    ,1632      ,                ,  101,                    ,                              , 3,0,20181227 06:29:09,    0,         0,         0,65535,65535, 9999,2,                ,0000000,0, 0,         0,    0,0000000000000000000000000000000000000000,0000000000000000000000000000000000000000,         0,         0,         0,         0,1, 0, 0, 0,7777                          ,    0,         0,0,20181227 06:29:09,1312                          ,  101, 9999,  101,  101,    0,     0,     0
 ED5.2,7777                          ,1312                          ,                    ,1632      ,                ,  101,                    ,                              , 3,0,20181227 06:29:23,    0,         0,         0,65535,65535, 9999,2,                ,0000000,0, 0,         0,    0,0000000000000000000000000000000000000000,0000000000000000000000000000000000000000,         0,         0,         0,         0,1, 0, 0, 0,7777                          ,    0,         0,0,20181227 06:29:23,1312                          ,  101, 9999,  101,  101,    0,     0,     0
 ED5.2,1315                          ,3466                          ,                    ,2466      ,                ,  101,                    ,                              ,14,0,20181227 06:36:16,    0,         0,         0,65535,65535, 9999,2,                ,0000000,0, 0,         0,    0,0000000000000000000000000000000000000000,0000000000000000000000000000000000000000,         0,         0,         0,         0,1, 0, 0, 0,1315                          ,    0,         0,0,20181227 06:36:16,3466                          ,  101, 9999,  101,  101,    0,     0,     0
 ED5.2,77719                         ,1016                          ,LUCERO  ROBLES      ,1635      ,                ,  101,                    ,                              , 0,2,20181227 06:37:54,    0,         0,         0,10001,   11,  101,2,                ,0010000,2, 1,         0,    0,1000000000000000000000000000000000000000,0000000000000000000000010000000000001000,         0,         0,         0,         0,1, 0, 0, 0,77719                         ,    0,         0,0,20181227 06:37:54,1016                          , 9999, 9999, 9999,  101,32767,     0,     0
 ED5.2,777                           ,1016                          ,LUCERO  ROBLES      ,1635      ,                ,  101,                    ,                              , 0,2,20181227 06:38:06,    0,         0,         0,10001,   11,  101,2,                ,0010000,2, 1,         0,    0,1000000000000000000000000000000000000000,0000000000000000000000010000000000001000,         0,         0,         0,         0,1, 0, 0, 0,777                           ,    0,         0,0,20181227 06:38:06,1016                          , 9999, 9999, 9999,  101,32767,     0,     0
 ED5.2,7771699                       ,1016                          ,LUCERO  ROBLES      ,1635      ,                ,  101,                    ,                              , 0,2,20181227 06:41:37,    0,         0,       159,10001,   11,  101,2,                ,0010000,2, 1,         0,    0,1000000000000000000000000000000000000000,0000000000000000000000010000000000001000,         0,         0,         0,         0,1, 0, 0, 0,7771699                       ,    0,         0,0,20181227 06:38:58,1016                          , 9999, 9999, 9999,  101,32767,     0,     0
 ED5.2,4435373                       ,2017                          ,CLAUDIA MILE VEL    ,4952      ,                ,  101,                    ,                              , 0,2,20181227 06:42:35,    0,         0,        32,  325,   65,  101,2,                ,0010000,2, 1,         0,    0,1000000000000000000000000000000000000000,0000000000000000000000010000000000001000,         0,         0,         0,         0,1, 0, 0, 0,4435373                       ,    0,         0,0,20181227 06:42:03,2017                          , 9999, 9999, 9999,  101,32767,     0,     0
 ED5.2,3850211                       ,2017                          ,CLAUDIA MILE VEL    ,4952      ,                ,  101,                    ,                              , 0,2,20181227 06:44:15,    0,         0,        12,  326,   65,  101,2,                ,0010000,2, 1,         0,    0,1000000000000000000000000000000000000000,0000000000000000000000010000000000001000,         0,         0,         0,         0,1, 0, 0, 0,3850211                       ,    0,         0,0,20181227 06:44:03,2017                          , 9999, 9999, 9999,  101,32767,     0,     0
 ED5.2,64219                         ,1013                          ,FRANK ALEXAN MAT    ,1635      ,                ,  101,                    ,                              , 0,2,20181227 06:49:57,    0,         0,         0,10001,   11,  101,2,                ,0010000,2, 1,         0,    0,1000000000000000000000000000000000000000,0000000000000000000000010000000000001000,         0,         0,         0,         0,1, 0, 0, 0,64219                         ,    0,         0,0,20181227 06:49:57,1013                          , 9999, 9999, 9999,  101,32767,     0,     0
 ED5.2,4634219                       ,1013                          ,FRANK ALEXAN MAT    ,1635      ,                ,  101,                    ,                              , 0,2,20181227 06:51:02,    0,         0,        33,10001,   11,  101,2,                ,0010000,2, 1,         0,    0,1000000000000000000000000000000000000000,0000000000000000000000010000000000001000,         0,         0,         0,         0,1, 0, 0, 0,4634219                       ,    0,         0,0,20181227 06:50:29,1013                          , 9999, 9999, 9999,  101,32767,     0,     0
 ED5.2,1307                          ,3433                          ,                    ,2979      ,                ,  101,                    ,                              ,14,0,20181227 06:51:25,    0,         0,         0,65535,65535, 9999,2,                ,0000000,0, 0,         0,    0,0000000000000000000000000000000000000000,0000000000000000000000000000000000000000,         0,         0,         0,         0,1, 0, 0, 0,1033                          ,    0,         0,1,20181227 06:51:25,3433                          ,  101, 9999,  101,  101,    0,     0,     0
 ED5.2,------------------------------,******************************,                    ,**********,                ,  101,                    ,******************************, 4,2,20181227 06:53:27,    0,         0,        22,11361,  201,  101,2,                ,0000000,2, 0,         0,    0,0000000000000000000000000000000000000000,0000000000000000000000010000000000000000,         0,         0,         0,         0,1, 0, 0, 0,------------------------------,   19,         3,1,20181227 06:53:05,******************************, 9999, 9999, 9999, 9999,32767,     0,     0
 ED5.2,5337578                       ,3217                          ,JOSE MARIA PENA     ,1675      ,                ,  101,                    ,                              , 0,2,20181227 06:57:24,    0,         0,        18,10867,   82,  101,2,                ,0010000,2, 1,         0,    0,1000000000000000000000000000000000000000,0000000000000000000000010000000000001000,         0,         0,         0,         0,1, 0, 0, 0,5337578                       ,    0,         0,0,20181227 06:57:06,3217                          , 9999, 9999, 9999,  101,32767,     0,     0
 ED5.2,------------------------------,******************************,                    ,**********,                ,  101,                    ,******************************, 4,2,20181227 06:57:31,    0,         0,        21,11361,  201,  101,2,                ,0000000,2, 0,         0,    0,0000000000000000000000000000000000000000,0000000000000000000000010000000000000000,         0,         0,         0,         0,1, 0, 0, 0,------------------------------,   19,         3,1,20181227 06:57:10,******************************, 9999, 9999, 9999, 9999,32767,     0,     0
 ED5.2,4698794                       ,1680                          ,CESAR AUGUST LIE    ,1425      ,                ,  101,                    ,                              , 0,2,20181227 06:58:11,    0,         0,        92,10865,   82,  101,2,                ,0010000,2, 1,         0,    0,1000000000000000000000000000000000000000,0000000000000000000000010000000000001000,         0,         0,         0,         0,1, 0, 0, 0,4698794                       ,    0,         0,0,20181227 06:56:39,1680                          , 9999, 9999, 9999,  101,32767,     0,     0
 ED5.2,------------------------------,******************************,                    ,**********,                ,  101,                    ,******************************, 4,2,20181227 07:00:59,    0,         0,        22,11361,  201,  101,2,                ,0000000,2, 0,         0,    0,0000000000000000000000000000000000000000,0000000000000000000000010000000000000000,         0,         0,         0,         0,1, 0, 0, 0,------------------------------,   20,         3,1,20181227 07:00:37,******************************, 9999, 9999, 9999, 9999,32767,     0,     0
