 ED5.2,663118118620                  ,FS020                         ,ETB                 ,          ,                ,  101,                    ,                              , 4,2,20190106 11:15:10,    0,         0,        54,  120,   20,  101,2,                ,0000000,2, 1,         0,    0,0000000000000000000000000000000000000000,0000000000000000000000010000000000000000,         0,         0,         0,         0,1, 0, 0, 0,A800                          ,   55,         0,1,20190106 11:14:16,                              , 9999, 9999, 9999, 9999,32767,     0,     0
 ED5.2,                              ,FS084                         ,valoremani          ,          ,                ,  101,                    ,                              , 4,1,20190106 11:19:56,    0,         0,        16,   92,   84,  101,2,                ,0000000,0, 0,         0,    0,0000000000000000000000000000000000000000,0000000000000000000000010000000000000000,         0,         0,         0,         0,1, 0, 0, 0,                              ,   16,         0,1,20190106 11:19:40,                              , 9999, 9999, 9999, 9999,32767,     0,     0
 ED5.2,4067                          ,3452                          ,                    ,2675      ,                ,  101,                    ,                              ,14,0,20190106 11:23:57,    0,         0,         0,65535,65535, 9999,2,                ,0000000,0, 0,         0,    0,0000000000000000000000000000000000000000,0000000000000000000000000000000000000000,         0,         0,         0,         0,1, 0, 0, 0,4008                          ,    0,         0,1,20190106 11:23:57,3452                          ,  101, 9999,  101,  101,    0,     0,     0
 ED5.2,072972231                     ,4003                          ,JUDY FRANCEL JAR    ,2952      ,                ,  101,                    ,                              , 4,2,20190106 11:33:02,    0,         0,        54,10445,   15,  101,2,                ,0000000,2, 0,         0,    0,0000000000000000000000000000000000000000,0000000000000000000000010000000000000000,         0,         0,         0,         0,1, 0, 0, 0,A800                          ,   54,         0,1,20190106 11:32:08,                              , 9999, 9999, 9999, 9999,32767,     0,     0
 ED5.2,                              ,5136                          ,RECEPCION 3 BQUI    ,3635      ,                ,  101,                    ,                              , 4,2,20190106 11:45:32,    0,         0,        51,10865,   82,  101,2,                ,0000000,2, 0,         0,    0,0000000000000000000000000000000000000000,0000000000000000000000010000000000000000,         0,         0,         0,         0,1, 0, 0, 0,A900                          ,   52,         0,1,20190106 11:44:41,                              , 9999, 9999, 9999, 9999,32767,     0,     0
 ED5.2,                              ,5100                          ,RECEPCION BQUILL    ,3635      ,                ,  101,                    ,                              , 4,2,20190106 11:46:42,    0,         0,        61,10865,   82,  101,2,                ,0000000,2, 0,         0,    0,0000000000000000000000000000000000000000,0000000000000000000000010000000000000000,         0,         0,         0,         0,1, 0, 0, 0,A900                          ,   61,         0,1,20190106 11:45:41,                              , 9999, 9999, 9999, 9999,32767,     0,     0
 ED5.2,------------------------------,******************************,                    ,**********,                ,  101,                    ,******************************, 4,2,20190106 11:48:59,    0,         0,        38,  120,   20,  101,2,                ,0000000,2, 1,         0,    0,0000000000000000000000000000000000000000,0000000000000000000000010000000000000000,         0,         0,         0,         0,1, 0, 0, 0,------------------------------,   36,         2,1,20190106 11:48:21,******************************, 9999, 9999, 9999, 9999,32767,     0,     0
 ED5.2,663152640855                  ,1681                          ,MONICA ESPITIA      ,1425      ,                ,  101,                    ,                              , 4,2,20190106 11:51:11,    0,         0,        36,  120,   20,  101,2,                ,0000000,2, 1,         0,    0,0000000000000000000000000000000000000000,0000000000000000000000010000000000000000,         0,         0,         0,         0,1, 0, 0, 0,A800                          ,   37,         0,0,20190106 11:50:35,                              , 9999, 9999, 9999, 9999,32767,     0,     0
 ED5.2,3669808                       ,4065                          ,DENIS SEPULVED      ,2843      ,                ,  101,                    ,                              , 0,2,20190106 11:52:09,    0,         0,         0,10445,   15,  101,2,                ,0010000,2, 1,         0,    0,1000000000000000000000000000000000000000,0000000000000000000000010000000000001000,         0,         0,         0,         0,1, 0, 0, 0,3669808                       ,    0,         0,0,20190106 11:52:09,4065                          , 9999, 9999, 9999,  101,32767,     0,     0
 ED5.2,0943669808                    ,4065                          ,DENIS SEPULVED      ,2843      ,                ,  101,                    ,                              , 0,2,20190106 11:52:42,    0,         0,         0,10865,   82,  101,2,                ,0010000,2, 1,         0,    0,1000000000000000000000000000000000000000,0000000000000000000000010000000000001000,         0,         0,         0,         0,1, 0, 0, 0,3669808                       ,    0,         0,0,20190106 11:52:42,4065                          , 9999, 9999, 9999,  101,32767,     0,     0
 ED5.2,3669808                       ,4065                          ,DENIS SEPULVED      ,2843      ,                ,  101,                    ,                              , 0,2,20190106 11:52:51,    0,         0,         0,10445,   15,  101,2,                ,0010000,2, 1,         0,    0,1000000000000000000000000000000000000000,0000000000000000000000010000000000001000,         0,         0,         0,         0,1, 0, 0, 0,3669808                       ,    0,         0,0,20190106 11:52:51,4065                          , 9999, 9999, 9999,  101,32767,     0,     0
 ED5.2,0943669808                    ,4065                          ,DENIS SEPULVED      ,2843      ,                ,  101,                    ,                              , 0,2,20190106 11:53:24,    0,         0,         0,10865,   82,  101,2,                ,0010000,2, 1,         0,    0,1000000000000000000000000000000000000000,0000000000000000000000010000000000001000,         0,         0,         0,         0,1, 0, 0, 0,3669808                       ,    0,         0,0,20190106 11:53:24,4065                          , 9999, 9999, 9999,  101,32767,     0,     0
 ED5.2,3578888                       ,FS065                         ,Fidu-Cali           ,          ,                ,  101,                    ,                              , 4,2,20190106 11:57:08,    0,         0,        22,  304,   65,  101,2,                ,0000000,3, 0,         0,    0,0000000000000000000000000000000000000000,0000000000000000000000010000000000000000,         0,         0,         0,         0,1, 0, 0, 0,A600                          ,   22,         0,0,20190106 11:56:46,                              , 9999, 9999, 9999, 9999,32767,     0,     0
 ED5.2,53458489                      ,FS082                         ,SIPsalida           ,          ,                ,  101,                    ,                              , 4,2,20190106 11:58:56,    0,         0,         1,10865,   82,  101,2,                ,0000000,2, 0,         0,    0,0000000000000000000000000000000000000000,0000000000000000000000010000000000000000,         0,         0,         0,         0,1, 0, 0, 0,A900                          ,    2,         0,0,20190106 11:58:55,                              , 9999, 9999, 9999, 9999,32767,     0,     0
 ED5.2,53458489                      ,FS082                         ,SIPsalida           ,          ,                ,  101,                    ,                              , 4,2,20190106 12:51:22,    0,         0,         1,10865,   82,  101,2,                ,0000000,2, 0,         0,    0,0000000000000000000000000000000000000000,0000000000000000000000010000000000000000,         0,         0,         0,         0,1, 0, 0, 0,A900                          ,    1,         0,0,20190106 12:51:21,                              , 9999, 9999, 9999, 9999,32767,     0,     0
