 ED5.2,6604869                       ,1896                          ,EDGAR YECID BERM    ,1632      ,                ,  101,                    ,                              , 0,2,20181124 18:21:03,    0,         0,       193, 1951,   11,  101,2,                ,0010000,2, 1,         0,    0,1000000000000000000000000000000000000000,0000000000000000000000010000000000001000,         0,         0,         0,         0,1, 0, 0, 0,6604869                       ,    0,         0,0,20181124 18:17:50,1896                          , 9999, 9999, 9999,  101,32767,     0,     0
 ED5.2,                              ,45                            ,General operator    ,          ,                ,  101,                    ,                              , 4,1,20181124 18:24:54,    0,         0,         0,  379,   22,  101,2,                ,0000000,0, 0,         0,    0,0000000000000000000000000000000000000000,0000000000000000000000001000000000000000,         0,         0,         0,         0,1, 0, 0, 0,                              ,   32,         0,0,20181124 18:24:54,                              , 9999, 9999, 9999, 9999,32767,     0,     0
 ED5.2,1452                          ,1042                          ,                    ,1632      ,                ,  101,                    ,                              ,14,0,20181124 18:28:59,    0,         0,         5,65535,65535, 9999,2,                ,0000000,0, 0,         0,    0,0000000000000000000000000000000000000000,0000000000000000000000000000000000000000,         0,         0,         0,         0,1, 0, 0, 0,1452                          ,    0,         5,0,20181124 18:28:54,1042                          ,  101, 9999,  101,  101,    0,     0,     0
 ED5.2,53458489                      ,FS082                         ,SIPsalida           ,          ,                ,  101,                    ,                              , 4,2,20181124 18:38:38,    0,         0,         8, 2815,   82,  101,2,                ,0000000,2, 0,         0,    0,0000000000000000000000000000000000000000,0000000000000000000000010000000000000000,         0,         0,         0,         0,1, 0, 0, 0,A900                          ,    9,         0,0,20181124 18:38:30,                              , 9999, 9999, 9999, 9999,32767,     0,     0
 ED5.2,6604869                       ,1042                          ,SANDY MILENA VAR    ,1632      ,                ,  101,                    ,                              , 0,2,20181124 18:41:07,    0,         0,       355, 1952,   11,  101,2,                ,0010000,2, 1,         0,    0,1000000000000000000000000000000000000000,0000000000000000000000010000000000001000,         0,         0,         0,         0,1, 0, 0, 0,6604869                       ,    0,         0,0,20181124 18:35:12,1042                          , 9999, 9999, 9999,  101,32767,     0,     0
 ED5.2,6604869                       ,1034                          ,JORGE ARMAND NAV    ,1632      ,                ,  101,                    ,                              , 0,2,20181124 18:41:52,    0,         0,       494, 1951,   11,  101,2,                ,0010000,2, 1,         0,    0,1000000000000000000000000000000000000000,0000000000000000000000010000000000001000,         0,         0,         0,         0,1, 0, 0, 0,6604869                       ,    0,         0,0,20181124 18:33:38,1034                          , 9999, 9999, 9999,  101,32767,     0,     0
 ED5.2,3277110                       ,FS013                         ,                    ,          ,                ,  101,                    ,                              , 7,2,20181124 18:46:28,    0,         0,    122187, 2839,   82,  101,2,                ,0010000,2, 1,         0,    0,1000000000000000000000000000000000000000,0000000000000000000000010000000000001000,         0,         0,         0,         0,1, 0, 0, 0,3277110                       ,    0,         0,0,20181123 08:50:01,                              , 9999, 9999, 9999, 9999,32767,     0,     0
 ED5.2,6074949                       ,FS020                         ,ETB                 ,          ,                ,  101,                    ,                              , 4,2,20181124 18:46:37,    0,         0,         4,  120,   20,  101,2,                ,0000000,2, 0,         0,    0,0000000000000000000000000000000000000000,0000000000000000000000010000000000000000,         0,         0,         0,         0,1, 0, 0, 0,A800                          ,    4,         0,0,20181124 18:46:33,                              , 9999, 9999, 9999, 9999,32767,     0,     0
 ED5.2,2082159                       ,1736                          ,RECEPCION 2 MORA    ,1635      ,                ,  101,                    ,                              , 0,2,20181124 18:49:13,    0,         0,        77, 2815,   82,  101,2,                ,0010000,2, 1,         0,    0,1000000000000000000000000000000000000000,0000000000000000000000010000000000001000,         0,         0,         0,         0,1, 0, 0, 0,2082159                       ,    0,         0,0,20181124 18:47:56,1736                          , 9999, 9999, 9999,  101,32767,     0,     0
 ED5.2,7420719                       ,FS020                         ,ETB                 ,          ,                ,  101,                    ,                              , 4,2,20181124 18:49:34,    0,         0,        33,  120,   20,  101,2,                ,0000000,3, 0,         0,    0,0000000000000000000000000000000000000000,0000000000000000000000010000000000000000,         0,         0,         0,         0,1, 0, 0, 0,A800                          ,   34,         0,0,20181124 18:49:01,                              , 9999, 9999, 9999, 9999,32767,     0,     0
 ED5.2,1896                          ,1042                          ,                    ,1632      ,                ,  101,                    ,                              ,14,0,20181124 18:53:23,    0,         0,        64,65535,65535, 9999,2,                ,0000000,0, 0,         0,    0,0000000000000000000000000000000000000000,0000000000000000000000000000000000000000,         0,         0,         0,         0,1, 0, 0, 0,1896                          ,    0,        64,0,20181124 18:52:19,1042                          ,  101, 9999,  101,  101,    0,     0,     0
 ED5.2,53458489                      ,FS082                         ,SIPsalida           ,          ,                ,  101,                    ,                              , 4,2,20181124 19:09:28,    0,         0,        14, 2815,   82,  101,2,                ,0000000,2, 0,         0,    0,0000000000000000000000000000000000000000,0000000000000000000000010000000000000000,         0,         0,         0,         0,1, 0, 0, 0,A900                          ,   14,         0,0,20181124 19:09:14,                              , 9999, 9999, 9999, 9999,32767,     0,     0
