 ED5.2,071178                        ,1071                          ,YURY ANDREA RUIZ    ,1215      ,                ,  101,                    ,                              , 4,2,20181222 00:09:54,    0,         0,       292,  120,   20,  101,2,                ,0000000,3, 0,         0,    0,0000000000000000000000000000000000000000,0000000000000000000000010000000000000000,         0,         0,         0,         0,1, 0, 0, 0,A800                          ,   33,       260,0,20181222 00:05:02,                              , 9999, 9999, 9999, 9999,32767,     0,     0
 ED5.2,3228                          ,3136                          ,                    ,1672      ,                ,  101,                    ,                              ,14,0,20181222 00:22:02,    0,         0,       974,65535,65535, 9999,2,                ,0000000,0, 0,         0,    0,0000000000000000000000000000000000000000,0000000000000000000000000000000000000000,         0,         0,         0,         0,1, 0, 0, 0,3228                          ,    0,       974,0,20181222 00:05:48,3136                          ,  101, 9999,  101,  101,    0,     0,     0
 ED5.2,3269                          ,3136                          ,                    ,1672      ,                ,  101,                    ,                              ,14,0,20181222 00:32:51,    0,         0,         0,65535,65535, 9999,2,                ,0000000,0, 0,         0,    0,0000000000000000000000000000000000000000,0000000000000000000000000000000000000000,         0,         0,         0,         0,1, 0, 0, 0,3269                          ,    0,         0,0,20181222 00:32:51,3136                          ,  101, 9999,  101,  101,    0,     0,     0
 ED5.2,311                           ,3228                          ,ALBA ROSA BOTERO    ,1979      ,                ,  101,                    ,                              , 0,1,20181222 00:32:59,    0,         0,         0,  378,   21,  101,2,                ,0010000,0, 0,         0,    0,0000000000000000000000000000000000000000,0000000000000000000000010000000000001000,         0,         0,         0,         0,1, 0, 0, 0,03311                         ,    0,         0,0,20181222 00:32:59,3228                          , 9999, 9999, 9999,  101,32767,     0,     0
 ED5.2,3228                          ,3136                          ,                    ,1672      ,                ,  101,                    ,                              ,14,0,20181222 00:33:10,    0,         0,        10,65535,65535, 9999,2,                ,0000000,0, 0,         0,    0,0000000000000000000000000000000000000000,0000000000000000000000000000000000000000,         0,         0,         0,         0,1, 0, 0, 0,3228                          ,    0,        10,0,20181222 00:33:00,3136                          ,  101, 9999,  101,  101,    0,     0,     0
 ED5.2,3125111228                    ,3228                          ,ALBA ROSA BOTERO    ,1979      ,                ,  101,                    ,                              , 0,1,20181222 00:34:39,    0,         0,        66,  377,   21,  101,2,                ,0010000,0, 0,         0,    0,0000000000000000000000000000000000000000,0000000000000000000000010000000000001000,         0,         0,         0,         0,1, 0, 0, 0,033125111228                  ,    0,         0,0,20181222 00:33:33,3228                          , 9999, 9999, 9999,  101,32767,     0,     0
 ED5.2,3136                          ,3228                          ,                    ,1979      ,                ,  101,                    ,                              ,14,0,20181222 00:41:48,    0,         0,       117,65535,65535, 9999,2,                ,0000000,0, 0,         0,    0,0000000000000000000000000000000000000000,0000000000000000000000000000000000000000,         0,         0,         0,         0,1, 0, 0, 0,3136                          ,    0,       117,0,20181222 00:39:51,3228                          ,  101, 9999,  101,  101,    0,     0,     0
 ED5.2,3228                          ,3136                          ,                    ,1672      ,                ,  101,                    ,                              ,14,0,20181222 00:47:13,    0,         0,        33,65535,65535, 9999,2,                ,0000000,0, 0,         0,    0,0000000000000000000000000000000000000000,0000000000000000000000000000000000000000,         0,         0,         0,         0,1, 0, 0, 0,3228                          ,    0,        33,0,20181222 00:46:40,3136                          ,  101, 9999,  101,  101,    0,     0,     0
 ED5.2,3125851178                    ,3228                          ,ALBA ROSA BOTERO    ,1979      ,                ,  101,                    ,                              , 0,1,20181222 00:54:15,    0,         0,        32,  378,   21,  101,2,                ,0010000,0, 0,         0,    0,0000000000000000000000000000000000000000,0000000000000000000000010000000000001000,         0,         0,         0,         0,1, 0, 0, 0,033125851178                  ,    0,         0,0,20181222 00:53:43,3228                          , 9999, 9999, 9999,  101,32767,     0,     0
 ED5.2,3136                          ,3228                          ,                    ,1979      ,                ,  101,                    ,                              ,14,0,20181222 00:58:23,    0,         0,       143,65535,65535, 9999,2,                ,0000000,0, 0,         0,    0,0000000000000000000000000000000000000000,0000000000000000000000000000000000000000,         0,         0,         0,         0,1, 0, 0, 0,3136                          ,    0,       143,0,20181222 00:56:00,3228                          ,  101, 9999,  101,  101,    0,     0,     0
 ED5.2,3112867050                    ,1351                          ,LILIANA BARRERA     ,1949      ,                ,  101,                    ,                              , 0,1,20181222 01:20:30,    0,         0,        56,  377,   21,  101,2,                ,0010000,0, 0,         0,    0,0000000000000000000000000000000000000000,0000000000000000000000010000000000001000,         0,         0,         0,         0,1, 0, 0, 0,033112867050                  ,    0,         0,0,20181222 01:19:34,1351                          , 9999, 9999, 9999,  101,32767,     0,     0
