 ED5.2,2972231                       ,4003                          ,JUDY FRANCEL JAR    ,2952      ,                ,  101,                    ,                              , 0,2,20181115 20:09:09,    0,         0,       964, 2395,   15,  101,2,                ,0010000,2, 1,         0,    0,1000000000000000000000000000000000000000,0000000000000000000000010000000000001000,         0,         0,         0,         0,1, 0, 0, 0,2972231                       ,    0,         0,0,20181115 19:53:05,4003                          , 9999, 9999, 9999,  101,32767,     0,     0
 ED5.2,6604869                       ,1314                          ,INGENIERO DESARR    ,1945      ,                ,  101,                    ,                              , 0,2,20181115 20:09:55,    0,         0,       117, 1951,   11,  101,2,                ,0010000,2, 1,         0,    0,1000000000000000000000000000000000000000,0000000000000000000000010000000000001000,         0,         0,         0,         0,1, 0, 0, 0,6604869                       ,    0,         0,0,20181115 20:07:58,1314                          , 9999, 9999, 9999,  101,32767,     0,     0
 ED5.2,1314                          ,1736                          ,                    ,1635      ,                ,  101,                    ,                              ,14,0,20181115 20:11:24,    0,         0,         0,65535,65535, 9999,2,                ,0000000,0, 0,         0,    0,0000000000000000000000000000000000000000,0000000000000000000000000000000000000000,         0,         0,         0,         0,1, 0, 0, 0,1314                          ,    0,         0,0,20181115 20:11:24,1736                          ,  101, 9999,  101,  101,    0,     0,     0
 ED5.2,88                            ,1736                          ,                    ,1635      ,                ,  101,                    ,                              ,14,0,20181115 20:11:28,    0,         0,         4,65535,65535, 9999,2,                ,0000000,0, 0,         0,    0,0000000000000000000000000000000000000000,0000000000000000000000000000000000000000,         0,         0,         0,         0,1, 0, 0, 0,1314                          ,    0,         4,1,20181115 20:11:24,1736                          ,  101, 9999,  101,  101,    0,     0,     0
 ED5.2,3334                          ,1351                          ,                    ,1949      ,                ,  101,                    ,                              ,14,0,20181115 20:13:56,    0,         0,         0,65535,65535, 9999,2,                ,0000000,0, 0,         0,    0,0000000000000000000000000000000000000000,0000000000000000000000000000000000000000,         0,         0,         0,         0,1, 0, 0, 0,3334                          ,    0,         0,0,20181115 20:13:56,1351                          ,  101, 9999,  101,  101,    0,     0,     0
 ED5.2,3005441982                    ,4058                          ,SOLEDAD SALDARRI    ,2952      ,                ,  101,                    ,                              , 0,2,20181115 20:15:53,    0,         0,        60, 2299,   66,  101,2,                ,0010000,2, 1,         0,    0,1000000000000000000000000000000000000000,0000000000000000000000010000000000001000,         0,         0,         0,         0,1, 0, 0, 0,033005441982                  ,    0,         0,0,20181115 20:14:53,4058                          , 9999, 9999, 9999,  101,32767,     0,     0
 ED5.2,6965284                       ,3209                          ,ROSA BENINCOR       ,1466      ,                ,  101,                    ,                              , 4,2,20181115 20:17:08,    0,         0,         2, 2815,   82,  101,2,                ,0000000,2, 0,         0,    0,0000000000000000000000000000000000000000,0000000000000000000000010000000000000000,         0,         0,         0,         0,1, 0, 0, 0,7749                          ,    2,         0,1,20181115 20:17:06,                              , 9999, 9999, 9999, 9999,32767,     0,     0
 ED5.2,2883843                       ,4058                          ,SOLEDAD SALDARRI    ,2952      ,                ,  101,                    ,                              , 0,2,20181115 20:17:53,    0,         0,         0, 2395,   15,  101,2,                ,0010000,2, 1,         0,    0,1000000000000000000000000000000000000000,0000000000000000000000010000000000001000,         0,         0,         0,         0,1, 0, 0, 0,2883843                       ,    0,         0,0,20181115 20:17:53,4058                          , 9999, 9999, 9999,  101,32767,     0,     0
 ED5.2,4444321                       ,4012                          ,MONICA ALEJA MON    ,2952      ,                ,  101,                    ,                              , 0,2,20181115 20:19:47,    0,         0,        17, 2395,   15,  101,2,                ,0010000,2, 1,         0,    0,1000000000000000000000000000000000000000,0000000000000000000000010000000000001000,         0,         0,         0,         0,1, 0, 0, 0,4444321                       ,    0,         0,0,20181115 20:19:30,4012                          , 9999, 9999, 9999,  101,32767,     0,     0
 ED5.2,2883843                       ,4058                          ,SOLEDAD SALDARRI    ,2952      ,                ,  101,                    ,                              , 0,2,20181115 20:20:09,    0,         0,         0, 2396,   15,  101,2,                ,0010000,2, 1,         0,    0,1000000000000000000000000000000000000000,0000000000000000000000010000000000001000,         0,         0,         0,         0,1, 0, 0, 0,2883843                       ,    0,         0,0,20181115 20:20:09,4058                          , 9999, 9999, 9999,  101,32767,     0,     0
 ED5.2,3005441982                    ,4058                          ,SOLEDAD SALDARRI    ,2952      ,                ,  101,                    ,                              , 0,2,20181115 20:20:25,    0,         0,         0, 2299,   66,  101,2,                ,0010000,2, 1,         0,    0,1000000000000000000000000000000000000000,0000000000000000000000010000000000001000,         0,         0,         0,         0,1, 0, 0, 0,033005441982                  ,    0,         0,0,20181115 20:20:25,4058                          , 9999, 9999, 9999,  101,32767,     0,     0
 ED5.2,4444321                       ,4012                          ,MONICA ALEJA MON    ,2952      ,                ,  101,                    ,                              , 0,2,20181115 20:20:40,    0,         0,        48, 2395,   15,  101,2,                ,0010000,2, 1,         0,    0,1000000000000000000000000000000000000000,0000000000000000000000010000000000001000,         0,         0,         0,         0,1, 0, 0, 0,4444321                       ,    0,         0,0,20181115 20:19:52,4012                          , 9999, 9999, 9999,  101,32767,     0,     0
 ED5.2,4024                          ,4069                          ,                    ,2952      ,                ,  101,                    ,                              ,14,0,20181115 20:22:25,    0,         0,         8,65535,65535, 9999,2,                ,0000000,0, 0,         0,    0,0000000000000000000000000000000000000000,0000000000000000000000000000000000000000,         0,         0,         0,         0,1, 0, 0, 0,4024                          ,    0,         8,0,20181115 20:22:17,4069                          ,  101, 9999,  101,  101,    0,     0,     0
 ED5.2,3393000                       ,FS013                         ,                    ,          ,                ,  101,                    ,                              , 7,2,20181115 20:25:48,    0,         0,     43208, 2843,   82,  101,2,                ,0010000,2, 1,         0,    0,1000000000000000000000000000000000000000,0000000000000000000000010000000000001000,         0,         0,         0,         0,1, 0, 0, 0,3393000                       ,    0,         0,0,20181115 08:25:40,                              , 9999, 9999, 9999, 9999,32767,     0,     0
 ED5.2,072972231                     ,4003                          ,JUDY FRANCEL JAR    ,2952      ,                ,  101,                    ,                              , 4,2,20181115 20:29:05,    0,         0,       149, 2395,   15,  101,2,                ,0000000,2, 0,         0,    0,0000000000000000000000000000000000000000,0000000000000000000000010000000000000000,         0,         0,         0,         0,1, 0, 0, 0,A800                          ,   19,       130,0,20181115 20:26:36,                              , 9999, 9999, 9999, 9999,32767,     0,     0
 ED5.2,2367902                       ,4003                          ,JUDY FRANCEL JAR    ,2952      ,                ,  101,                    ,                              , 0,2,20181115 20:31:01,    0,         0,        91, 2395,   15,  101,2,                ,0010000,2, 1,         0,    0,1000000000000000000000000000000000000000,0000000000000000000000010000000000001000,         0,         0,         0,         0,1, 0, 0, 0,2367902                       ,    0,         0,0,20181115 20:29:30,4003                          , 9999, 9999, 9999,  101,32767,     0,     0
 ED5.2,1456                          ,1503                          ,                    ,1952      ,                ,  101,                    ,                              ,14,0,20181115 20:34:09,    0,         0,        21,65535,65535, 9999,2,                ,0000000,0, 0,         0,    0,0000000000000000000000000000000000000000,0000000000000000000000000000000000000000,         0,         0,         0,         0,1, 0, 0, 0,1456                          ,    0,        21,0,20181115 20:33:48,1503                          ,  101, 9999,  101,  101,    0,     0,     0
 ED5.2,7456479                       ,FS020                         ,ETB                 ,          ,                ,  101,                    ,                              , 4,2,20181115 20:41:48,    0,         0,         4,  120,   20,  101,2,                ,0000000,3, 0,         0,    0,0000000000000000000000000000000000000000,0000000000000000000000010000000000000000,         0,         0,         0,         0,1, 0, 0, 0,A800                          ,    4,         0,0,20181115 20:41:44,                              , 9999, 9999, 9999, 9999,32767,     0,     0
 ED5.2,1377                          ,3261                          ,                    ,1318      ,                ,  101,                    ,                              ,14,0,20181115 20:47:08,    0,         0,        17,65535,65535, 9999,2,                ,0000000,0, 0,         0,    0,0000000000000000000000000000000000000000,0000000000000000000000000000000000000000,         0,         0,         0,         0,1, 0, 0, 0,1377                          ,    0,        17,0,20181115 20:46:51,3261                          ,  101, 9999,  101,  101,    0,     0,     0
 ED5.2,4000                          ,4077                          ,                    ,2952      ,                ,  101,                    ,                              ,14,0,20181115 20:53:56,    0,         0,         0,65535,65535, 9999,2,                ,0000000,0, 0,         0,    0,0000000000000000000000000000000000000000,0000000000000000000000000000000000000000,         0,         0,         0,         0,1, 0, 0, 0,45                            ,    0,         0,0,20181115 20:53:56,4077                          ,  101, 9999, 9999,  101,    0,     0,     0
 ED5.2,4054                          ,4077                          ,                    ,2952      ,                ,  101,                    ,                              ,14,0,20181115 20:54:16,    0,         0,        15,65535,65535, 9999,2,                ,0000000,0, 0,         0,    0,0000000000000000000000000000000000000000,0000000000000000000000000000000000000000,         0,         0,         0,         0,1, 0, 0, 0,4054                          ,    0,        15,0,20181115 20:54:01,4077                          ,  101, 9999,  101,  101,    0,     0,     0
 ED5.2,9506                          ,FS011                         ,SIP FIDU            ,          ,                ,  101,                    ,1513                          , 6,2,20181115 21:11:00,    0,         0,     43501, 1966,   11,  101,2,                ,0010000,2, 1,         0,    0,0000000000000000000000000000000000000000,0000000010000000000000010001000000001000,         0,         0,         0,         0,1, 0, 0, 0,9506                          ,    2,     43501,0,20181115 09:05:59,                              , 9999, 9999, 9999, 9999,32767,     0,     0
