 ED5.2,6215603                       ,3175                          ,LORENA CORREA C     ,1672      ,                ,  101,                    ,                              , 0,2,20190122 14:57:25,    0,         0,       116,10014,   11,  101,2,                ,0010000,2, 1,         0,    0,1000000000000000000000000000000000000000,0000000000000000000000010000000000001000,         0,         0,         0,         0,1, 0, 0, 0,6215603                       ,    0,         0,0,20190122 14:55:29,3175                          , 9999, 9999, 9999,  101,32767,     0,     0
 ED5.2,072685012                     ,4020                          ,MARISOL BETANCUR    ,2952      ,                ,  101,                    ,                              , 4,2,20190122 14:57:25,    0,         0,        48,10446,   15,  101,2,                ,0000000,2, 0,         0,    0,0000000000000000000000000000000000000000,0000000000000000000000010000000000000000,         0,         0,         0,         0,1, 0, 0, 0,A800                          ,   49,         0,1,20190122 14:56:37,                              , 9999, 9999, 9999, 9999,32767,     0,     0
 ED5.2,2037                          ,1437                          ,                    ,1215      ,                ,  101,                    ,                              ,14,0,20190122 14:57:27,    0,         0,       664,65535,65535, 9999,2,                ,0000000,0, 0,         0,    0,0000000000000000000000000000000000000000,0000000000000000000000000000000000000000,         0,         0,         0,         0,1, 0, 0, 0,2037                          ,    0,       664,0,20190122 14:46:23,1437                          ,  101, 9999,  101,  101,    0,     0,     0
 ED5.2,1652                          ,1857                          ,                    ,1154      ,                ,  101,                    ,                              ,14,0,20190122 14:57:29,    0,         0,         0,65535,65535, 9999,2,                ,0000000,0, 0,         0,    0,0000000000000000000000000000000000000000,0000000000000000000000000000000000000000,         0,         0,         0,         0,1, 0, 0, 0,1652                          ,    0,         0,0,20190122 14:57:29,1857                          ,  101, 9999,  101,  101,    0,     0,     0
 ED5.2,4071                          ,3420                          ,                    ,1318      ,                ,  101,                    ,                              ,14,0,20190122 14:57:29,    0,         0,         0,65535,65535, 9999,2,                ,0000000,0, 0,         0,    0,0000000000000000000000000000000000000000,0000000000000000000000000000000000000000,         0,         0,         0,         0,1, 0, 0, 0,4007                          ,    0,         0,1,20190122 14:57:29,3420                          ,  101, 9999,  101,  101,    0,     0,     0
 ED5.2,1120                          ,1000                          ,                    ,1635      ,                ,  101,                    ,                              ,14,0,20190122 14:57:29,    0,         0,         0,65535,65535, 9999,2,                ,0000000,0, 0,         0,    0,0000000000000000000000000000000000000000,0000000000000000000000000000000000000000,         0,         0,         0,         0,1, 0, 0, 0,1120                          ,    0,         0,0,20190122 14:57:29,1000                          ,  101, 9999,  101,  101,    0,     0,     0
 ED5.2,88                            ,1857                          ,                    ,1154      ,                ,  101,                    ,                              ,14,0,20190122 14:57:31,    0,         0,         2,65535,65535, 9999,2,                ,0000000,0, 0,         0,    0,0000000000000000000000000000000000000000,0000000000000000000000000000000000000000,         0,         0,         0,         0,1, 0, 0, 0,1652                          ,    0,         2,1,20190122 14:57:29,1857                          ,  101, 9999,  101,  101,    0,     0,     0
 ED5.2,5121                          ,5102                          ,                    ,3949      ,                ,  101,                    ,                              ,14,0,20190122 14:57:32,    0,         0,         0,65535,65535, 9999,2,                ,0000000,0, 0,         0,    0,0000000000000000000000000000000000000000,0000000000000000000000000000000000000000,         0,         0,         0,         0,1, 0, 0, 0,5121                          ,    0,         0,0,20190122 14:57:32,5102                          ,  101, 9999,  101,  101,    0,     0,     0
 ED5.2,8012                          ,8016                          ,                    ,6843      ,                ,  101,                    ,                              ,14,0,20190122 14:57:32,    0,         0,        39,65535,65535, 9999,2,                ,0000000,0, 0,         0,    0,0000000000000000000000000000000000000000,0000000000000000000000000000000000000000,         0,         0,         0,         0,1, 0, 0, 0,8012                          ,    0,        39,0,20190122 14:56:53,8016                          ,  101, 9999,  101,  101,    0,     0,     0
 ED5.2,7448480                       ,1071                          ,YURY ANDREA RUIZ    ,1215      ,                ,  101,                    ,                              , 4,2,20190122 14:57:33,    0,         0,        78,  129,   20,  101,2,                ,0000000,3, 0,         0,    0,0000000000000000000000000000000000000000,0000000000000000000000010000000000000000,         0,         0,         0,         0,1, 0, 0, 0,A800                          ,   79,         0,0,20190122 14:56:15,                              , 9999, 9999, 9999, 9999,32767,     0,     0
 ED5.2,3379                          ,2047                          ,                    ,4425      ,                ,  101,                    ,                              ,14,0,20190122 14:57:34,    0,         0,       142,65535,65535, 9999,2,                ,0000000,0, 0,         0,    0,0000000000000000000000000000000000000000,0000000000000000000000000000000000000000,         0,         0,         0,         0,1, 0, 0, 0,3379                          ,    0,       142,0,20190122 14:55:12,2047                          ,  101, 9999,  101,  101,    0,     0,     0
 ED5.2,5460505                       ,1610                          ,MARTHA STELL GOR    ,1425      ,                ,  101,                    ,                              , 0,2,20190122 14:57:37,    0,         0,       110,10885,   82,  101,2,                ,0010000,2, 1,         0,    0,1000000000000000000000000000000000000000,0000000000000000000000010000000000001000,         0,         0,         0,         0,1, 0, 0, 0,5460505                       ,    0,         0,0,20190122 14:55:47,1610                          , 9999, 9999, 9999,  101,32767,     0,     0
 ED5.2,1303                          ,1248                          ,                    ,1843      ,                ,  101,                    ,                              ,14,0,20190122 14:57:37,    0,         0,        71,65535,65535, 9999,2,                ,0000000,0, 0,         0,    0,0000000000000000000000000000000000000000,0000000000000000000000000000000000000000,         0,         0,         0,         0,1, 0, 0, 0,1303                          ,    0,        71,0,20190122 14:56:26,1248                          ,  101, 9999,  101,  101,    0,     0,     0
 ED5.2,3214                          ,1834                          ,                    ,1949      ,                ,  101,                    ,                              ,14,0,20190122 14:57:38,    0,         0,       162,65535,65535, 9999,2,                ,0000000,0, 0,         0,    0,0000000000000000000000000000000000000000,0000000000000000000000000000000000000000,         0,         0,         0,         0,1, 0, 0, 0,3214                          ,    0,       162,0,20190122 14:54:56,1834                          ,  101, 9999,  101,  101,    0,     0,     0
 ED5.2,3112301804                    ,1132                          ,MARIA AMPARO PER    ,1843      ,                ,  101,                    ,                              , 0,1,20190122 14:57:39,    0,         0,        25,  378,   21,  101,2,                ,0010000,0, 0,         0,    0,0000000000000000000000000000000000000000,0000000000000000000000010000000000001000,         0,         0,         0,         0,1, 0, 0, 0,033112301804                  ,    0,         0,0,20190122 14:57:14,1132                          , 9999, 9999, 9999,  101,32767,     0,     0
 ED5.2,663128838249                  ,FS015                         ,SIPMED F            ,          ,                ,  101,                    ,                              , 4,2,20190122 14:57:40,    0,         0,        17,10450,   15,  101,2,                ,0000000,2, 0,         0,    0,0000000000000000000000000000000000000000,0000000000000000000000010000000000000000,         0,         0,         0,         0,1, 0, 0, 0,A800                          ,   18,         0,0,20190122 14:57:23,                              , 9999, 9999, 9999, 9999,32767,     0,     0
 ED5.2,1187                          ,1860                          ,                    ,1355      ,                ,  101,                    ,                              ,14,0,20190122 14:57:40,    0,         0,         0,65535,65535, 9999,2,                ,0000000,0, 0,         0,    0,0000000000000000000000000000000000000000,0000000000000000000000000000000000000000,         0,         0,         0,         0,1, 0, 0, 0,1187                          ,    0,         0,0,20190122 14:57:40,1860                          ,  101, 9999,  101,  101,    0,     0,     0
 ED5.2,1473                          ,1902                          ,                    ,1949      ,                ,  101,                    ,                              ,14,0,20190122 14:57:40,    0,         0,         0,65535,65535, 9999,2,                ,0000000,0, 0,         0,    0,0000000000000000000000000000000000000000,0000000000000000000000000000000000000000,         0,         0,         0,         0,1, 0, 0, 0,1473                          ,    0,         0,0,20190122 14:57:40,1902                          ,  101, 9999,  101,  101,    0,     0,     0
 ED5.2,3035930                       ,1102                          ,VIVIANA KATH GON    ,1528      ,                ,  101,                    ,                              , 4,2,20190122 14:57:40,    0,         0,       529,  134,   20,  101,2,                ,0000000,3, 0,         0,    0,0000000000000000000000000000000000000000,0000000000000000000000010000000000000000,         0,         0,         0,         0,1, 0, 0, 0,A800                          ,  208,       321,1,20190122 14:48:51,                              , 9999, 9999, 9999, 9999,32767,     0,     0
 ED5.2,2066                          ,2043                          ,                    ,4949      ,                ,  101,                    ,                              ,14,0,20190122 14:57:41,    0,         0,       108,65535,65535, 9999,2,                ,0000000,0, 0,         0,    0,0000000000000000000000000000000000000000,0000000000000000000000000000000000000000,         0,         0,         0,         0,1, 0, 0, 0,2066                          ,    0,       108,0,20190122 14:55:53,2043                          ,  101, 9999,  101,  101,    0,     0,     0
 ED5.2,663755650                     ,FS015                         ,SIPMED F            ,          ,                ,  101,                    ,                              , 4,2,20190122 14:57:41,    0,         0,        48,10447,   15,  101,2,                ,0000000,2, 0,         0,    0,0000000000000000000000000000000000000000,0000000000000000000000010000000000000000,         0,         0,         0,         0,1, 0, 0, 0,A800                          ,   48,         0,0,20190122 14:56:53,                              , 9999, 9999, 9999, 9999,32767,     0,     0
 ED5.2,1041                          ,2093                          ,                    ,4632      ,                ,  101,                    ,                              ,14,0,20190122 14:57:41,    0,         0,        65,65535,65535, 9999,2,                ,0000000,0, 0,         0,    0,0000000000000000000000000000000000000000,0000000000000000000000000000000000000000,         0,         0,         0,         0,1, 0, 0, 0,1041                          ,    0,        65,0,20190122 14:56:36,2093                          ,  101, 9999,  101,  101,    0,     0,     0
 ED5.2,4052                          ,4088                          ,                    ,2952      ,                ,  101,                    ,                              ,14,0,20190122 14:57:42,    0,         0,         0,65535,65535, 9999,2,                ,0000000,0, 0,         0,    0,0000000000000000000000000000000000000000,0000000000000000000000000000000000000000,         0,         0,         0,         0,1, 0, 0, 0,4052                          ,    0,         0,0,20190122 14:57:42,4088                          ,  101, 9999,  101,  101,    0,     0,     0
 ED5.2,88                            ,1860                          ,                    ,1355      ,                ,  101,                    ,                              ,14,0,20190122 14:57:42,    0,         0,         2,65535,65535, 9999,2,                ,0000000,0, 0,         0,    0,0000000000000000000000000000000000000000,0000000000000000000000000000000000000000,         0,         0,         0,         0,1, 0, 0, 0,1187                          ,    0,         2,1,20190122 14:57:40,1860                          ,  101, 9999,  101,  101,    0,     0,     0
 ED5.2,3344                          ,1741                          ,                    ,1945      ,                ,  101,                    ,                              ,14,0,20190122 14:57:42,    0,         0,         0,65535,65535, 9999,2,                ,0000000,0, 0,         0,    0,0000000000000000000000000000000000000000,0000000000000000000000000000000000000000,         0,         0,         0,         0,1, 0, 0, 0,3344                          ,    0,         0,0,20190122 14:57:42,1741                          ,  101, 9999,  101,  101,    0,     0,     0
 ED5.2,2092                          ,2037                          ,                    ,4952      ,                ,  101,                    ,                              ,14,0,20190122 14:57:42,    0,         0,         0,65535,65535, 9999,2,                ,0000000,0, 0,         0,    0,0000000000000000000000000000000000000000,0000000000000000000000000000000000000000,         0,         0,         0,         0,1, 0, 0, 0,2092                          ,    0,         0,0,20190122 14:57:42,2037                          ,  101, 9999,  101,  101,    0,     0,     0
 ED5.2,3377                          ,1741                          ,                    ,1945      ,                ,  101,                    ,                              ,14,0,20190122 14:57:42,    0,         0,         0,65535,65535, 9999,2,                ,0000000,0, 0,         0,    0,0000000000000000000000000000000000000000,0000000000000000000000000000000000000000,         0,         0,         0,         0,1, 0, 0, 0,3344                          ,    0,         0,1,20190122 14:57:42,1741                          ,  101, 9999,  101,  101,    0,     0,     0
 ED5.2,1124                          ,1902                          ,                    ,1949      ,                ,  101,                    ,                              ,14,0,20190122 14:57:43,    0,         0,         0,65535,65535, 9999,2,                ,0000000,0, 0,         0,    0,0000000000000000000000000000000000000000,0000000000000000000000000000000000000000,         0,         0,         0,         0,1, 0, 0, 0,1473                          ,    0,         0,1,20190122 14:57:43,1902                          ,  101, 9999,  101,  101,    0,     0,     0
 ED5.2,3441                          ,3246                          ,                    ,1979      ,                ,  101,                    ,                              ,14,0,20190122 14:57:47,    0,         0,         0,65535,65535, 9999,2,                ,0000000,0, 0,         0,    0,0000000000000000000000000000000000000000,0000000000000000000000000000000000000000,         0,         0,         0,         0,1, 0, 0, 0,3441                          ,    0,         0,0,20190122 14:57:47,3246                          ,  101, 9999,  101,  101,    0,     0,     0
 ED5.2,1357                          ,8014                          ,                    ,6952      ,                ,  101,                    ,                              ,14,0,20190122 14:57:47,    0,         0,         0,65535,65535, 9999,2,                ,0000000,0, 0,         0,    0,0000000000000000000000000000000000000000,0000000000000000000000000000000000000000,         0,         0,         0,         0,1, 0, 0, 0,1357                          ,    0,         0,0,20190122 14:57:47,8014                          ,  101, 9999,  101,  101,    0,     0,     0
 ED5.2,3077011                       ,1015                          ,RADICACION          ,1636      ,                ,  101,                    ,                              , 0,2,20190122 14:57:47,    0,         0,        79,10010,   11,  101,2,                ,0010000,2, 1,         0,    0,1000000000000000000000000000000000000000,0000000000000000000000010000000000001000,         0,         0,         0,         0,1, 0, 0, 0,3077011                       ,    0,         0,0,20190122 14:56:28,1015                          , 9999, 9999, 9999,  101,32767,     0,     0
 ED5.2,88                            ,3246                          ,                    ,1979      ,                ,  101,                    ,                              ,14,0,20190122 14:57:49,    0,         0,         2,65535,65535, 9999,2,                ,0000000,0, 0,         0,    0,0000000000000000000000000000000000000000,0000000000000000000000000000000000000000,         0,         0,         0,         0,1, 0, 0, 0,3441                          ,    0,         2,1,20190122 14:57:47,3246                          ,  101, 9999,  101,  101,    0,     0,     0
 ED5.2,1265                          ,5142                          ,                    ,3638      ,                ,  101,                    ,                              ,14,0,20190122 14:57:50,    0,         0,         0,65535,65535, 9999,2,                ,0000000,0, 0,         0,    0,0000000000000000000000000000000000000000,0000000000000000000000000000000000000000,         0,         0,         0,         0,1, 0, 0, 0,1265                          ,    0,         0,0,20190122 14:57:50,5142                          ,  101, 9999,  101,  101,    0,     0,     0
 ED5.2,1043                          ,8014                          ,                    ,6952      ,                ,  101,                    ,                              ,14,0,20190122 14:57:51,    0,         0,         0,65535,65535, 9999,2,                ,0000000,0, 0,         0,    0,0000000000000000000000000000000000000000,0000000000000000000000000000000000000000,         0,         0,         0,         0,1, 0, 0, 0,1357                          ,    0,         0,1,20190122 14:57:51,8014                          ,  101, 9999,  101,  101,    0,     0,     0
 ED5.2,4041                          ,3420                          ,                    ,1318      ,                ,  101,                    ,                              ,14,0,20190122 14:57:56,    0,         0,         0,65535,65535, 9999,2,                ,0000000,0, 0,         0,    0,0000000000000000000000000000000000000000,0000000000000000000000000000000000000000,         0,         0,         0,         0,1, 0, 0, 0,4041                          ,    0,         0,0,20190122 14:57:56,3420                          ,  101, 9999,  101,  101,    0,     0,     0
 ED5.2,1005                          ,1895                          ,                    ,1949      ,                ,  101,                    ,                              ,14,0,20190122 14:57:59,    0,         0,       161,65535,65535, 9999,2,                ,0000000,0, 0,         0,    0,0000000000000000000000000000000000000000,0000000000000000000000000000000000000000,         0,         0,         0,         0,1, 0, 0, 0,1005                          ,    0,       161,0,20190122 14:55:18,1895                          ,  101, 9999,  101,  101,    0,     0,     0
 ED5.2,1473                          ,1902                          ,                    ,1949      ,                ,  101,                    ,                              ,14,0,20190122 14:58:00,    0,         0,         0,65535,65535, 9999,2,                ,0000000,0, 0,         0,    0,0000000000000000000000000000000000000000,0000000000000000000000000000000000000000,         0,         0,         0,         0,1, 0, 0, 0,1473                          ,    0,         0,0,20190122 14:58:00,1902                          ,  101, 9999,  101,  101,    0,     0,     0
 ED5.2,5142                          ,5204                          ,                    ,7952      ,                ,  101,                    ,                              ,14,0,20190122 14:58:00,    0,         0,         0,65535,65535, 9999,2,                ,0000000,0, 0,         0,    0,0000000000000000000000000000000000000000,0000000000000000000000000000000000000000,         0,         0,         0,         0,1, 0, 0, 0,5142                          ,    0,         0,0,20190122 14:58:00,5204                          ,  101, 9999,  101,  101,    0,     0,     0
 ED5.2,5200                          ,5202                          ,                    ,7425      ,                ,  101,                    ,                              ,14,0,20190122 14:58:00,    0,         0,        10,65535,65535, 9999,2,                ,0000000,0, 0,         0,    0,0000000000000000000000000000000000000000,0000000000000000000000000000000000000000,         0,         0,         0,         0,1, 0, 0, 0,5200                          ,    0,        10,0,20190122 14:57:50,5202                          ,  101, 9999,  101,  101,    0,     0,     0
 ED5.2,1124                          ,1902                          ,                    ,1949      ,                ,  101,                    ,                              ,14,0,20190122 14:58:01,    0,         0,         0,65535,65535, 9999,2,                ,0000000,0, 0,         0,    0,0000000000000000000000000000000000000000,0000000000000000000000000000000000000000,         0,         0,         0,         0,1, 0, 0, 0,1473                          ,    0,         0,1,20190122 14:58:01,1902                          ,  101, 9999,  101,  101,    0,     0,     0
 ED5.2,5879710                       ,3205                          ,JUAN CAMILO PINE    ,1318      ,                ,  101,                    ,                              , 0,2,20190122 14:58:02,    0,         0,        43,10012,   11,  101,2,                ,0010000,2, 1,         0,    0,1000000000000000000000000000000000000000,0000000000000000000000010000000000001000,         0,         0,         0,         0,1, 0, 0, 0,5879710                       ,    0,         0,0,20190122 14:57:19,3205                          , 9999, 9999, 9999,  101,32767,     0,     0
 ED5.2,3293                          ,5142                          ,                    ,3638      ,                ,  101,                    ,                              ,14,0,20190122 14:58:06,    0,         0,         0,65535,65535, 9999,2,                ,0000000,0, 0,         0,    0,0000000000000000000000000000000000000000,0000000000000000000000000000000000000000,         0,         0,         0,         0,1, 0, 0, 0,1265                          ,    0,         0,1,20190122 14:58:06,5142                          ,  101, 9999,  101,  101,    0,     0,     0
 ED5.2,5100                          ,5129                          ,                    ,3425      ,                ,  101,                    ,                              ,14,0,20190122 14:58:06,    0,         0,         9,65535,65535, 9999,2,                ,0000000,0, 0,         0,    0,0000000000000000000000000000000000000000,0000000000000000000000000000000000000000,         0,         0,         0,         0,1, 0, 0, 0,5100                          ,    0,         9,0,20190122 14:57:57,5129                          ,  101, 9999,  101,  101,    0,     0,     0
 ED5.2,663103230333                  ,1522                          ,YENIFER NARANJO     ,1529      ,                ,  101,                    ,                              , 4,2,20190122 14:58:06,    0,         0,       316,  138,   20,  101,2,                ,0000000,2, 1,         0,    0,0000000000000000000000000000000000000000,0000000000000000000000010000000000000000,         0,         0,         0,         0,1, 0, 0, 0,A800                          ,    7,       309,0,20190122 14:52:50,                              , 9999, 9999, 9999, 9999,32767,     0,     0
 ED5.2,3214                          ,3239                          ,                    ,1979      ,                ,  101,                    ,                              ,14,0,20190122 14:58:08,    0,         0,        24,65535,65535, 9999,2,                ,0000000,0, 0,         0,    0,0000000000000000000000000000000000000000,0000000000000000000000000000000000000000,         0,         0,         0,         0,1, 0, 0, 0,3214                          ,    0,        24,0,20190122 14:57:44,3239                          ,  101, 9999,  101,  101,    0,     0,     0
 ED5.2,1109                          ,3812                          ,                    ,1635      ,                ,  101,                    ,                              ,14,0,20190122 14:58:09,    0,         0,         0,65535,65535, 9999,2,                ,0000000,0, 0,         0,    0,0000000000000000000000000000000000000000,0000000000000000000000000000000000000000,         0,         0,         0,         0,1, 0, 0, 0,1109                          ,    0,         0,0,20190122 14:58:09,3812                          ,  101, 9999,  101,  101,    0,     0,     0
 ED5.2,3165                          ,1899                          ,                    ,1675      ,                ,  101,                    ,                              ,14,0,20190122 14:58:09,    0,         0,        80,65535,65535, 9999,2,                ,0000000,0, 0,         0,    0,0000000000000000000000000000000000000000,0000000000000000000000000000000000000000,         0,         0,         0,         0,1, 0, 0, 0,3165                          ,    0,        80,0,20190122 14:56:49,1899                          ,  101, 9999,  101,  101,    0,     0,     0
 ED5.2,3378                          ,3246                          ,                    ,1979      ,                ,  101,                    ,                              ,14,0,20190122 14:58:11,    0,         0,        14,65535,65535, 9999,2,                ,0000000,0, 0,         0,    0,0000000000000000000000000000000000000000,0000000000000000000000000000000000000000,         0,         0,         0,         0,1, 0, 0, 0,3378                          ,    0,        14,0,20190122 14:57:57,3246                          ,  101, 9999,  101,  101,    0,     0,     0
 ED5.2,1513                          ,1301                          ,                    ,1945      ,                ,  101,                    ,                              ,14,0,20190122 14:58:16,    0,         0,        51,65535,65535, 9999,2,                ,0000000,0, 0,         0,    0,0000000000000000000000000000000000000000,0000000000000000000000000000000000000000,         0,         0,         0,         0,1, 0, 0, 0,1513                          ,    0,        51,0,20190122 14:57:25,1301                          ,  101, 9999,  101,  101,    0,     0,     0
 ED5.2,1172                          ,1323                          ,                    ,1952      ,                ,  101,                    ,                              ,14,0,20190122 14:58:20,    0,         0,        10,65535,65535, 9999,2,                ,0000000,0, 0,         0,    0,0000000000000000000000000000000000000000,0000000000000000000000000000000000000000,         0,         0,         0,         0,1, 0, 0, 0,1172                          ,    0,        10,0,20190122 14:58:10,1323                          ,  101, 9999,  101,  101,    0,     0,     0
 ED5.2,1036                          ,5142                          ,                    ,3638      ,                ,  101,                    ,                              ,14,0,20190122 14:58:21,    0,         0,         0,65535,65535, 9999,2,                ,0000000,0, 0,         0,    0,0000000000000000000000000000000000000000,0000000000000000000000000000000000000000,         0,         0,         0,         0,1, 0, 0, 0,1265                          ,    0,         0,1,20190122 14:58:21,5142                          ,  101, 9999,  101,  101,    0,     0,     0
 ED5.2,6464330                       ,3295                          ,PAOLA ANDREA ROM    ,1091      ,                ,  101,                    ,                              , 0,2,20190122 14:58:23,    0,         0,       274,10870,   82,  101,2,                ,0010000,2, 1,         0,    0,1000000000000000000000000000000000000000,0000000000000000000000010000000000001000,         0,         0,         0,         0,1, 0, 0, 0,6464330                       ,    0,         0,0,20190122 14:53:49,3295                          , 9999, 9999, 9999,  101,32767,     0,     0
 ED5.2,5113                          ,5109                          ,                    ,3952      ,                ,  101,                    ,                              ,14,0,20190122 14:58:24,    0,         0,       232,65535,65535, 9999,2,                ,0000000,0, 0,         0,    0,0000000000000000000000000000000000000000,0000000000000000000000000000000000000000,         0,         0,         0,         0,1, 0, 0, 0,5113                          ,    0,       232,0,20190122 14:54:32,5109                          ,  101, 9999,  101,  101,    0,     0,     0
 ED5.2,3293                          ,5142                          ,                    ,3638      ,                ,  101,                    ,                              ,14,0,20190122 14:58:25,    0,         0,         0,65535,65535, 9999,2,                ,0000000,0, 0,         0,    0,0000000000000000000000000000000000000000,0000000000000000000000000000000000000000,         0,         0,         0,         0,1, 0, 0, 0,1265                          ,    0,         0,1,20190122 14:58:25,5142                          ,  101, 9999,  101,  101,    0,     0,     0
 ED5.2,6127170                       ,3402                          ,ANGELA PATRI SAN    ,2466      ,                ,  101,                    ,                              , 0,2,20190122 14:58:27,    0,         0,         5,11361,  201,  101,2,                ,0000000,2, 1,         0,    0,1000000000000000000000000000000000000000,0000000000000000000000010000000000001000,         0,         0,         0,         0,1, 0, 0, 0,6127170                       ,    0,         0,0,20190122 14:58:22,3402                          , 9999, 9999, 9999,  101,32767,     0,     0
 ED5.2,4052                          ,4002                          ,                    ,2843      ,                ,  101,                    ,                              ,14,0,20190122 14:58:28,    0,         0,         0,65535,65535, 9999,2,                ,0000000,0, 0,         0,    0,0000000000000000000000000000000000000000,0000000000000000000000000000000000000000,         0,         0,         0,         0,1, 0, 0, 0,4052                          ,    0,         0,0,20190122 14:58:28,4002                          ,  101, 9999,  101,  101,    0,     0,     0
 ED5.2,1261                          ,3282                          ,                    ,1364      ,                ,  101,                    ,                              ,14,0,20190122 14:58:29,    0,         0,      1178,65535,65535, 9999,2,                ,0000000,0, 0,         0,    0,0000000000000000000000000000000000000000,0000000000000000000000000000000000000000,         0,         0,         0,         0,1, 0, 0, 0,1261                          ,    0,      1178,0,20190122 14:38:51,3282                          ,  101, 9999,  101,  101,    0,     0,     0
 ED5.2,749722                        ,1833                          ,CAROLINA PEREZ M    ,1949      ,                ,  101,                    ,                              , 0,2,20190122 14:58:29,    0,         0,         0,10012,   11,  101,2,                ,0010000,2, 1,         0,    0,1000000000000000000000000000000000000000,0000000000000000000000010000000000001000,         0,         0,         0,         0,1, 0, 0, 0,749722                        ,    0,         0,0,20190122 14:58:29,1833                          , 9999, 9999, 9999,  101,32767,     0,     0
 ED5.2,1000                          ,1060                          ,                    ,1630      ,                ,  101,                    ,                              ,14,0,20190122 14:58:29,    0,         0,        21,65535,65535, 9999,2,                ,0000000,0, 0,         0,    0,0000000000000000000000000000000000000000,0000000000000000000000000000000000000000,         0,         0,         0,         0,1, 0, 0, 0,1000                          ,    0,        21,0,20190122 14:58:08,1060                          ,  101, 9999,  101,  101,    0,     0,     0
 ED5.2,4089                          ,4020                          ,                    ,2952      ,                ,  101,                    ,                              ,14,0,20190122 14:58:32,    0,         0,        60,65535,65535, 9999,2,                ,0000000,0, 0,         0,    0,0000000000000000000000000000000000000000,0000000000000000000000000000000000000000,         0,         0,         0,         0,1, 0, 0, 0,4089                          ,    0,        60,0,20190122 14:57:32,4020                          ,  101, 9999,  101,  101,    0,     0,     0
 ED5.2,1331                          ,3155                          ,                    ,1377      ,                ,  101,                    ,                              ,14,0,20190122 14:58:32,    0,         0,         0,65535,65535, 9999,2,                ,0000000,0, 0,         0,    0,0000000000000000000000000000000000000000,0000000000000000000000000000000000000000,         0,         0,         0,         0,1, 0, 0, 0,1331                          ,    0,         0,0,20190122 14:58:32,3155                          ,  101, 9999,  101,  101,    0,     0,     0
 ED5.2,2727949                       ,4083                          ,MARIA ISABEL ROL    ,2214      ,                ,  101,                    ,                              , 0,2,20190122 14:58:33,    0,         0,        29,10447,   15,  101,2,                ,0010000,2, 1,         0,    0,1000000000000000000000000000000000000000,0000000000000000000000010000000000001000,         0,         0,         0,         0,1, 0, 0, 0,2727949                       ,    0,         0,0,20190122 14:58:04,4083                          , 9999, 9999, 9999,  101,32767,     0,     0
 ED5.2,7447525                       ,1835                          ,PAOLA ANDREA BOT    ,1949      ,                ,  101,                    ,                              , 0,2,20190122 14:58:33,    0,         0,       794,10003,   11,  101,2,                ,0010000,2, 1,         0,    0,1000000000000000000000000000000000000000,0000000000000000000000010000000000001000,         0,         0,         0,         0,1, 0, 0, 0,7447525                       ,    0,         0,0,20190122 14:45:19,1835                          , 9999, 9999, 9999,  101,32767,     0,     0
 ED5.2,3132624441                    ,3159                          ,JOHANA MARCE SOL    ,1466      ,                ,  101,                    ,                              , 0,2,20190122 14:58:34,    0,         0,       220,10349,   66,  101,2,                ,0010000,2, 1,         0,    0,1000000000000000000000000000000000000000,0000000000000000000000010000000000001000,         0,         0,         0,         0,1, 0, 0, 0,033132624441                  ,    0,         0,0,20190122 14:54:54,3159                          , 9999, 9999, 9999,  101,32767,     0,     0
 ED5.2,1502                          ,1889                          ,                    ,1632      ,                ,  101,                    ,                              ,14,0,20190122 14:58:35,    0,         0,       401,65535,65535, 9999,2,                ,0000000,0, 0,         0,    0,0000000000000000000000000000000000000000,0000000000000000000000000000000000000000,         0,         0,         0,         0,1, 0, 0, 0,1502                          ,    0,       401,0,20190122 14:51:54,1889                          ,  101, 9999,  101,  101,    0,     0,     0
 ED5.2,3103705                       ,89                            ,89                  ,3466      ,                ,  101,                    ,                              , 4,2,20190122 14:58:38,    0,         0,       795,  121,   20,  101,2,                ,0000000,3, 0,         0,    0,0000000000000000000000000000000000000000,0000000000000000000000010000000000000000,         0,         0,         0,         0,1, 0, 0, 0,A800                          ,   32,       763,1,20190122 14:45:23,                              , 9999, 9999, 9999, 9999,32767,     0,     0
 ED5.2,3077011                       ,1098                          ,JAIDY YANIBE ZAM    ,1425      ,                ,  101,                    ,                              , 0,2,20190122 14:58:40,    0,         0,        82,10005,   11,  101,2,                ,0010000,2, 1,         0,    0,1000000000000000000000000000000000000000,0000000000000000000000010000000000001000,         0,         0,         0,         0,1, 0, 0, 0,3077011                       ,    0,         0,0,20190122 14:57:18,1098                          , 9999, 9999, 9999,  101,32767,     0,     0
 ED5.2,3077011                       ,1494                          ,LUCERO ROBLE        ,1635      ,                ,  101,                    ,                              , 0,2,20190122 14:58:40,    0,         0,        94,10013,   11,  101,2,                ,0010000,2, 1,         0,    0,1000000000000000000000000000000000000000,0000000000000000000000010000000000001000,         0,         0,         0,         0,1, 0, 0, 0,3077011                       ,    0,         0,0,20190122 14:57:06,1494                          , 9999, 9999, 9999,  101,32767,     0,     0
 ED5.2,3077011                       ,1460                          ,CAMILO ANDRE TIR    ,1213      ,                ,  101,                    ,                              , 0,2,20190122 14:58:41,    0,         0,       102,10006,   11,  101,2,                ,0010000,2, 1,         0,    0,1000000000000000000000000000000000000000,0000000000000000000000010000000000001000,         0,         0,         0,         0,1, 0, 0, 0,3077011                       ,    0,         0,0,20190122 14:56:59,1460                          , 9999, 9999, 9999,  101,32767,     0,     0
 ED5.2,663007374043                  ,1529                          ,STIVEN  MARROQUI    ,1952      ,                ,  101,                    ,                              , 4,2,20190122 14:58:41,    0,         0,       139,  128,   20,  101,2,                ,0000000,2, 0,         0,    0,0000000000000000000000000000000000000000,0000000000000000000000010000000000000000,         0,         0,         0,         0,1, 0, 0, 0,A800                          ,   57,        82,1,20190122 14:56:22,                              , 9999, 9999, 9999, 9999,32767,     0,     0
 ED5.2,3156                          ,3246                          ,                    ,1979      ,                ,  101,                    ,                              ,14,0,20190122 14:58:43,    0,         0,         0,65535,65535, 9999,2,                ,0000000,0, 0,         0,    0,0000000000000000000000000000000000000000,0000000000000000000000000000000000000000,         0,         0,         0,         0,1, 0, 0, 0,3156                          ,    0,         0,0,20190122 14:58:43,3246                          ,  101, 9999,  101,  101,    0,     0,     0
 ED5.2,00956226082798                ,3191                          ,ANDRES CUARTAS      ,1089      ,                ,  101,                    ,                              , 0,2,20190122 14:58:44,    0,         0,       241,10879,   82,  101,2,                ,0010000,2, 1,         0,    0,1000000000000000000000000000000000000000,0000000000000000000000010000000000001000,         0,         0,         0,         0,1, 0, 0, 0,00956226082798                ,    0,         0,0,20190122 14:54:43,3191                          , 9999, 9999, 9999,  101,32767,     0,     0
 ED5.2,2906718                       ,1329                          ,JUAN CARLOS LOND    ,1952      ,                ,  101,                    ,                              , 0,2,20190122 14:58:46,    0,         0,       106,10011,   11,  101,2,                ,0010000,2, 1,         0,    0,1000000000000000000000000000000000000000,0000000000000000000000010000000000001000,         0,         0,         0,         0,1, 0, 0, 0,2906718                       ,    0,         0,0,20190122 14:57:00,1329                          , 9999, 9999, 9999,  101,32767,     0,     0
 ED5.2,2543000                       ,5004                          ,IPTRADE             ,          ,                ,  101,                    ,                              , 9,2,20190122 14:58:47,    0,         0,       101,  133,   20,  101,2,                ,0000000,3, 0,         0,    0,0100000000000000000000000000000000000000,0000000000000000000000010000000000000000,         0,         0,         0,         0,1, 0, 0, 0,1178                          ,    3,       101,1,20190122 14:57:06,                              , 9999, 9999, 9999, 9999,32767,     0,     0
 ED5.2,1557                          ,3155                          ,                    ,1377      ,                ,  101,                    ,                              ,14,0,20190122 14:58:47,    0,         0,         0,65535,65535, 9999,2,                ,0000000,0, 0,         0,    0,0000000000000000000000000000000000000000,0000000000000000000000000000000000000000,         0,         0,         0,         0,1, 0, 0, 0,1331                          ,    0,         0,1,20190122 14:58:47,3155                          ,  101, 9999,  101,  101,    0,     0,     0
 ED5.2,------------------------------,******************************,                    ,**********,                ,  101,                    ,******************************, 4,2,20190122 14:58:48,    0,         0,        98,10871,   82,  101,2,                ,0000000,2, 0,         0,    0,0000000000000000000000000000000000000000,0000000000000000000000010000000000000000,         0,         0,         0,         0,1, 0, 0, 0,------------------------------,   74,        24,1,20190122 14:57:10,******************************, 9999, 9999, 9999, 9999,32767,     0,     0
 ED5.2,5120                          ,5102                          ,                    ,3949      ,                ,  101,                    ,                              ,14,0,20190122 14:58:49,    0,         0,        71,65535,65535, 9999,2,                ,0000000,0, 0,         0,    0,0000000000000000000000000000000000000000,0000000000000000000000000000000000000000,         0,         0,         0,         0,1, 0, 0, 0,5120                          ,    0,        71,0,20190122 14:57:38,5102                          ,  101, 9999,  101,  101,    0,     0,     0
 ED5.2,4877070                       ,1109                          ,DEYANIRA GONZALE    ,1949      ,                ,  101,                    ,                              , 0,2,20190122 14:58:51,    0,         0,       572,10001,   11,  101,2,                ,0010000,2, 1,         0,    0,1000000000000000000000000000000000000000,0000000000000000000000010000000000001000,         0,         0,         0,         0,1, 0, 0, 0,4877070                       ,    0,         0,0,20190122 14:49:19,1109                          , 9999, 9999, 9999,  101,32767,     0,     0
 ED5.2,5131                          ,5108                          ,                    ,3952      ,                ,  101,                    ,                              ,14,0,20190122 14:58:54,    0,         0,        54,65535,65535, 9999,2,                ,0000000,0, 0,         0,    0,0000000000000000000000000000000000000000,0000000000000000000000000000000000000000,         0,         0,         0,         0,1, 0, 0, 0,5131                          ,    0,        54,0,20190122 14:58:00,5108                          ,  101, 9999,  101,  101,    0,     0,     0
 ED5.2,7497622                       ,1833                          ,CAROLINA PEREZ M    ,1949      ,                ,  101,                    ,                              , 0,2,20190122 14:58:56,    0,         0,         0,10012,   11,  101,2,                ,0010000,2, 1,         0,    0,1000000000000000000000000000000000000000,0000000000000000000000010000000000001000,         0,         0,         0,         0,1, 0, 0, 0,7497622                       ,    0,         0,0,20190122 14:58:56,1833                          , 9999, 9999, 9999,  101,32767,     0,     0
 ED5.2,2335380                       ,3243                          ,FERMIN ORDONEZ      ,1949      ,                ,  101,                    ,                              , 0,2,20190122 14:58:58,    0,         0,        92,  135,   20,  101,2,                ,0010000,2, 1,         0,    0,1000000000000000000000000000000000000000,0000000000000000000000010000000000001000,         0,         0,         0,         0,1, 0, 0, 0,2335380                       ,    0,         0,0,20190122 14:57:26,3243                          , 9999, 9999, 9999,  101,32767,     0,     0
 ED5.2,072685012                     ,4010                          ,ELIZABETH PA GAR    ,2843      ,                ,  101,                    ,                              , 4,2,20190122 14:59:00,    0,         0,        82,10452,   15,  101,2,                ,0000000,2, 0,         0,    0,0000000000000000000000000000000000000000,0000000000000000000000010000000000000000,         0,         0,         0,         0,1, 0, 0, 0,A800                          ,   83,         0,1,20190122 14:57:38,                              , 9999, 9999, 9999, 9999,32767,     0,     0
 ED5.2,1815                          ,3377                          ,                    ,1528      ,                ,  101,                    ,                              , 3,0,20190122 14:59:00,    0,         0,       140,65535,65535, 9999,2,                ,0000000,0, 0,         0,    0,0000000000000000000000000000000000000000,0000000000000000000000000000000000000000,         0,         0,         0,         0,1, 0, 0, 0,7777                          ,    0,       140,0,20190122 14:56:40,3377                          ,  101, 9999,  101,  101,    0,     0,     0
 ED5.2,1012                          ,3155                          ,                    ,1377      ,                ,  101,                    ,                              ,14,0,20190122 14:59:03,    0,         0,         0,65535,65535, 9999,2,                ,0000000,0, 0,         0,    0,0000000000000000000000000000000000000000,0000000000000000000000000000000000000000,         0,         0,         0,         0,1, 0, 0, 0,1331                          ,    0,         0,1,20190122 14:59:03,3155                          ,  101, 9999,  101,  101,    0,     0,     0
 ED5.2,1331                          ,3155                          ,                    ,1377      ,                ,  101,                    ,                              ,14,0,20190122 14:59:04,    0,         0,         0,65535,65535, 9999,2,                ,0000000,0, 0,         0,    0,0000000000000000000000000000000000000000,0000000000000000000000000000000000000000,         0,         0,         0,         0,1, 0, 0, 0,1331                          ,    0,         0,1,20190122 14:59:04,3155                          ,  101, 9999,  101,  101,    0,     0,     0
 ED5.2,3390                          ,1014                          ,                    ,1635      ,                ,  101,                    ,                              ,14,0,20190122 14:59:05,    0,         0,         0,65535,65535, 9999,2,                ,0000000,0, 0,         0,    0,0000000000000000000000000000000000000000,0000000000000000000000000000000000000000,         0,         0,         0,         0,1, 0, 0, 0,3390                          ,    0,         0,0,20190122 14:59:05,1014                          ,  101, 9999,  101,  101,    0,     0,     0
 ED5.2,3148                          ,3704                          ,                    ,5466      ,                ,  101,                    ,                              ,14,0,20190122 14:59:06,    0,         0,         0,65535,65535, 9999,2,                ,0000000,0, 0,         0,    0,0000000000000000000000000000000000000000,0000000000000000000000000000000000000000,         0,         0,         0,         0,1, 0, 0, 0,3148                          ,    0,         0,0,20190122 14:59:06,3704                          ,  101, 9999,  101,  101,    0,     0,     0
 ED5.2,6215603                       ,3175                          ,LORENA CORREA C     ,1672      ,                ,  101,                    ,                              , 0,2,20190122 14:59:11,    0,         0,         0,10001,   11,  101,2,                ,0010000,2, 1,         0,    0,1000000000000000000000000000000000000000,0000000000000000000000010000000000001000,         0,         0,         0,         0,1, 0, 0, 0,6215603                       ,    0,         0,0,20190122 14:59:11,3175                          , 9999, 9999, 9999,  101,32767,     0,     0
 ED5.2,1223                          ,1032                          ,                    ,1632      ,                ,  101,                    ,                              ,14,0,20190122 14:59:14,    0,         0,       236,65535,65535, 9999,2,                ,0000000,0, 0,         0,    0,0000000000000000000000000000000000000000,0000000000000000000000000000000000000000,         0,         0,         0,         0,1, 0, 0, 0,1223                          ,    0,       236,0,20190122 14:55:18,1032                          ,  101, 9999,  101,  101,    0,     0,     0
 ED5.2,033136987078                  ,3760                          ,JOHAN ANDRES VEL    ,5979      ,                ,  101,                    ,                              , 0,1,20190122 14:59:16,    0,         0,       122,  419,   88,  101,2,                ,0010000,0, 0,         0,    0,0000000000000000000000000000000000000000,0000000000000000000000010000000000001000,         0,         0,         0,         0,1, 0, 0, 0,033136987078                  ,    0,         0,0,20190122 14:57:14,3760                          , 9999, 9999, 9999,  101,32767,     0,     0
 ED5.2,1575                          ,1857                          ,                    ,1154      ,                ,  101,                    ,                              ,14,0,20190122 14:59:20,    0,         0,         0,65535,65535, 9999,2,                ,0000000,0, 0,         0,    0,0000000000000000000000000000000000000000,0000000000000000000000000000000000000000,         0,         0,         0,         0,1, 0, 0, 0,1575                          ,    0,         0,0,20190122 14:59:20,1857                          ,  101, 9999,  101,  101,    0,     0,     0
 ED5.2,3224                          ,3704                          ,                    ,5466      ,                ,  101,                    ,                              ,14,0,20190122 14:59:22,    0,         0,         0,65535,65535, 9999,2,                ,0000000,0, 0,         0,    0,0000000000000000000000000000000000000000,0000000000000000000000000000000000000000,         0,         0,         0,         0,1, 0, 0, 0,3148                          ,    0,         0,1,20190122 14:59:22,3704                          ,  101, 9999,  101,  101,    0,     0,     0
 ED5.2,5109                          ,5134                          ,                    ,3843      ,                ,  101,                    ,                              ,14,0,20190122 14:59:23,    0,         0,        33,65535,65535, 9999,2,                ,0000000,0, 0,         0,    0,0000000000000000000000000000000000000000,0000000000000000000000000000000000000000,         0,         0,         0,         0,1, 0, 0, 0,5109                          ,    0,        33,0,20190122 14:58:50,5134                          ,  101, 9999,  101,  101,    0,     0,     0
 ED5.2,3701                          ,4051                          ,                    ,2635      ,                ,  101,                    ,                              ,14,0,20190122 14:59:23,    0,         0,       115,65535,65535, 9999,2,                ,0000000,0, 0,         0,    0,0000000000000000000000000000000000000000,0000000000000000000000000000000000000000,         0,         0,         0,         0,1, 0, 0, 0,3701                          ,    0,       115,0,20190122 14:57:28,4051                          ,  101, 9999,  101,  101,    0,     0,     0
 ED5.2,3115                          ,3704                          ,                    ,5466      ,                ,  101,                    ,                              ,14,0,20190122 14:59:25,    0,         0,         0,65535,65535, 9999,2,                ,0000000,0, 0,         0,    0,0000000000000000000000000000000000000000,0000000000000000000000000000000000000000,         0,         0,         0,         0,1, 0, 0, 0,3148                          ,    0,         0,1,20190122 14:59:25,3704                          ,  101, 9999,  101,  101,    0,     0,     0
 ED5.2,88                            ,3704                          ,                    ,5466      ,                ,  101,                    ,                              ,14,0,20190122 14:59:28,    0,         0,         3,65535,65535, 9999,2,                ,0000000,0, 0,         0,    0,0000000000000000000000000000000000000000,0000000000000000000000000000000000000000,         0,         0,         0,         0,1, 0, 0, 0,3148                          ,    0,         3,1,20190122 14:59:25,3704                          ,  101, 9999,  101,  101,    0,     0,     0
 ED5.2,663104226587                  ,89                            ,89                  ,3466      ,                ,  101,                    ,                              , 4,2,20190122 14:59:30,    0,         0,       179,  132,   20,  101,2,                ,0000000,2, 1,         0,    0,0000000000000000000000000000000000000000,0000000000000000000000010000000000000000,         0,         0,         0,         0,1, 0, 0, 0,A800                          ,   96,        84,1,20190122 14:56:31,                              , 9999, 9999, 9999, 9999,32767,     0,     0
 ED5.2,53854980                      ,5100                          ,RECEPCION BQUILL    ,3635      ,                ,  101,                    ,                              , 4,2,20190122 14:59:32,    0,         0,        64,10870,   82,  101,2,                ,0000000,2, 0,         0,    0,0000000000000000000000000000000000000000,0000000000000000000000010000000000000000,         0,         0,         0,         0,1, 0, 0, 0,A900                          ,   64,         0,1,20190122 14:58:28,                              , 9999, 9999, 9999, 9999,32767,     0,     0
 ED5.2,2057                          ,2031                          ,                    ,4952      ,                ,  101,                    ,                              ,14,0,20190122 14:59:34,    0,         0,         0,65535,65535, 9999,2,                ,0000000,0, 0,         0,    0,0000000000000000000000000000000000000000,0000000000000000000000000000000000000000,         0,         0,         0,         0,1, 0, 0, 0,2057                          ,    0,         0,0,20190122 14:59:34,2031                          ,  101, 9999,  101,  101,    0,     0,     0
 ED5.2,4383207                       ,3243                          ,FERMIN ORDONEZ      ,1949      ,                ,  101,                    ,                              , 0,2,20190122 14:59:34,    0,         0,         0,10005,   11,  101,2,                ,0010000,2, 1,         0,    0,1000000000000000000000000000000000000000,0000000000000000000000010000000000001000,         0,         0,         0,         0,1, 0, 0, 0,4383207                       ,    0,         0,0,20190122 14:59:34,3243                          , 9999, 9999, 9999,  101,32767,     0,     0
 ED5.2,1050                          ,1055                          ,                    ,1318      ,                ,  101,                    ,                              ,14,0,20190122 14:59:34,    0,         0,         0,65535,65535, 9999,2,                ,0000000,0, 0,         0,    0,0000000000000000000000000000000000000000,0000000000000000000000000000000000000000,         0,         0,         0,         0,1, 0, 0, 0,1050                          ,    0,         0,0,20190122 14:59:34,1055                          ,  101, 9999,  101,  101,    0,     0,     0
 ED5.2,2010                          ,2038                          ,                    ,4318      ,                ,  101,                    ,                              ,14,0,20190122 14:59:37,    0,         0,        44,65535,65535, 9999,2,                ,0000000,0, 0,         0,    0,0000000000000000000000000000000000000000,0000000000000000000000000000000000000000,         0,         0,         0,         0,1, 0, 0, 0,2010                          ,    0,        44,0,20190122 14:58:53,2038                          ,  101, 9999,  101,  101,    0,     0,     0
 ED5.2,3503                          ,3379                          ,                    ,1466      ,                ,  101,                    ,                              ,14,0,20190122 14:59:38,    0,         0,        39,65535,65535, 9999,2,                ,0000000,0, 0,         0,    0,0000000000000000000000000000000000000000,0000000000000000000000000000000000000000,         0,         0,         0,         0,1, 0, 0, 0,3503                          ,    0,        39,0,20190122 14:58:59,3379                          ,  101, 9999,  101,  101,    0,     0,     0
 ED5.2,663142695638                  ,3379                          ,KAREN LIZETH POR    ,1466      ,                ,  101,                    ,                              , 4,2,20190122 14:59:40,    0,         0,        44,10871,   82,  101,2,                ,0000000,2, 0,         0,    0,0000000000000000000000000000000000000000,0000000000000000000000010000000000000000,         0,         0,         0,         0,1, 0, 0, 0,7634                          ,   44,         1,1,20190122 14:58:56,                              , 9999, 9999, 9999, 9999,32767,     0,     0
 ED5.2,1216                          ,1600                          ,                    ,1635      ,                ,  101,                    ,                              ,14,0,20190122 14:59:40,    0,         0,       136,65535,65535, 9999,2,                ,0000000,0, 0,         0,    0,0000000000000000000000000000000000000000,0000000000000000000000000000000000000000,         0,         0,         0,         0,1, 0, 0, 0,1216                          ,    0,       136,0,20190122 14:57:24,1600                          ,  101, 9999,  101,  101,    0,     0,     0
 ED5.2,5119                          ,5142                          ,                    ,3638      ,                ,  101,                    ,                              ,14,0,20190122 14:59:41,    0,         0,        64,65535,65535, 9999,2,                ,0000000,0, 0,         0,    0,0000000000000000000000000000000000000000,0000000000000000000000000000000000000000,         0,         0,         0,         0,1, 0, 0, 0,5119                          ,    0,        64,0,20190122 14:58:37,5142                          ,  101, 9999,  101,  101,    0,     0,     0
 ED5.2,4077                          ,4017                          ,                    ,2843      ,                ,  101,                    ,                              ,14,0,20190122 14:59:43,    0,         0,       224,65535,65535, 9999,2,                ,0000000,0, 0,         0,    0,0000000000000000000000000000000000000000,0000000000000000000000000000000000000000,         0,         0,         0,         0,1, 0, 0, 0,4077                          ,    0,       224,0,20190122 14:55:59,4017                          ,  101, 9999,  101,  101,    0,     0,     0
 ED5.2,1206                          ,1199                          ,                    ,1949      ,                ,  101,                    ,                              ,14,0,20190122 14:59:44,    0,         0,         0,65535,65535, 9999,2,                ,0000000,0, 0,         0,    0,0000000000000000000000000000000000000000,0000000000000000000000000000000000000000,         0,         0,         0,         0,1, 0, 0, 0,1206                          ,    0,         0,0,20190122 14:59:44,1199                          ,  101, 9999,  101,  101,    0,     0,     0
 ED5.2,663012246186                  ,FS015                         ,SIPMED F            ,          ,                ,  101,                    ,                              , 4,2,20190122 14:59:44,    0,         0,         2,10455,   15,  101,2,                ,0000000,2, 0,         0,    0,0000000000000000000000000000000000000000,0000000000000000000000010000000000000000,         0,         0,         0,         0,1, 0, 0, 0,A800                          ,    2,         0,0,20190122 14:59:42,                              , 9999, 9999, 9999, 9999,32767,     0,     0
 ED5.2,1113                          ,1199                          ,                    ,1949      ,                ,  101,                    ,                              ,14,0,20190122 14:59:45,    0,         0,         0,65535,65535, 9999,2,                ,0000000,0, 0,         0,    0,0000000000000000000000000000000000000000,0000000000000000000000000000000000000000,         0,         0,         0,         0,1, 0, 0, 0,1206                          ,    0,         0,1,20190122 14:59:45,1199                          ,  101, 9999,  101,  101,    0,     0,     0
 ED5.2,1775                          ,1573                          ,                    ,1952      ,                ,  101,                    ,                              , 3,0,20190122 14:59:45,    0,         0,        89,65535,65535, 9999,2,                ,0000000,0, 0,         0,    0,0000000000000000000000000000000000000000,0000000000000000000000000000000000000000,         0,         0,         0,         0,1, 0, 0, 0,7777                          ,    0,        89,0,20190122 14:58:16,1573                          ,  101, 9999,  101,  101,    0,     0,     0
 ED5.2,3224                          ,3704                          ,                    ,5466      ,                ,  101,                    ,                              ,14,0,20190122 14:59:46,    0,         0,         0,65535,65535, 9999,2,                ,0000000,0, 0,         0,    0,0000000000000000000000000000000000000000,0000000000000000000000000000000000000000,         0,         0,         0,         0,1, 0, 0, 0,3224                          ,    0,         0,0,20190122 14:59:46,3704                          ,  101, 9999,  101,  101,    0,     0,     0
 ED5.2,3616                          ,1789                          ,                    ,1945      ,                ,  101,                    ,                              ,14,0,20190122 14:59:46,    0,         0,         0,65535,65535, 9999,2,                ,0000000,0, 0,         0,    0,0000000000000000000000000000000000000000,0000000000000000000000000000000000000000,         0,         0,         0,         0,1, 0, 0, 0,3616                          ,    0,         0,0,20190122 14:59:46,1789                          ,  101, 9999,  101,  101,    0,     0,     0
 ED5.2,1261                          ,1573                          ,                    ,1952      ,                ,  101,                    ,                              ,14,0,20190122 14:59:48,    0,         0,         0,65535,65535, 9999,2,                ,0000000,0, 0,         0,    0,0000000000000000000000000000000000000000,0000000000000000000000000000000000000000,         0,         0,         0,         0,1, 0, 0, 0,1261                          ,    0,         0,0,20190122 14:59:48,1573                          ,  101, 9999,  101,  101,    0,     0,     0
 ED5.2,1140                          ,1212                          ,JORGE IVAN MARIN    ,1952      ,                ,  101,                    ,                              , 4,2,20190122 14:59:50,    0,         0,       110,  134,   20,  101,2,                ,0000000,3, 0,         0,    0,0000000000000000000000000000000000000000,0000000000000000000000010000000000000000,         0,         0,         0,         0,1, 0, 0, 0,A800                          ,  111,         0,1,20190122 14:58:00,                              , 9999, 9999, 9999, 9999,32767,     0,     0
 ED5.2,663043568468                  ,FS015                         ,SIPMED F            ,          ,                ,  101,                    ,                              , 4,2,20190122 14:59:51,    0,         0,        25,10450,   15,  101,2,                ,0000000,2, 0,         0,    0,0000000000000000000000000000000000000000,0000000000000000000000010000000000000000,         0,         0,         0,         0,1, 0, 0, 0,A800                          ,   25,         0,0,20190122 14:59:26,                              , 9999, 9999, 9999, 9999,32767,     0,     0
 ED5.2,663017270936                  ,FS082                         ,SIPsalida           ,          ,                ,  101,                    ,                              , 4,2,20190122 14:59:51,    0,         0,        10,10870,   82,  101,2,                ,0000000,2, 0,         0,    0,0000000000000000000000000000000000000000,0000000000000000000000010000000000000000,         0,         0,         0,         0,1, 0, 0, 0,A900                          ,   11,         0,0,20190122 14:59:41,                              , 9999, 9999, 9999, 9999,32767,     0,     0
 ED5.2,1261                          ,1573                          ,                    ,1952      ,                ,  101,                    ,                              ,14,0,20190122 14:59:52,    0,         0,         0,65535,65535, 9999,2,                ,0000000,0, 0,         0,    0,0000000000000000000000000000000000000000,0000000000000000000000000000000000000000,         0,         0,         0,         0,1, 0, 0, 0,1261                          ,    0,         0,0,20190122 14:59:52,1573                          ,  101, 9999,  101,  101,    0,     0,     0
 ED5.2,1261                          ,1573                          ,                    ,1952      ,                ,  101,                    ,                              ,14,0,20190122 14:59:55,    0,         0,         0,65535,65535, 9999,2,                ,0000000,0, 0,         0,    0,0000000000000000000000000000000000000000,0000000000000000000000000000000000000000,         0,         0,         0,         0,1, 0, 0, 0,1261                          ,    0,         0,0,20190122 14:59:55,1573                          ,  101, 9999,  101,  101,    0,     0,     0
 ED5.2,1584                          ,3155                          ,                    ,1377      ,                ,  101,                    ,                              ,14,0,20190122 14:59:55,    0,         0,        47,65535,65535, 9999,2,                ,0000000,0, 0,         0,    0,0000000000000000000000000000000000000000,0000000000000000000000000000000000000000,         0,         0,         0,         0,1, 0, 0, 0,1584                          ,    0,        47,0,20190122 14:59:08,3155                          ,  101, 9999,  101,  101,    0,     0,     0
 ED5.2,6445700                       ,1304                          ,ANDRES FELIP YAG    ,1632      ,                ,  101,                    ,                              , 4,2,20190122 14:59:56,    0,         0,       206,  131,   20,  101,2,                ,0000000,3, 0,         0,    0,0000000000000000000000000000000000000000,0000000000000000000000010000000000000000,         0,         0,         0,         0,1, 0, 0, 0,A800                          ,   19,       188,0,20190122 14:56:30,                              , 9999, 9999, 9999, 9999,32767,     0,     0
 ED5.2,1050                          ,1055                          ,                    ,1318      ,                ,  101,                    ,                              ,14,0,20190122 14:59:56,    0,         0,         0,65535,65535, 9999,2,                ,0000000,0, 0,         0,    0,0000000000000000000000000000000000000000,0000000000000000000000000000000000000000,         0,         0,         0,         0,1, 0, 0, 0,1050                          ,    0,         0,0,20190122 14:59:56,1055                          ,  101, 9999,  101,  101,    0,     0,     0
 ED5.2,1208                          ,1016                          ,                    ,1635      ,                ,  101,                    ,                              ,14,0,20190122 14:59:56,    0,         0,       392,65535,65535, 9999,2,                ,0000000,0, 0,         0,    0,0000000000000000000000000000000000000000,0000000000000000000000000000000000000000,         0,         0,         0,         0,1, 0, 0, 0,1208                          ,    0,       392,0,20190122 14:53:24,1016                          ,  101, 9999,  101,  101,    0,     0,     0
 ED5.2,4801741                       ,1600                          ,RECEPCION COUNTR    ,1635      ,                ,  101,                    ,                              , 0,2,20190122 14:59:57,    0,         0,         0,10871,   82,  101,2,                ,0010000,2, 1,         0,    0,1000000000000000000000000000000000000000,0000000000000000000000010000000000001000,         0,         0,         0,         0,1, 0, 0, 0,4801741                       ,    0,         0,0,20190122 14:59:57,1600                          , 9999, 9999, 9999,  101,32767,     0,     0
 ED5.2,1556                          ,3338                          ,                    ,1979      ,                ,  101,                    ,                              ,14,0,20190122 14:59:57,    0,         0,         0,65535,65535, 9999,2,                ,0000000,0, 0,         0,    0,0000000000000000000000000000000000000000,0000000000000000000000000000000000000000,         0,         0,         0,         0,1, 0, 0, 0,1556                          ,    0,         0,0,20190122 14:59:57,3338                          ,  101, 9999,  101,  101,    0,     0,     0
 ED5.2,1200                          ,1388                          ,                    ,1952      ,                ,  101,                    ,                              ,14,0,20190122 14:59:59,    0,         0,        36,65535,65535, 9999,2,                ,0000000,0, 0,         0,    0,0000000000000000000000000000000000000000,0000000000000000000000000000000000000000,         0,         0,         0,         0,1, 0, 0, 0,1200                          ,    0,        36,0,20190122 14:59:23,1388                          ,  101, 9999,  101,  101,    0,     0,     0
 ED5.2,5139                          ,5142                          ,                    ,3638      ,                ,  101,                    ,                              ,14,0,20190122 14:59:59,    0,         0,         0,65535,65535, 9999,2,                ,0000000,0, 0,         0,    0,0000000000000000000000000000000000000000,0000000000000000000000000000000000000000,         0,         0,         0,         0,1, 0, 0, 0,5139                          ,    0,         0,0,20190122 14:59:59,5142                          ,  101, 9999,  101,  101,    0,     0,     0
 ED5.2,1585                          ,1357                          ,                    ,1632      ,                ,  101,                    ,                              ,14,0,20190122 14:59:59,    0,         0,         0,65535,65535, 9999,2,                ,0000000,0, 0,         0,    0,0000000000000000000000000000000000000000,0000000000000000000000000000000000000000,         0,         0,         0,         0,1, 0, 0, 0,1585                          ,    0,         0,0,20190122 14:59:59,1357                          ,  101, 9999,  101,  101,    0,     0,     0
 ED5.2,3115                          ,3704                          ,                    ,5466      ,                ,  101,                    ,                              ,14,0,20190122 15:00:01,    0,         0,         0,65535,65535, 9999,2,                ,0000000,0, 0,         0,    0,0000000000000000000000000000000000000000,0000000000000000000000000000000000000000,         0,         0,         0,         0,1, 0, 0, 0,3224                          ,    0,         0,1,20190122 15:00:01,3704                          ,  101, 9999,  101,  101,    0,     0,     0
