 ED5.2,                              ,FS020                         ,ETB                 ,          ,                ,  101,                    ,                              , 4,2,20190112 07:25:06,    0,         0,         3,  120,   20,  101,2,                ,0000000,3, 0,         0,    0,0000000000000000000000000000000000000000,0000000000000000000000010000000000000000,         0,         0,         0,         0,1, 0, 0, 0,A800                          ,    3,         0,0,20190112 07:25:03,                              , 9999, 9999, 9999, 9999,32767,     0,     0
 ED5.2,                              ,FS082                         ,SIPsalida           ,          ,                ,  101,                    ,                              , 4,2,20190112 07:26:25,    0,         0,         3,10865,   82,  101,2,                ,0000000,2, 0,         0,    0,0000000000000000000000000000000000000000,0000000000000000000000010000000000000000,         0,         0,         0,         0,1, 0, 0, 0,A500                          ,    4,         0,0,20190112 07:26:22,                              , 9999, 9999, 9999, 9999,32767,     0,     0
 ED5.2,663163835901                  ,FS020                         ,ETB                 ,          ,                ,  101,                    ,                              , 4,2,20190112 07:29:55,    0,         0,         4,  120,   20,  101,2,                ,0000000,3, 0,         0,    0,0000000000000000000000000000000000000000,0000000000000000000000010000000000000000,         0,         0,         0,         0,1, 0, 0, 0,A800                          ,    4,         0,0,20190112 07:29:51,                              , 9999, 9999, 9999, 9999,32767,     0,     0
 ED5.2,                              ,FS020                         ,ETB                 ,          ,                ,  101,                    ,                              , 4,2,20190112 07:30:48,    0,         0,         3,  120,   20,  101,2,                ,0000000,3, 0,         0,    0,0000000000000000000000000000000000000000,0000000000000000000000010000000000000000,         0,         0,         0,         0,1, 0, 0, 0,A800                          ,    4,         0,0,20190112 07:30:45,                              , 9999, 9999, 9999, 9999,32767,     0,     0
 ED5.2,663163835901                  ,FS020                         ,ETB                 ,          ,                ,  101,                    ,                              , 4,2,20190112 07:33:17,    0,         0,         4,  120,   20,  101,2,                ,0000000,3, 0,         0,    0,0000000000000000000000000000000000000000,0000000000000000000000010000000000000000,         0,         0,         0,         0,1, 0, 0, 0,A800                          ,    5,         0,0,20190112 07:33:13,                              , 9999, 9999, 9999, 9999,32767,     0,     0
 ED5.2,                              ,FS020                         ,ETB                 ,          ,                ,  101,                    ,                              , 4,2,20190112 07:36:27,    0,         0,         4,  120,   20,  101,2,                ,0000000,3, 0,         0,    0,0000000000000000000000000000000000000000,0000000000000000000000010000000000000000,         0,         0,         0,         0,1, 0, 0, 0,A800                          ,    4,         0,0,20190112 07:36:23,                              , 9999, 9999, 9999, 9999,32767,     0,     0
 ED5.2,88704711                      ,1216                          ,HARVEY DARIO ROD    ,1952      ,                ,  101,                    ,                              , 4,2,20190112 07:43:22,    0,         0,        34,  120,   20,  101,2,                ,0000000,3, 0,         0,    0,0000000000000000000000000000000000000000,0000000000000000000000010000000000000000,         0,         0,         0,         0,1, 0, 0, 0,A800                          ,   35,         0,1,20190112 07:42:48,                              , 9999, 9999, 9999, 9999,32767,     0,     0
 ED5.2,663153960499                  ,1491                          ,JAIME MORALES       ,1528      ,                ,  101,                    ,                              , 4,2,20190112 07:50:54,    0,         0,       165,  120,   20,  101,2,                ,0000000,3, 0,         0,    0,0000000000000000000000000000000000000000,0000000000000000000000010000000000000000,         0,         0,         0,         0,1, 0, 0, 0,A800                          ,  165,         0,1,20190112 07:48:09,                              , 9999, 9999, 9999, 9999,32767,     0,     0
 ED5.2,663164467923                  ,1077                          ,NANCY MARIA HUER    ,1635      ,                ,  101,                    ,                              , 4,2,20190112 07:54:42,    0,         0,        41,  120,   20,  101,2,                ,0000000,2, 1,         0,    0,0000000000000000000000000000000000000000,0000000000000000000000010000000000000000,         0,         0,         0,         0,1, 0, 0, 0,A800                          ,   42,         0,1,20190112 07:54:01,                              , 9999, 9999, 9999, 9999,32767,     0,     0
 ED5.2,663218031097                  ,FS082                         ,SIPsalida           ,          ,                ,  101,                    ,                              , 4,2,20190112 07:55:52,    0,         0,         4,10865,   82,  101,2,                ,0000000,2, 0,         0,    0,0000000000000000000000000000000000000000,0000000000000000000000010000000000000000,         0,         0,         0,         0,1, 0, 0, 0,A500                          ,    5,         0,0,20190112 07:55:48,                              , 9999, 9999, 9999, 9999,32767,     0,     0
 ED5.2,4816                          ,4816                          ,JUAN CAMILO SERN    ,1091      ,                ,  101,                    ,                              , 2,2,20190112 07:58:57,    0,         0,     86392,   65,   12,  101,2,                ,0010000,2, 0,         0,    0,0000000000000000000000000000000000000000,0000010000000000000000000000000000000000,         0,         0,         0,         0,1, 0, 0, 0,                              ,    0,         0,0,20190111 07:59:05,                              , 9999, 9999, 9999, 9999,32767,     0,     0
 ED5.2,6461400                       ,4816                          ,JUAN CAMILO SERN    ,1091      ,                ,  101,                    ,                              , 9,2,20190112 07:58:57,    0,         0,     86401,10871,   82,  101,2,                ,0000000,2, 0,         0,    0,0000000000000000000000000000000000000000,0000010000000000000000000000000000000000,         0,         0,         0,         0,1, 0, 0, 0,A500                          ,   10,     86392,1,20190111 07:58:56,                              , 9999, 9999, 9999, 9999,32767,     0,     0
