 ED5.2,1624                          ,1651                          ,                    ,1425      ,                ,  101,                    ,                              ,14,0,20181130 08:00:09,    0,         0,         0,65535,65535, 9999,2,                ,0000000,0, 0,         0,    0,0000000000000000000000000000000000000000,0000000000000000000000000000000000000000,         0,         0,         0,         0,1, 0, 0, 0,1624                          ,    0,         0,0,20181130 08:00:09,1651                          ,  101, 9999,  101,  101,    0,     0,     0
 ED5.2,1000                          ,3615                          ,                    ,3674      ,                ,  101,                    ,                              ,14,0,20181130 08:00:11,    0,         0,        32,65535,65535, 9999,2,                ,0000000,0, 0,         0,    0,0000000000000000000000000000000000000000,0000000000000000000000000000000000000000,         0,         0,         0,         0,1, 0, 0, 0,1000                          ,    0,        32,0,20181130 07:59:39,3615                          ,  101, 9999,  101,  101,    0,     0,     0
 ED5.2,3396                          ,1550                          ,                    ,1112      ,                ,  101,                    ,                              ,14,0,20181130 08:00:12,    0,         0,         0,65535,65535, 9999,2,                ,0000000,0, 0,         0,    0,0000000000000000000000000000000000000000,0000000000000000000000000000000000000000,         0,         0,         0,         0,1, 0, 0, 0,3177                          ,    0,         0,1,20181130 08:00:12,1550                          ,  101, 9999,  101,  101,    0,     0,     0
 ED5.2,88                            ,1550                          ,                    ,1112      ,                ,  101,                    ,                              ,14,0,20181130 08:00:14,    0,         0,         2,65535,65535, 9999,2,                ,0000000,0, 0,         0,    0,0000000000000000000000000000000000000000,0000000000000000000000000000000000000000,         0,         0,         0,         0,1, 0, 0, 0,3177                          ,    0,         2,1,20181130 08:00:12,1550                          ,  101, 9999,  101,  101,    0,     0,     0
 ED5.2,2010                          ,3500                          ,                    ,4675      ,                ,  101,                    ,                              ,14,0,20181130 08:00:21,    0,         0,        29,65535,65535, 9999,2,                ,0000000,0, 0,         0,    0,0000000000000000000000000000000000000000,0000000000000000000000000000000000000000,         0,         0,         0,         0,1, 0, 0, 0,2010                          ,    0,        29,0,20181130 07:59:52,3500                          ,  101, 9999,  101,  101,    0,     0,     0
 ED5.2,1090                          ,1028                          ,                    ,1425      ,                ,  101,                    ,                              ,14,0,20181130 08:00:27,    0,         0,         0,65535,65535, 9999,2,                ,0000000,0, 0,         0,    0,0000000000000000000000000000000000000000,0000000000000000000000000000000000000000,         0,         0,         0,         0,1, 0, 0, 0,1090                          ,    0,         0,0,20181130 08:00:27,1028                          ,  101, 9999,  101,  101,    0,     0,     0
 ED5.2,3217                          ,3245                          ,                    ,1673      ,                ,  101,                    ,                              ,14,0,20181130 08:00:28,    0,         0,         0,65535,65535, 9999,2,                ,0000000,0, 0,         0,    0,0000000000000000000000000000000000000000,0000000000000000000000000000000000000000,         0,         0,         0,         0,1, 0, 0, 0,3217                          ,    0,         0,0,20181130 08:00:28,3245                          ,  101, 9999,  101,  101,    0,     0,     0
 ED5.2,1832                          ,1063                          ,                    ,1949      ,                ,  101,                    ,                              ,14,0,20181130 08:00:28,    0,         0,        23,65535,65535, 9999,2,                ,0000000,0, 0,         0,    0,0000000000000000000000000000000000000000,0000000000000000000000000000000000000000,         0,         0,         0,         0,1, 0, 0, 0,1832                          ,    0,        23,0,20181130 08:00:05,1063                          ,  101, 9999,  101,  101,    0,     0,     0
 ED5.2,1000                          ,1737                          ,                    ,1635      ,                ,  101,                    ,                              ,14,0,20181130 08:00:29,    0,         0,        17,65535,65535, 9999,2,                ,0000000,0, 0,         0,    0,0000000000000000000000000000000000000000,0000000000000000000000000000000000000000,         0,         0,         0,         0,1, 0, 0, 0,1000                          ,    0,        17,0,20181130 08:00:12,1737                          ,  101, 9999,  101,  101,    0,     0,     0
 ED5.2,7777                          ,1494                          ,                    ,1635      ,                ,  101,                    ,                              , 3,0,20181130 08:00:29,    0,         0,         0,65535,65535, 9999,2,                ,0000000,0, 0,         0,    0,0000000000000000000000000000000000000000,0000000000000000000000000000000000000000,         0,         0,         0,         0,1, 0, 0, 0,7777                          ,    0,         0,0,20181130 08:00:29,1494                          ,  101, 9999,  101,  101,    0,     0,     0
 ED5.2,1161                          ,1028                          ,                    ,1425      ,                ,  101,                    ,                              ,14,0,20181130 08:00:30,    0,         0,         3,65535,65535, 9999,2,                ,0000000,0, 0,         0,    0,0000000000000000000000000000000000000000,0000000000000000000000000000000000000000,         0,         0,         0,         0,1, 0, 0, 0,1090                          ,    0,         3,0,20181130 08:00:27,1028                          ,  101, 9999,  101,  101,    0,     0,     0
 ED5.2,88                            ,3245                          ,                    ,1673      ,                ,  101,                    ,                              ,14,0,20181130 08:00:30,    0,         0,         2,65535,65535, 9999,2,                ,0000000,0, 0,         0,    0,0000000000000000000000000000000000000000,0000000000000000000000000000000000000000,         0,         0,         0,         0,1, 0, 0, 0,3217                          ,    0,         2,1,20181130 08:00:28,3245                          ,  101, 9999,  101,  101,    0,     0,     0
 ED5.2,6695008                       ,1166                          ,JAVIER FELIP GUE    ,1952      ,                ,  101,                    ,                              , 0,2,20181130 08:00:44,    0,         0,        68, 1979,   11,  101,2,                ,0010000,2, 1,         0,    0,1000000000000000000000000000000000000000,0000000000000000000000010000000000001000,         0,         0,         0,         0,1, 0, 0, 0,6695008                       ,    0,         0,0,20181130 07:59:36,1166                          , 9999, 9999, 9999,  101,32767,     0,     0
 ED5.2,5100                          ,5152                          ,                    ,3635      ,                ,  101,                    ,                              ,14,0,20181130 08:00:45,    0,         0,        16,65535,65535, 9999,2,                ,0000000,0, 0,         0,    0,0000000000000000000000000000000000000000,0000000000000000000000000000000000000000,         0,         0,         0,         0,1, 0, 0, 0,5100                          ,    0,        16,0,20181130 08:00:29,5152                          ,  101, 9999,  101,  101,    0,     0,     0
 ED5.2,3460                          ,1328                          ,JULIAN DAVID SUA    ,1952      ,                ,  101,                    ,                              , 4,2,20181130 08:00:45,    0,         0,       106,  123,   20,  101,2,                ,0000000,3, 0,         0,    0,0000000000000000000000000000000000000000,0000000000000000000000010000000000000000,         0,         0,         0,         0,1, 0, 0, 0,A800                          ,  106,         0,1,20181130 07:58:59,                              , 9999, 9999, 9999, 9999,32767,     0,     0
 ED5.2,1000                          ,1332                          ,                    ,1635      ,                ,  101,                    ,                              ,14,0,20181130 08:00:52,    0,         0,         0,65535,65535, 9999,2,                ,0000000,0, 0,         0,    0,0000000000000000000000000000000000000000,0000000000000000000000000000000000000000,         0,         0,         0,         0,1, 0, 0, 0,1000                          ,    0,         0,0,20181130 08:00:52,1332                          ,  101, 9999,  101,  101,    0,     0,     0
 ED5.2,6051272                       ,8013                          ,LAIDY JOHANN RAM    ,6949      ,                ,  101,                    ,                              , 0,1,20181130 08:00:55,    0,         0,         0,  402,   80,  101,2,                ,0010000,0, 0,         0,    0,0000000000000000000000000000000000000000,0000000000000000000000010000000000001000,         0,         0,         0,         0,1, 0, 0, 0,6051272                       ,    0,         0,0,20181130 08:00:55,8013                          , 9999, 9999, 9999,  101,32767,     0,     0
 ED5.2,1857                          ,1874                          ,                    ,1425      ,                ,  101,                    ,                              ,14,0,20181130 08:00:56,    0,         0,         0,65535,65535, 9999,2,                ,0000000,0, 0,         0,    0,0000000000000000000000000000000000000000,0000000000000000000000000000000000000000,         0,         0,         0,         0,1, 0, 0, 0,1857                          ,    0,         0,0,20181130 08:00:56,1874                          ,  101, 9999,  101,  101,    0,     0,     0
 ED5.2,6051272                       ,8013                          ,LAIDY JOHANN RAM    ,6949      ,                ,  101,                    ,                              , 0,1,20181130 08:01:05,    0,         0,         0,  526,   80,  101,2,                ,0010000,0, 0,         0,    0,0000000000000000000000000000000000000000,0000000000000000000000010000000000001000,         0,         0,         0,         0,1, 0, 0, 0,6051272                       ,    0,         0,0,20181130 08:01:05,8013                          , 9999, 9999, 9999,  101,32767,     0,     0
 ED5.2,1787                          ,1623                          ,                    ,1425      ,                ,  101,                    ,                              , 3,0,20181130 08:01:05,    0,         0,        52,65535,65535, 9999,2,                ,0000000,0, 0,         0,    0,0000000000000000000000000000000000000000,0000000000000000000000000000000000000000,         0,         0,         0,         0,1, 0, 0, 0,7777                          ,    0,        52,0,20181130 08:00:13,1623                          ,  101, 9999,  101,  101,    0,     0,     0
 ED5.2,7777                          ,1494                          ,                    ,1635      ,                ,  101,                    ,                              , 3,0,20181130 08:01:12,    0,         0,         0,65535,65535, 9999,2,                ,0000000,0, 0,         0,    0,0000000000000000000000000000000000000000,0000000000000000000000000000000000000000,         0,         0,         0,         0,1, 0, 0, 0,7777                          ,    0,         0,0,20181130 08:01:12,1494                          ,  101, 9999,  101,  101,    0,     0,     0
 ED5.2,1637                          ,1600                          ,                    ,1635      ,                ,  101,                    ,                              ,14,0,20181130 08:01:14,    0,         0,         5,65535,65535, 9999,2,                ,0000000,0, 0,         0,    0,0000000000000000000000000000000000000000,0000000000000000000000000000000000000000,         0,         0,         0,         0,1, 0, 0, 0,1637                          ,    0,         5,0,20181130 08:01:09,1600                          ,  101, 9999,  101,  101,    0,     0,     0
 ED5.2,3200                          ,3130                          ,                    ,1979      ,                ,  101,                    ,                              ,14,0,20181130 08:01:17,    0,         0,        17,65535,65535, 9999,2,                ,0000000,0, 0,         0,    0,0000000000000000000000000000000000000000,0000000000000000000000000000000000000000,         0,         0,         0,         0,1, 0, 0, 0,3200                          ,    0,        17,0,20181130 08:01:00,3130                          ,  101, 9999,  101,  101,    0,     0,     0
 ED5.2,4023                          ,4000                          ,                    ,2952      ,                ,  101,                    ,                              ,14,0,20181130 08:01:23,    0,         0,         0,65535,65535, 9999,2,                ,0000000,0, 0,         0,    0,0000000000000000000000000000000000000000,0000000000000000000000000000000000000000,         0,         0,         0,         0,1, 0, 0, 0,4023                          ,    0,         0,0,20181130 08:01:23,4000                          ,  101, 9999,  101,  101,    0,     0,     0
 ED5.2,------------------------------,******************************,                    ,**********,                ,  101,                    ,******************************, 4,2,20181130 08:01:25,    0,         0,        22, 2849,   82,  101,2,                ,0000000,2, 0,         0,    0,0000000000000000000000000000000000000000,0000000000000000000000010000000000000000,         0,         0,         0,         0,1, 0, 0, 0,------------------------------,   16,         6,1,20181130 08:01:03,******************************, 9999, 9999, 9999, 9999,32767,     0,     0
 ED5.2,                              ,3600                          ,RECEPCION BARRAN    ,3675      ,                ,  101,                    ,                              , 4,1,20181130 08:01:28,    0,         0,       336,   94,   91,  101,2,                ,0000000,0, 0,         0,    0,0000000000000000000000000000000000000000,0000000000000000000000010000000000000000,         0,         0,         0,         0,1, 0, 0, 0,                              ,  336,         1,1,20181130 07:55:52,                              , 9999, 9999, 9999, 9999,32767,     0,     0
 ED5.2,1303                          ,1161                          ,                    ,1110      ,                ,  101,                    ,                              ,14,0,20181130 08:01:28,    0,         0,         0,65535,65535, 9999,2,                ,0000000,0, 0,         0,    0,0000000000000000000000000000000000000000,0000000000000000000000000000000000000000,         0,         0,         0,         0,1, 0, 0, 0,1303                          ,    0,         0,0,20181130 08:01:28,1161                          ,  101, 9999,  101,  101,    0,     0,     0
 ED5.2,88                            ,1161                          ,                    ,1110      ,                ,  101,                    ,                              ,14,0,20181130 08:01:30,    0,         0,         2,65535,65535, 9999,2,                ,0000000,0, 0,         0,    0,0000000000000000000000000000000000000000,0000000000000000000000000000000000000000,         0,         0,         0,         0,1, 0, 0, 0,1303                          ,    0,         2,1,20181130 08:01:28,1161                          ,  101, 9999,  101,  101,    0,     0,     0
 ED5.2,3077171                       ,1013                          ,FRANK ALEXAN MAT    ,1635      ,                ,  101,                    ,                              , 0,2,20181130 08:01:30,    0,         0,       116, 1978,   11,  101,2,                ,0010000,2, 1,         0,    0,1000000000000000000000000000000000000000,0000000000000000000000010000000000001000,         0,         0,         0,         0,1, 0, 0, 0,3077171                       ,    0,         0,0,20181130 07:59:34,1013                          , 9999, 9999, 9999,  101,32767,     0,     0
 ED5.2,3460707                       ,1166                          ,JAVIER FELIP GUE    ,1952      ,                ,  101,                    ,                              , 0,2,20181130 08:01:30,    0,         0,        38, 1979,   11,  101,2,                ,0010000,2, 1,         0,    0,1000000000000000000000000000000000000000,0000000000000000000000010000000000001000,         0,         0,         0,         0,1, 0, 0, 0,3460707                       ,    0,         0,0,20181130 08:00:52,1166                          , 9999, 9999, 9999,  101,32767,     0,     0
 ED5.2,4028                          ,4000                          ,                    ,2952      ,                ,  101,                    ,                              ,14,0,20181130 08:01:32,    0,         0,         0,65535,65535, 9999,2,                ,0000000,0, 0,         0,    0,0000000000000000000000000000000000000000,0000000000000000000000000000000000000000,         0,         0,         0,         0,1, 0, 0, 0,4023                          ,    0,         0,1,20181130 08:01:32,4000                          ,  101, 9999,  101,  101,    0,     0,     0
 ED5.2,1482                          ,1550                          ,                    ,1112      ,                ,  101,                    ,                              ,14,0,20181130 08:01:32,    0,         0,         0,65535,65535, 9999,2,                ,0000000,0, 0,         0,    0,0000000000000000000000000000000000000000,0000000000000000000000000000000000000000,         0,         0,         0,         0,1, 0, 0, 0,1482                          ,    0,         0,0,20181130 08:01:32,1550                          ,  101, 9999,  101,  101,    0,     0,     0
 ED5.2,4814                          ,4814                          ,LUIS FELIPE MORE    ,1086      ,                ,  101,                    ,                              , 2,2,20181130 08:01:37,    0,         0,        33,   66,   12,  101,2,                ,0010000,2, 1,         0,    0,0000000000000000000000000000000000000000,0000010000000000000000000000000000000000,         0,         0,         0,         0,1, 0, 0, 0,                              ,    0,         0,0,20181130 08:01:04,1375                          , 9999, 9999, 9999,  101,32767,     0,     0
 ED5.2,663104432295                  ,89                            ,89                  ,3466      ,                ,  101,                    ,                              , 4,2,20181130 08:01:39,    0,         0,        53,  121,   20,  101,2,                ,0000000,2, 1,         0,    0,0000000000000000000000000000000000000000,0000000000000000000000010000000000000000,         0,         0,         0,         0,1, 0, 0, 0,A800                          ,   46,         8,1,20181130 08:00:46,                              , 9999, 9999, 9999, 9999,32767,     0,     0
 ED5.2,A3951571101                   ,1044                          ,LUIS FELIPE DIAZ    ,1843      ,                ,  101,                    ,                              , 4,2,20181130 08:01:41,    0,         0,       273,  120,   20,  101,2,                ,0000000,2, 0,         0,    0,0000000000000000000000000000000000000000,0000000000000000000000010000000000000000,         0,         0,         0,         0,1, 0, 0, 0,A800                          ,   22,       251,0,20181130 07:57:08,                              , 9999, 9999, 9999, 9999,32767,     0,     0
 ED5.2,1584                          ,1109                          ,                    ,1949      ,                ,  101,                    ,                              ,14,0,20181130 08:01:44,    0,         0,         4,65535,65535, 9999,2,                ,0000000,0, 0,         0,    0,0000000000000000000000000000000000000000,0000000000000000000000000000000000000000,         0,         0,         0,         0,1, 0, 0, 0,1584                          ,    0,         4,0,20181130 08:01:40,1109                          ,  101, 9999,  101,  101,    0,     0,     0
 ED5.2,1584                          ,1109                          ,                    ,1949      ,                ,  101,                    ,                              ,14,0,20181130 08:01:46,    0,         0,         2,65535,65535, 9999,2,                ,0000000,0, 0,         0,    0,0000000000000000000000000000000000000000,0000000000000000000000000000000000000000,         0,         0,         0,         0,1, 0, 0, 0,1584                          ,    0,         2,0,20181130 08:01:44,1109                          ,  101, 9999,  101,  101,    0,     0,     0
 ED5.2,1050                          ,1055                          ,                    ,1318      ,                ,  101,                    ,                              ,14,0,20181130 08:01:54,    0,         0,        19,65535,65535, 9999,2,                ,0000000,0, 0,         0,    0,0000000000000000000000000000000000000000,0000000000000000000000000000000000000000,         0,         0,         0,         0,1, 0, 0, 0,1050                          ,    0,        19,0,20181130 08:01:35,1055                          ,  101, 9999,  101,  101,    0,     0,     0
 ED5.2,8016                          ,8013                          ,                    ,6949      ,                ,  101,                    ,                              ,14,0,20181130 08:01:58,    0,         0,        30,65535,65535, 9999,2,                ,0000000,0, 0,         0,    0,0000000000000000000000000000000000000000,0000000000000000000000000000000000000000,         0,         0,         0,         0,1, 0, 0, 0,8016                          ,    0,        30,0,20181130 08:01:28,8013                          ,  101, 9999,  101,  101,    0,     0,     0
 ED5.2,8143666                       ,3199                          ,PAULA YESENI PES    ,1979      ,                ,  101,                    ,                              , 0,2,20181130 08:01:59,    0,         0,       264, 1976,   11,  101,2,                ,0010000,2, 1,         0,    0,1000000000000000000000000000000000000000,0000000000000000000000010000000000001000,         0,         0,         0,         0,1, 0, 0, 0,8143666                       ,    0,         0,0,20181130 07:57:35,3199                          , 9999, 9999, 9999,  101,32767,     0,     0
 ED5.2,4862715                       ,3369                          ,SALA 9 CLIEN PIS    ,1675      ,                ,  101,                    ,                              , 0,2,20181130 08:02:04,    0,         0,        58, 2848,   82,  101,2,                ,0010000,2, 1,         0,    0,1000000000000000000000000000000000000000,0000000000000000000000010000000000001000,         0,         0,         0,         0,1, 0, 0, 0,4862715                       ,    0,         0,0,20181130 08:01:06,3369                          , 9999, 9999, 9999,  101,32767,     0,     0
 ED5.2,1859                          ,1874                          ,                    ,1425      ,                ,  101,                    ,                              ,14,0,20181130 08:02:06,    0,         0,        19,65535,65535, 9999,2,                ,0000000,0, 0,         0,    0,0000000000000000000000000000000000000000,0000000000000000000000000000000000000000,         0,         0,         0,         0,1, 0, 0, 0,1859                          ,    0,        19,0,20181130 08:01:47,1874                          ,  101, 9999,  101,  101,    0,     0,     0
 ED5.2,5158                          ,5160                          ,                    ,3952      ,                ,  101,                    ,                              ,14,0,20181130 08:02:08,    0,         0,         0,65535,65535, 9999,2,                ,0000000,0, 0,         0,    0,0000000000000000000000000000000000000000,0000000000000000000000000000000000000000,         0,         0,         0,         0,1, 0, 0, 0,5158                          ,    0,         0,0,20181130 08:02:08,5160                          ,  101, 9999,  101,  101,    0,     0,     0
 ED5.2,3390                          ,1787                          ,                    ,1945      ,                ,  101,                    ,                              ,14,0,20181130 08:02:08,    0,         0,        46,65535,65535, 9999,2,                ,0000000,0, 0,         0,    0,0000000000000000000000000000000000000000,0000000000000000000000000000000000000000,         0,         0,         0,         0,1, 0, 0, 0,3390                          ,    0,        46,0,20181130 08:01:22,1787                          ,  101, 9999,  101,  101,    0,     0,     0
 ED5.2,4820                          ,4820                          ,JULIA ISABEL BRA    ,1091      ,                ,  101,                    ,3131                          , 2,2,20181130 08:02:09,    0,         0,       613,   63,   12,  101,2,                ,0010000,2, 1,         0,    0,0000000000000000000000000000000000000000,0000010010000000000000000000000000000000,         0,         0,         0,         0,1, 0, 0, 0,                              ,    2,       613,0,20181130 07:51:56,1599                          , 9999, 9999, 9999,  101,32767,     0,     0
 ED5.2,1859                          ,1874                          ,                    ,1425      ,                ,  101,                    ,                              ,14,0,20181130 08:02:10,    0,         0,         0,65535,65535, 9999,2,                ,0000000,0, 0,         0,    0,0000000000000000000000000000000000000000,0000000000000000000000000000000000000000,         0,         0,         0,         0,1, 0, 0, 0,1859                          ,    0,         0,0,20181130 08:02:10,1874                          ,  101, 9999,  101,  101,    0,     0,     0
 ED5.2,5157                          ,5160                          ,                    ,3952      ,                ,  101,                    ,                              ,14,0,20181130 08:02:17,    0,         0,         8,65535,65535, 9999,2,                ,0000000,0, 0,         0,    0,0000000000000000000000000000000000000000,0000000000000000000000000000000000000000,         0,         0,         0,         0,1, 0, 0, 0,5158                          ,    0,         8,1,20181130 08:02:09,5160                          ,  101, 9999,  101,  101,    0,     0,     0
 ED5.2,4068                          ,4076                          ,                    ,2952      ,                ,  101,                    ,                              ,14,0,20181130 08:02:17,    0,         0,         0,65535,65535, 9999,2,                ,0000000,0, 0,         0,    0,0000000000000000000000000000000000000000,0000000000000000000000000000000000000000,         0,         0,         0,         0,1, 0, 0, 0,4068                          ,    0,         0,0,20181130 08:02:17,4076                          ,  101, 9999,  101,  101,    0,     0,     0
 ED5.2,7444480                       ,FS082                         ,SIPsalida           ,          ,                ,  101,                    ,                              , 4,2,20181130 08:02:23,    0,         0,         3, 2848,   82,  101,2,                ,0000000,2, 0,         0,    0,0000000000000000000000000000000000000000,0000000000000000000000010000000000000000,         0,         0,         0,         0,1, 0, 0, 0,A500                          ,    4,         0,0,20181130 08:02:20,                              , 9999, 9999, 9999, 9999,32767,     0,     0
 ED5.2,3406                          ,3400                          ,                    ,2675      ,                ,  101,                    ,                              ,14,0,20181130 08:02:34,    0,         0,         0,65535,65535, 9999,2,                ,0000000,0, 0,         0,    0,0000000000000000000000000000000000000000,0000000000000000000000000000000000000000,         0,         0,         0,         0,1, 0, 0, 0,3406                          ,    0,         0,0,20181130 08:02:34,3400                          ,  101, 9999,  101,  101,    0,     0,     0
 ED5.2,B3002001000                   ,FS200                         ,SIP MED VL          ,          ,                ,  101,                    ,                              ,13,0,20181130 08:02:34,    0,         0,       135, 3213,  200,  101,2,                ,0000000,2, 1,         0,    0,0000000000000000000000000000000000000000,0000000000000000000000010000000000000000,         0,         0,         0,         0,1, 0, 0, 0,7764                          ,   24,       111,1,20181130 08:00:19,                              , 9999, 9999, 9999, 9999,32767,     0,     0
 ED5.2,3236                          ,3104                          ,                    ,1979      ,                ,  101,                    ,                              ,14,0,20181130 08:02:38,    0,         0,       168,65535,65535, 9999,2,                ,0000000,0, 0,         0,    0,0000000000000000000000000000000000000000,0000000000000000000000000000000000000000,         0,         0,         0,         0,1, 0, 0, 0,3236                          ,    0,       168,0,20181130 07:59:50,3104                          ,  101, 9999,  101,  101,    0,     0,     0
 ED5.2,3239                          ,1057                          ,                    ,1112      ,                ,  101,                    ,                              ,14,0,20181130 08:02:39,    0,         0,         0,65535,65535, 9999,2,                ,0000000,0, 0,         0,    0,0000000000000000000000000000000000000000,0000000000000000000000000000000000000000,         0,         0,         0,         0,1, 0, 0, 0,3239                          ,    0,         0,0,20181130 08:02:39,1057                          ,  101, 9999,  101,  101,    0,     0,     0
 ED5.2,88                            ,1057                          ,                    ,1112      ,                ,  101,                    ,                              ,14,0,20181130 08:02:42,    0,         0,         3,65535,65535, 9999,2,                ,0000000,0, 0,         0,    0,0000000000000000000000000000000000000000,0000000000000000000000000000000000000000,         0,         0,         0,         0,1, 0, 0, 0,3239                          ,    0,         3,1,20181130 08:02:39,1057                          ,  101, 9999,  101,  101,    0,     0,     0
 ED5.2,3500                          ,3506                          ,                    ,4425      ,                ,  101,                    ,                              ,14,0,20181130 08:02:42,    0,         0,        15,65535,65535, 9999,2,                ,0000000,0, 0,         0,    0,0000000000000000000000000000000000000000,0000000000000000000000000000000000000000,         0,         0,         0,         0,1, 0, 0, 0,3500                          ,    0,        15,0,20181130 08:02:27,3506                          ,  101, 9999,  101,  101,    0,     0,     0
 ED5.2,5121                          ,1325                          ,                    ,1952      ,                ,  101,                    ,                              ,14,0,20181130 08:02:46,    0,         0,       211,65535,65535, 9999,2,                ,0000000,0, 0,         0,    0,0000000000000000000000000000000000000000,0000000000000000000000000000000000000000,         0,         0,         0,         0,1, 0, 0, 0,5121                          ,    0,       211,0,20181130 07:59:15,1325                          ,  101, 9999,  101,  101,    0,     0,     0
 ED5.2,663104432295                  ,FS020                         ,ETB                 ,          ,                ,  101,                    ,                              , 4,2,20181130 08:02:46,    0,         0,        45,  120,   20,  101,2,                ,0000000,2, 1,         0,    0,0000000000000000000000000000000000000000,0000000000000000000000010000000000000000,         0,         0,         0,         0,1, 0, 0, 0,A800                          ,   46,         0,0,20181130 08:02:01,                              , 9999, 9999, 9999, 9999,32767,     0,     0
 ED5.2,3466                          ,3400                          ,                    ,2675      ,                ,  101,                    ,                              ,14,0,20181130 08:02:47,    0,         0,         0,65535,65535, 9999,2,                ,0000000,0, 0,         0,    0,0000000000000000000000000000000000000000,0000000000000000000000000000000000000000,         0,         0,         0,         0,1, 0, 0, 0,3466                          ,    0,         0,0,20181130 08:02:47,3400                          ,  101, 9999,  101,  101,    0,     0,     0
 ED5.2,B2688422                      ,FS200                         ,SIP MED VL          ,          ,                ,  101,                    ,                              ,13,0,20181130 08:02:47,    0,         0,        61, 3214,  200,  101,2,                ,0000000,2, 1,         0,    0,0000000000000000000000000000000000000000,0000000000000000000000010000000000000000,         0,         0,         0,         0,1, 0, 0, 0,7764                          ,   49,        13,0,20181130 08:01:46,                              , 9999, 9999, 9999, 9999,32767,     0,     0
 ED5.2,3108223316                    ,2032                          ,FLORISBEL CIFUEN    ,4952      ,                ,  101,                    ,                              , 0,2,20181130 08:02:47,    0,         0,        40, 2324,   66,  101,2,                ,0010000,2, 1,         0,    0,1000000000000000000000000000000000000000,0000000000000000000000010000000000001000,         0,         0,         0,         0,1, 0, 0, 0,033108223316                  ,    0,         0,0,20181130 08:02:07,2032                          , 9999, 9999, 9999,  101,32767,     0,     0
 ED5.2,2090                          ,2020                          ,                    ,4635      ,                ,  101,                    ,                              ,14,0,20181130 08:02:53,    0,         0,         0,65535,65535, 9999,2,                ,0000000,0, 0,         0,    0,0000000000000000000000000000000000000000,0000000000000000000000000000000000000000,         0,         0,         0,         0,1, 0, 0, 0,2090                          ,    0,         0,0,20181130 08:02:53,2020                          ,  101, 9999,  101,  101,    0,     0,     0
 ED5.2,3149                          ,3133                          ,                    ,1086      ,                ,  101,                    ,                              ,14,0,20181130 08:02:53,    0,         0,        23,65535,65535, 9999,2,                ,0000000,0, 0,         0,    0,0000000000000000000000000000000000000000,0000000000000000000000000000000000000000,         0,         0,         0,         0,1, 0, 0, 0,3149                          ,    0,        23,0,20181130 08:02:30,3133                          ,  101, 9999,  101,  101,    0,     0,     0
 ED5.2,3217                          ,3199                          ,                    ,1979      ,                ,  101,                    ,                              ,14,0,20181130 08:02:57,    0,         0,         0,65535,65535, 9999,2,                ,0000000,0, 0,         0,    0,0000000000000000000000000000000000000000,0000000000000000000000000000000000000000,         0,         0,         0,         0,1, 0, 0, 0,3217                          ,    0,         0,0,20181130 08:02:57,3199                          ,  101, 9999,  101,  101,    0,     0,     0
 ED5.2,4115663                       ,1075                          ,MARIA CAMILA ARI    ,1741      ,                ,  101,                    ,                              , 0,2,20181130 08:02:58,    0,         0,        59, 2849,   82,  101,2,                ,0010000,2, 1,         0,    0,1000000000000000000000000000000000000000,0000000000000000000000010000000000001000,         0,         0,         0,         0,1, 0, 0, 0,4115663                       ,    0,         0,0,20181130 08:01:59,1075                          , 9999, 9999, 9999,  101,32767,     0,     0
 ED5.2,3723190                       ,3503                          ,IVETT PEREZ BO      ,4466      ,                ,  101,                    ,                              , 0,2,20181130 08:02:59,    0,         0,       241,  290,   62,  101,2,                ,0010000,2, 1,         0,    0,1000000000000000000000000000000000000000,0000000000000000000000010000000000001000,         0,         0,         0,         0,1, 0, 0, 0,3723190                       ,    0,         0,0,20181130 07:58:58,3503                          , 9999, 9999, 9999,  101,32767,     0,     0
 ED5.2,3264                          ,1599                          ,                    ,1635      ,                ,  101,                    ,                              ,14,0,20181130 08:03:00,    0,         0,        16,65535,65535, 9999,2,                ,0000000,0, 0,         0,    0,0000000000000000000000000000000000000000,0000000000000000000000000000000000000000,         0,         0,         0,         0,1, 0, 0, 0,3264                          ,    0,        16,0,20181130 08:02:44,1599                          ,  101, 9999,  101,  101,    0,     0,     0
 ED5.2,4028                          ,4072                          ,                    ,2952      ,                ,  101,                    ,                              ,14,0,20181130 08:03:02,    0,         0,        22,65535,65535, 9999,2,                ,0000000,0, 0,         0,    0,0000000000000000000000000000000000000000,0000000000000000000000000000000000000000,         0,         0,         0,         0,1, 0, 0, 0,4028                          ,    0,        22,0,20181130 08:02:40,4072                          ,  101, 9999,  101,  101,    0,     0,     0
 ED5.2,2065                          ,2020                          ,                    ,4635      ,                ,  101,                    ,                              ,14,0,20181130 08:03:05,    0,         0,         0,65535,65535, 9999,2,                ,0000000,0, 0,         0,    0,0000000000000000000000000000000000000000,0000000000000000000000000000000000000000,         0,         0,         0,         0,1, 0, 0, 0,2090                          ,    0,         0,1,20181130 08:03:05,2020                          ,  101, 9999,  101,  101,    0,     0,     0
 ED5.2,------------------------------,******************************,                    ,**********,                ,  101,                    ,******************************,13,0,20181130 08:03:07,    0,         0,        20, 3214,  200,  101,2,                ,0000000,2, 1,         0,    0,0000000000000000000000000000000000000000,0000000010000000000000010000000000000000,         0,         0,         0,         0,1, 0, 0, 0,------------------------------,   77,         5,1,20181130 08:01:46,******************************, 9999, 9999, 9999, 9999,32767,     0,     0
 ED5.2,1494                          ,3220                          ,                    ,1675      ,                ,  101,                    ,                              ,14,0,20181130 08:03:10,    0,         0,         0,65535,65535, 9999,2,                ,0000000,0, 0,         0,    0,0000000000000000000000000000000000000000,0000000000000000000000000000000000000000,         0,         0,         0,         0,1, 0, 0, 0,1494                          ,    0,         0,0,20181130 08:03:10,3220                          ,  101, 9999,  101,  101,    0,     0,     0
 ED5.2,2033                          ,2014                          ,                    ,4635      ,                ,  101,                    ,                              ,14,0,20181130 08:03:13,    0,         0,        12,65535,65535, 9999,2,                ,0000000,0, 0,         0,    0,0000000000000000000000000000000000000000,0000000000000000000000000000000000000000,         0,         0,         0,         0,1, 0, 0, 0,2033                          ,    0,        12,0,20181130 08:03:01,2014                          ,  101, 9999,  101,  101,    0,     0,     0
 ED5.2,1333                          ,2096                          ,                    ,4214      ,                ,  101,                    ,                              ,14,0,20181130 08:03:14,    0,         0,        36,65535,65535, 9999,2,                ,0000000,0, 0,         0,    0,0000000000000000000000000000000000000000,0000000000000000000000000000000000000000,         0,         0,         0,         0,1, 0, 0, 0,1333                          ,    0,        36,0,20181130 08:02:38,2096                          ,  101, 9999,  101,  101,    0,     0,     0
 ED5.2,6919165                       ,3235                          ,PAULA CATALI BER    ,1466      ,                ,  101,                    ,                              , 0,2,20181130 08:03:15,    0,         0,        36, 2848,   82,  101,2,                ,0010000,2, 1,         0,    0,1000000000000000000000000000000000000000,0000000000000000000000010000000000001000,         0,         0,         0,         0,1, 0, 0, 0,6919165                       ,    0,         0,0,20181130 08:02:39,3235                          , 9999, 9999, 9999,  101,32767,     0,     0
 ED5.2,1355                          ,1441                          ,                    ,1632      ,                ,  101,                    ,                              ,14,0,20181130 08:03:17,    0,         0,       110,65535,65535, 9999,2,                ,0000000,0, 0,         0,    0,0000000000000000000000000000000000000000,0000000000000000000000000000000000000000,         0,         0,         0,         0,1, 0, 0, 0,1355                          ,    0,       110,0,20181130 08:01:27,1441                          ,  101, 9999,  101,  101,    0,     0,     0
 ED5.2,3702894                       ,2032                          ,FLORISBEL CIFUEN    ,4952      ,                ,  101,                    ,                              , 0,2,20181130 08:03:17,    0,         0,         1,  311,   65,  101,2,                ,0010000,2, 1,         0,    0,1000000000000000000000000000000000000000,0000000000000000000000010000000000001000,         0,         0,         0,         0,1, 0, 0, 0,3702894                       ,    0,         0,0,20181130 08:03:16,2032                          , 9999, 9999, 9999,  101,32767,     0,     0
 ED5.2,663006014411                  ,4071                          ,JUDY LILIANA USU    ,2425      ,                ,  101,                    ,                              , 4,2,20181130 08:03:22,    0,         0,        85, 2421,   15,  101,2,                ,0000000,2, 0,         0,    0,0000000000000000000000000000000000000000,0000000000000000000000010000000000000000,         0,         0,         0,         0,1, 0, 0, 0,A800                          ,   85,         0,1,20181130 08:01:57,                              , 9999, 9999, 9999, 9999,32767,     0,     0
 ED5.2,1632                          ,1092                          ,                    ,1425      ,                ,  101,                    ,                              ,14,0,20181130 08:03:24,    0,         0,        25,65535,65535, 9999,2,                ,0000000,0, 0,         0,    0,0000000000000000000000000000000000000000,0000000000000000000000000000000000000000,         0,         0,         0,         0,1, 0, 0, 0,1632                          ,    0,        25,0,20181130 08:02:59,1092                          ,  101, 9999,  101,  101,    0,     0,     0
 ED5.2,1475                          ,1191                          ,                    ,1945      ,                ,  101,                    ,                              ,14,0,20181130 08:03:26,    0,         0,         0,65535,65535, 9999,2,                ,0000000,0, 0,         0,    0,0000000000000000000000000000000000000000,0000000000000000000000000000000000000000,         0,         0,         0,         0,1, 0, 0, 0,1009                          ,    0,         0,1,20181130 08:03:26,1191                          ,  101, 9999,  101,  101,    0,     0,     0
 ED5.2,1206                          ,1191                          ,                    ,1945      ,                ,  101,                    ,                              ,14,0,20181130 08:03:31,    0,         0,         0,65535,65535, 9999,2,                ,0000000,0, 0,         0,    0,0000000000000000000000000000000000000000,0000000000000000000000000000000000000000,         0,         0,         0,         0,1, 0, 0, 0,1206                          ,    0,         0,0,20181130 08:03:31,1191                          ,  101, 9999,  101,  101,    0,     0,     0
 ED5.2,7449344                       ,3204                          ,JUAN CAMILO SERN    ,1091      ,                ,  101,                    ,                              , 4,2,20181130 08:03:32,    0,         0,        53, 2850,   82,  101,2,                ,0000000,2, 0,         0,    0,0000000000000000000000000000000000000000,0000000000000000000000010000000000000000,         0,         0,         0,         0,1, 0, 0, 0,7645                          ,   54,         0,1,20181130 08:02:39,                              , 9999, 9999, 9999, 9999,32767,     0,     0
 ED5.2,4820                          ,4820                          ,JULIA ISABEL BRA    ,1091      ,                ,  101,                    ,                              , 2,2,20181130 08:03:33,    0,         0,         0,   68,   12,  101,2,                ,0010000,2, 1,         0,    0,0000000000000000000000000000000000000000,0000010000000000000000000000000000000000,         0,         0,         0,         0,1, 0, 0, 0,                              ,    0,         0,0,20181130 08:03:33,3229                          , 9999, 9999, 9999,  101,32767,     0,     0
 ED5.2,3229                          ,1599                          ,                    ,1635      ,                ,  101,                    ,                              ,14,0,20181130 08:03:33,    0,         0,        13,65535,65535, 9999,2,                ,0000000,0, 0,         0,    0,0000000000000000000000000000000000000000,0000000000000000000000000000000000000000,         0,         0,         0,         0,1, 0, 0, 0,3229                          ,    0,        13,0,20181130 08:03:20,1599                          ,  101, 9999,  101,  101,    0,     0,     0
 ED5.2,1787                          ,1494                          ,                    ,1635      ,                ,  101,                    ,                              , 3,0,20181130 08:03:35,    0,         0,        32,65535,65535, 9999,2,                ,0000000,0, 0,         0,    0,0000000000000000000000000000000000000000,0000000000000000000000000000000000000000,         0,         0,         0,         0,1, 0, 0, 0,7777                          ,    0,        32,0,20181130 08:03:03,1494                          ,  101, 9999,  101,  101,    0,     0,     0
 ED5.2,0745201170                    ,4020                          ,MARISOL BETANCUR    ,2952      ,                ,  101,                    ,                              , 4,2,20181130 08:03:37,    0,         0,       102, 2420,   15,  101,2,                ,0000000,2, 0,         0,    0,0000000000000000000000000000000000000000,0000000000000000000000010000000000000000,         0,         0,         0,         0,1, 0, 0, 0,A800                          ,  102,         0,1,20181130 08:01:55,                              , 9999, 9999, 9999, 9999,32767,     0,     0
 ED5.2,2060                          ,2020                          ,                    ,4635      ,                ,  101,                    ,                              ,14,0,20181130 08:03:38,    0,         0,         0,65535,65535, 9999,2,                ,0000000,0, 0,         0,    0,0000000000000000000000000000000000000000,0000000000000000000000000000000000000000,         0,         0,         0,         0,1, 0, 0, 0,2060                          ,    0,         0,0,20181130 08:03:38,2020                          ,  101, 9999,  101,  101,    0,     0,     0
 ED5.2,3503351038                    ,3146                          ,MARTHA ELIZA ARE    ,1091      ,                ,  101,                    ,                              , 0,2,20181130 08:03:39,    0,         0,       343, 2323,   66,  101,2,                ,0010000,2, 1,         0,    0,1000000000000000000000000000000000000000,0000000000000000000000010000000000001000,         0,         0,         0,         0,1, 0, 0, 0,033503351038                  ,    0,         0,0,20181130 07:57:56,3146                          , 9999, 9999, 9999,  101,32767,     0,     0
 ED5.2,663198250                     ,4026                          ,LUZ MARINA PARRA    ,2952      ,                ,  101,                    ,                              , 4,2,20181130 08:03:40,    0,         0,       113, 2419,   15,  101,2,                ,0000000,2, 0,         0,    0,0000000000000000000000000000000000000000,0000000000000000000000010000000000000000,         0,         0,         0,         0,1, 0, 0, 0,A800                          ,   15,        98,0,20181130 08:01:47,                              , 9999, 9999, 9999, 9999,32767,     0,     0
 ED5.2,5935500                       ,1513                          ,LUISA SORAYA ACE    ,1945      ,                ,  101,                    ,                              , 0,2,20181130 08:03:45,    0,         0,        78, 1976,   11,  101,2,                ,0010000,2, 1,         0,    0,1000000000000000000000000000000000000000,0000000000000000000000010000000000001000,         0,         0,         0,         0,1, 0, 0, 0,5935500                       ,    0,         0,0,20181130 08:02:27,1513                          , 9999, 9999, 9999,  101,32767,     0,     0
 ED5.2,3503351038                    ,3146                          ,MARTHA ELIZA ARE    ,1091      ,                ,  101,                    ,                              , 0,2,20181130 08:03:48,    0,         0,         0, 2323,   66,  101,2,                ,0010000,2, 1,         0,    0,1000000000000000000000000000000000000000,0000000000000000000000010000000000001000,         0,         0,         0,         0,1, 0, 0, 0,033503351038                  ,    0,         0,0,20181130 08:03:48,3146                          , 9999, 9999, 9999,  101,32767,     0,     0
 ED5.2,663104432295                  ,FS020                         ,ETB                 ,          ,                ,  101,                    ,                              , 4,2,20181130 08:03:48,    0,         0,        53,  120,   20,  101,2,                ,0000000,2, 1,         0,    0,0000000000000000000000000000000000000000,0000000000000000000000010000000000000000,         0,         0,         0,         0,1, 0, 0, 0,A800                          ,   53,         0,0,20181130 08:02:55,                              , 9999, 9999, 9999, 9999,32767,     0,     0
 ED5.2,1206                          ,1191                          ,                    ,1945      ,                ,  101,                    ,                              ,14,0,20181130 08:03:49,    0,         0,         0,65535,65535, 9999,2,                ,0000000,0, 0,         0,    0,0000000000000000000000000000000000000000,0000000000000000000000000000000000000000,         0,         0,         0,         0,1, 0, 0, 0,1206                          ,    0,         0,0,20181130 08:03:49,1191                          ,  101, 9999,  101,  101,    0,     0,     0
 ED5.2,1106                          ,1226                          ,                    ,1949      ,                ,  101,                    ,                              ,14,0,20181130 08:03:51,    0,         0,        24,65535,65535, 9999,2,                ,0000000,0, 0,         0,    0,0000000000000000000000000000000000000000,0000000000000000000000000000000000000000,         0,         0,         0,         0,1, 0, 0, 0,1106                          ,    0,        24,0,20181130 08:03:27,1226                          ,  101, 9999,  101,  101,    0,     0,     0
 ED5.2,1203                          ,1191                          ,                    ,1945      ,                ,  101,                    ,                              ,14,0,20181130 08:03:53,    0,         0,         0,65535,65535, 9999,2,                ,0000000,0, 0,         0,    0,0000000000000000000000000000000000000000,0000000000000000000000000000000000000000,         0,         0,         0,         0,1, 0, 0, 0,1203                          ,    0,         0,0,20181130 08:03:53,1191                          ,  101, 9999,  101,  101,    0,     0,     0
 ED5.2,3249                          ,3221                          ,                    ,1466      ,                ,  101,                    ,                              ,14,0,20181130 08:03:55,    0,         0,         0,65535,65535, 9999,2,                ,0000000,0, 0,         0,    0,0000000000000000000000000000000000000000,0000000000000000000000000000000000000000,         0,         0,         0,         0,1, 0, 0, 0,3249                          ,    0,         0,0,20181130 08:03:55,3221                          ,  101, 9999,  101,  101,    0,     0,     0
 ED5.2,1208                          ,1191                          ,                    ,1945      ,                ,  101,                    ,                              ,14,0,20181130 08:03:56,    0,         0,         0,65535,65535, 9999,2,                ,0000000,0, 0,         0,    0,0000000000000000000000000000000000000000,0000000000000000000000000000000000000000,         0,         0,         0,         0,1, 0, 0, 0,1208                          ,    0,         0,0,20181130 08:03:56,1191                          ,  101, 9999,  101,  101,    0,     0,     0
 ED5.2,1207                          ,1191                          ,                    ,1945      ,                ,  101,                    ,                              ,14,0,20181130 08:03:59,    0,         0,         0,65535,65535, 9999,2,                ,0000000,0, 0,         0,    0,0000000000000000000000000000000000000000,0000000000000000000000000000000000000000,         0,         0,         0,         0,1, 0, 0, 0,1207                          ,    0,         0,0,20181130 08:03:59,1191                          ,  101, 9999,  101,  101,    0,     0,     0
 ED5.2,4068                          ,4076                          ,                    ,2952      ,                ,  101,                    ,                              ,14,0,20181130 08:04:00,    0,         0,         0,65535,65535, 9999,2,                ,0000000,0, 0,         0,    0,0000000000000000000000000000000000000000,0000000000000000000000000000000000000000,         0,         0,         0,         0,1, 0, 0, 0,4068                          ,    0,         0,0,20181130 08:04:00,4076                          ,  101, 9999,  101,  101,    0,     0,     0
 ED5.2,4054                          ,4076                          ,                    ,2952      ,                ,  101,                    ,                              ,14,0,20181130 08:04:01,    0,         0,         0,65535,65535, 9999,2,                ,0000000,0, 0,         0,    0,0000000000000000000000000000000000000000,0000000000000000000000000000000000000000,         0,         0,         0,         0,1, 0, 0, 0,4068                          ,    0,         0,1,20181130 08:04:01,4076                          ,  101, 9999,  101,  101,    0,     0,     0
 ED5.2,1206                          ,1191                          ,                    ,1945      ,                ,  101,                    ,                              ,14,0,20181130 08:04:04,    0,         0,         0,65535,65535, 9999,2,                ,0000000,0, 0,         0,    0,0000000000000000000000000000000000000000,0000000000000000000000000000000000000000,         0,         0,         0,         0,1, 0, 0, 0,1206                          ,    0,         0,0,20181130 08:04:04,1191                          ,  101, 9999,  101,  101,    0,     0,     0
 ED5.2,1273                          ,1856                          ,                    ,1952      ,                ,  101,                    ,                              ,14,0,20181130 08:04:06,    0,         0,         0,65535,65535, 9999,2,                ,0000000,0, 0,         0,    0,0000000000000000000000000000000000000000,0000000000000000000000000000000000000000,         0,         0,         0,         0,1, 0, 0, 0,1273                          ,    0,         0,0,20181130 08:04:06,1856                          ,  101, 9999,  101,  101,    0,     0,     0
 ED5.2,3221                          ,3249                          ,                    ,1466      ,                ,  101,                    ,                              ,14,0,20181130 08:04:09,    0,         0,         0,65535,65535, 9999,2,                ,0000000,0, 0,         0,    0,0000000000000000000000000000000000000000,0000000000000000000000000000000000000000,         0,         0,         0,         0,1, 0, 0, 0,3221                          ,    0,         0,0,20181130 08:04:09,3249                          ,  101, 9999,  101,  101,    0,     0,     0
 ED5.2,1632                          ,1092                          ,                    ,1425      ,                ,  101,                    ,                              ,14,0,20181130 08:04:10,    0,         0,         0,65535,65535, 9999,2,                ,0000000,0, 0,         0,    0,0000000000000000000000000000000000000000,0000000000000000000000000000000000000000,         0,         0,         0,         0,1, 0, 0, 0,1632                          ,    0,         0,0,20181130 08:04:10,1092                          ,  101, 9999,  101,  101,    0,     0,     0
 ED5.2,88                            ,1092                          ,                    ,1425      ,                ,  101,                    ,                              ,14,0,20181130 08:04:15,    0,         0,         5,65535,65535, 9999,2,                ,0000000,0, 0,         0,    0,0000000000000000000000000000000000000000,0000000000000000000000000000000000000000,         0,         0,         0,         0,1, 0, 0, 0,1632                          ,    0,         5,1,20181130 08:04:10,1092                          ,  101, 9999,  101,  101,    0,     0,     0
 ED5.2,5102                          ,1125                          ,                    ,1952      ,                ,  101,                    ,                              ,14,0,20181130 08:04:16,    0,         0,        58,65535,65535, 9999,2,                ,0000000,0, 0,         0,    0,0000000000000000000000000000000000000000,0000000000000000000000000000000000000000,         0,         0,         0,         0,1, 0, 0, 0,5102                          ,    0,        58,0,20181130 08:03:18,1125                          ,  101, 9999,  101,  101,    0,     0,     0
 ED5.2,663153910149                  ,3359                          ,CAROLINA TRUJILL    ,1466      ,                ,  101,                    ,                              , 4,2,20181130 08:04:22,    0,         0,        34, 2849,   82,  101,2,                ,0000000,2, 0,         0,    0,0000000000000000000000000000000000000000,0000000000000000000000010000000000000000,         0,         0,         0,         0,1, 0, 0, 0,7629                          ,    3,        31,1,20181130 08:03:48,                              , 9999, 9999, 9999, 9999,32767,     0,     0
 ED5.2,1736                          ,1102                          ,                    ,1528      ,                ,  101,                    ,                              ,14,0,20181130 08:04:31,    0,         0,         0,65535,65535, 9999,2,                ,0000000,0, 0,         0,    0,0000000000000000000000000000000000000000,0000000000000000000000000000000000000000,         0,         0,         0,         0,1, 0, 0, 0,7500                          ,    0,         0,0,20181130 08:04:31,1102                          ,  101, 9999,  101,  101,    0,     0,     0
 ED5.2,663104432295                  ,1102                          ,VIVIANA KATH GON    ,1528      ,                ,  101,                    ,                              , 4,2,20181130 08:04:31,    0,         0,        38,  120,   20,  101,2,                ,0000000,2, 1,         0,    0,0000000000000000000000000000000000000000,0000000000000000000000010000000000000000,         0,         0,         0,         0,1, 0, 0, 0,A800                          ,   37,         2,1,20181130 08:03:53,                              , 9999, 9999, 9999, 9999,32767,     0,     0
 ED5.2,1365                          ,1244                          ,                    ,1215      ,                ,  101,                    ,                              ,14,0,20181130 08:04:33,    0,         0,         0,65535,65535, 9999,2,                ,0000000,0, 0,         0,    0,0000000000000000000000000000000000000000,0000000000000000000000000000000000000000,         0,         0,         0,         0,1, 0, 0, 0,1365                          ,    0,         0,0,20181130 08:04:33,1244                          ,  101, 9999,  101,  101,    0,     0,     0
 ED5.2,2435184                       ,4073                          ,NATALIA CARO VAS    ,2425      ,                ,  101,                    ,                              , 0,2,20181130 08:04:33,    0,         0,        75, 2422,   15,  101,2,                ,0010000,2, 1,         0,    0,1000000000000000000000000000000000000000,0000000000000000000000010000000000001000,         0,         0,         0,         0,1, 0, 0, 0,2435184                       ,    0,         0,0,20181130 08:03:18,4073                          , 9999, 9999, 9999,  101,32767,     0,     0
 ED5.2,7441040                       ,1339                          ,JORGE ALBERT COR    ,1945      ,                ,  101,                    ,                              , 0,2,20181130 08:04:38,    0,         0,         5, 1979,   11,  101,2,                ,0010000,2, 1,         0,    0,1000000000000000000000000000000000000000,0000000000000000000000010000000000001000,         0,         0,         0,         0,1, 0, 0, 0,7441040                       ,    0,         0,0,20181130 08:04:33,1339                          , 9999, 9999, 9999,  101,32767,     0,     0
 ED5.2,3139844                       ,4811                          ,                    ,          ,                ,  101,                    ,                              , 7,2,20181130 08:04:39,    0,         0,     86984, 2846,   82,  101,2,                ,0010000,2, 1,         0,    0,1000000000000000000000000000000000000000,0000000000000000000000010000000000001000,         0,         0,         0,         0,1, 0, 0, 0,3139844                       ,    0,         0,0,20181129 07:54:55,                              , 9999, 9999, 9999, 9999,32767,     0,     0
 ED5.2,3277105                       ,4811                          ,                    ,          ,                ,  101,                    ,                              , 7,2,20181130 08:04:39,    0,         0,     84365, 2864,   82,  101,2,                ,0010000,2, 1,         0,    0,1000000000000000000000000000000000000000,0000000000000000000000010000000000001000,         0,         0,         0,         0,1, 0, 0, 0,3277105                       ,    0,         0,0,20181129 08:38:34,                              , 9999, 9999, 9999, 9999,32767,     0,     0
 ED5.2,3277110                       ,FS012                         ,                    ,          ,                ,  101,                    ,                              , 7,2,20181130 08:04:40,    0,         0,     82581, 2872,   82,  101,2,                ,0010000,2, 1,         0,    0,1000000000000000000000000000000000000000,0000000000000000000000010000000000001000,         0,         0,         0,         0,1, 0, 0, 0,3277110                       ,    0,         0,0,20181129 09:08:19,                              , 9999, 9999, 9999, 9999,32767,     0,     0
 ED5.2,6074903                       ,4811                          ,                    ,          ,                ,  101,                    ,                              , 7,2,20181130 08:04:40,    0,         0,     86736, 2855,   82,  101,2,                ,0010000,2, 1,         0,    0,1000000000000000000000000000000000000000,0000000000000000000000010000000000001000,         0,         0,         0,         0,1, 0, 0, 0,6074903                       ,    0,         0,0,20181129 07:59:04,                              , 9999, 9999, 9999, 9999,32767,     0,     0
 ED5.2,1895                          ,4040                          ,                    ,2425      ,                ,  101,                    ,                              ,14,0,20181130 08:04:43,    0,         0,         0,65535,65535, 9999,2,                ,0000000,0, 0,         0,    0,0000000000000000000000000000000000000000,0000000000000000000000000000000000000000,         0,         0,         0,         0,1, 0, 0, 0,1895                          ,    0,         0,0,20181130 08:04:43,4040                          ,  101, 9999,  101,  101,    0,     0,     0
 ED5.2,1273                          ,1387                          ,                    ,1952      ,                ,  101,                    ,                              ,14,0,20181130 08:04:47,    0,         0,       154,65535,65535, 9999,2,                ,0000000,0, 0,         0,    0,0000000000000000000000000000000000000000,0000000000000000000000000000000000000000,         0,         0,         0,         0,1, 0, 0, 0,1273                          ,    0,       154,0,20181130 08:02:13,1387                          ,  101, 9999,  101,  101,    0,     0,     0
 ED5.2,3245                          ,1200                          ,                    ,1631      ,                ,  101,                    ,                              ,14,0,20181130 08:04:49,    0,         0,         0,65535,65535, 9999,2,                ,0000000,0, 0,         0,    0,0000000000000000000000000000000000000000,0000000000000000000000000000000000000000,         0,         0,         0,         0,1, 0, 0, 0,3245                          ,    0,         0,0,20181130 08:04:49,1200                          ,  101, 9999,  101,  101,    0,     0,     0
 ED5.2,6104                          ,6106                          ,                    ,5949      ,                ,  101,                    ,                              ,14,0,20181130 08:04:49,    0,         0,         0,65535,65535, 9999,2,                ,0000000,0, 0,         0,    0,0000000000000000000000000000000000000000,0000000000000000000000000000000000000000,         0,         0,         0,         0,1, 0, 0, 0,6104                          ,    0,         0,0,20181130 08:04:49,6106                          ,  101, 9999,  101,  101,    0,     0,     0
 ED5.2,                              ,6106                          ,DIEGO FERNAN MOR    ,5949      ,                ,  101,                    ,                              , 4,1,20181130 08:04:49,    0,         0,        18,   96,   83,  101,2,                ,0000000,0, 0,         0,    0,0000000000000000000000000000000000000000,0000000000000000000000010000000000000000,         0,         0,         0,         0,1, 0, 0, 0,                              ,    7,        12,1,20181130 08:04:31,                              , 9999, 9999, 9999, 9999,32767,     0,     0
 ED5.2,3200                          ,3153                          ,                    ,1945      ,                ,  101,                    ,                              ,14,0,20181130 08:04:58,    0,         0,       163,65535,65535, 9999,2,                ,0000000,0, 0,         0,    0,0000000000000000000000000000000000000000,0000000000000000000000000000000000000000,         0,         0,         0,         0,1, 0, 0, 0,3200                          ,    0,       163,0,20181130 08:02:15,3153                          ,  101, 9999,  101,  101,    0,     0,     0
 ED5.2,1889                          ,1741                          ,                    ,1945      ,                ,  101,                    ,                              ,14,0,20181130 08:05:02,    0,         0,         0,65535,65535, 9999,2,                ,0000000,0, 0,         0,    0,0000000000000000000000000000000000000000,0000000000000000000000000000000000000000,         0,         0,         0,         0,1, 0, 0, 0,1889                          ,    0,         0,0,20181130 08:05:02,1741                          ,  101, 9999,  101,  101,    0,     0,     0
 ED5.2,1498                          ,1333                          ,                    ,1214      ,                ,  101,                    ,                              ,14,0,20181130 08:05:03,    0,         0,        32,65535,65535, 9999,2,                ,0000000,0, 0,         0,    0,0000000000000000000000000000000000000000,0000000000000000000000000000000000000000,         0,         0,         0,         0,1, 0, 0, 0,1498                          ,    0,        32,0,20181130 08:04:31,1333                          ,  101, 9999,  101,  101,    0,     0,     0
 ED5.2,3175754201                    ,1358                          ,JUAN SEBASTI MUN    ,1952      ,                ,  101,                    ,                              , 0,2,20181130 08:05:08,    0,         0,         0, 2323,   66,  101,2,                ,0010000,2, 1,         0,    0,1000000000000000000000000000000000000000,0000000000000000000000010000000000001000,         0,         0,         0,         0,1, 0, 0, 0,033175754201                  ,    0,         0,0,20181130 08:05:08,1358                          , 9999, 9999, 9999,  101,32767,     0,     0
 ED5.2,B2669233                      ,FS200                         ,SIP MED VL          ,          ,                ,  101,                    ,                              ,13,0,20181130 08:05:10,    0,         0,       119, 3213,  200,  101,2,                ,0000000,2, 1,         0,    0,0000000000000000000000000000000000000000,0000000000000000000000010000000000000000,         0,         0,         0,         0,1, 0, 0, 0,7764                          ,  119,         0,0,20181130 08:03:11,                              , 9999, 9999, 9999, 9999,32767,     0,     0
 ED5.2,7560657                       ,1291                          ,LAURA YAMILE PRA    ,1952      ,                ,  101,                    ,                              , 4,2,20181130 08:05:12,    0,         0,        25,  124,   20,  101,2,                ,0000000,3, 0,         0,    0,0000000000000000000000000000000000000000,0000000000000000000000010000000000000000,         0,         0,         0,         0,1, 0, 0, 0,A800                          ,   26,         0,0,20181130 08:04:47,                              , 9999, 9999, 9999, 9999,32767,     0,     0
 ED5.2,6071010                       ,1749                          ,ADRIANA QUINTERO    ,1452      ,                ,  101,                    ,                              , 0,2,20181130 08:05:13,    0,         0,        30, 2846,   82,  101,2,                ,0010000,2, 1,         0,    0,1000000000000000000000000000000000000000,0000000000000000000000010000000000001000,         0,         0,         0,         0,1, 0, 0, 0,6071010                       ,    0,         0,0,20181130 08:04:43,1749                          , 9999, 9999, 9999,  101,32767,     0,     0
 ED5.2,------------------------------,******************************,                    ,**********,                ,  101,                    ,******************************, 4,1,20181130 08:05:16,    0,         0,        27,   96,   83,  101,2,                ,0000000,0, 0,         0,    0,0000000000000000000000000000000000000000,0000000010000000000000010000000000000000,         0,         0,         0,         0,1, 0, 0, 0,------------------------------,   34,        12,1,20181130 08:04:31,******************************, 9999, 9999, 9999, 9999,32767,     0,     0
 ED5.2,1027                          ,4001                          ,                    ,2635      ,                ,  101,                    ,                              ,14,0,20181130 08:05:18,    0,         0,         0,65535,65535, 9999,2,                ,0000000,0, 0,         0,    0,0000000000000000000000000000000000000000,0000000000000000000000000000000000000000,         0,         0,         0,         0,1, 0, 0, 0,1027                          ,    0,         0,0,20181130 08:05:18,4001                          ,  101, 9999,  101,  101,    0,     0,     0
 ED5.2,1858                          ,1737                          ,                    ,1635      ,                ,  101,                    ,                              ,14,0,20181130 08:05:18,    0,         0,        14,65535,65535, 9999,2,                ,0000000,0, 0,         0,    0,0000000000000000000000000000000000000000,0000000000000000000000000000000000000000,         0,         0,         0,         0,1, 0, 0, 0,1858                          ,    0,        14,0,20181130 08:05:04,1737                          ,  101, 9999,  101,  101,    0,     0,     0
 ED5.2,4854555                       ,1339                          ,JORGE ALBERT COR    ,1945      ,                ,  101,                    ,                              , 0,2,20181130 08:05:20,    0,         0,        35, 1979,   11,  101,2,                ,0010000,2, 1,         0,    0,1000000000000000000000000000000000000000,0000000000000000000000010000000000001000,         0,         0,         0,         0,1, 0, 0, 0,4854555                       ,    0,         0,0,20181130 08:04:45,1339                          , 9999, 9999, 9999,  101,32767,     0,     0
 ED5.2,3658876                       ,3618                          ,COCINA VALORES      ,3675      ,                ,  101,                    ,                              , 0,1,20181130 08:05:21,    0,         0,        57,  432,   91,  101,2,                ,0010000,0, 0,         0,    0,0000000000000000000000000000000000000000,0000000000000000000000010000000000001000,         0,         0,         0,         0,1, 0, 0, 0,3658876                       ,    0,         0,0,20181130 08:04:24,3618                          , 9999, 9999, 9999,  101,32767,     0,     0
 ED5.2,1200                          ,1015                          ,                    ,1636      ,                ,  101,                    ,                              ,14,0,20181130 08:05:21,    0,         0,         0,65535,65535, 9999,2,                ,0000000,0, 0,         0,    0,0000000000000000000000000000000000000000,0000000000000000000000000000000000000000,         0,         0,         0,         0,1, 0, 0, 0,1200                          ,    0,         0,0,20181130 08:05:21,1015                          ,  101, 9999,  101,  101,    0,     0,     0
 ED5.2,3550698                       ,4812                          ,                    ,          ,                ,  101,                    ,                              , 7,2,20181130 08:05:26,    0,         0,       451, 2845,   82,  101,2,                ,0010000,2, 1,         0,    0,1000000000000000000000000000000000000000,0000000000000000000000010000000000001000,         0,         0,         0,         0,1, 0, 0, 0,3550698                       ,    0,         0,0,20181130 07:57:55,                              , 9999, 9999, 9999, 9999,32767,     0,     0
 ED5.2,3139844                       ,4811                          ,                    ,          ,                ,  101,                    ,                              , 7,2,20181130 08:05:28,    0,         0,        44, 2851,   82,  101,2,                ,0010000,2, 1,         0,    0,1000000000000000000000000000000000000000,0000000000000000000000010000000000001000,         0,         0,         0,         0,1, 0, 0, 0,3139844                       ,    0,         0,0,20181130 08:04:44,                              , 9999, 9999, 9999, 9999,32767,     0,     0
 ED5.2,0744035420                    ,4000                          ,RECEPCION MEDELL    ,2952      ,                ,  101,                    ,                              , 4,2,20181130 08:05:37,    0,         0,        70, 2419,   15,  101,2,                ,0000000,2, 0,         0,    0,0000000000000000000000000000000000000000,0000000000000000000000010000000000000000,         0,         0,         0,         0,1, 0, 0, 0,A800                          ,   70,         0,1,20181130 08:04:27,                              , 9999, 9999, 9999, 9999,32767,     0,     0
 ED5.2,------------------------------,******************************,                    ,**********,                ,  101,                    ,******************************, 4,2,20181130 08:05:37,    0,         0,        56, 2849,   82,  101,2,                ,0000000,2, 0,         0,    0,0000000000000000000000000000000000000000,0000000000000000000000010000000000000000,         0,         0,         0,         0,1, 0, 0, 0,------------------------------,   35,        21,1,20181130 08:04:41,******************************, 9999, 9999, 9999, 9999,32767,     0,     0
 ED5.2,4348600                       ,FS020                         ,ETB                 ,          ,                ,  101,                    ,                              , 4,2,20181130 08:05:39,    0,         0,         0,  124,   20,  101,2,                ,0000000,3, 0,         0,    0,0000000000000000000000000000000000000000,0000000000000000000000010000000000000000,         0,         0,         0,         0,1, 0, 0, 0,1089                          ,   26,         0,1,20181130 08:05:39,                              , 9999, 9999, 9999, 9999,32767,     0,     0
 ED5.2,6071010                       ,1749                          ,ADRIANA QUINTERO    ,1452      ,                ,  101,                    ,                              , 0,2,20181130 08:05:42,    0,         0,        15, 2846,   82,  101,2,                ,0010000,2, 1,         0,    0,1000000000000000000000000000000000000000,0000000000000000000000010000000000001000,         0,         0,         0,         0,1, 0, 0, 0,6071010                       ,    0,         0,0,20181130 08:05:27,1749                          , 9999, 9999, 9999,  101,32767,     0,     0
 ED5.2,3357777                       ,6107                          ,PAULA ANDREA VAR    ,5952      ,                ,  101,                    ,                              , 0,1,20181130 08:05:48,    0,         0,        50,  415,   87,  101,2,                ,0010000,0, 0,         0,    0,0000000000000000000000000000000000000000,0000000000000000000000010000000000001000,         0,         0,         0,         0,1, 0, 0, 0,0563357777                    ,    0,         0,0,20181130 08:04:58,6107                          , 9999, 9999, 9999,  101,32767,     0,     0
 ED5.2,0744032000                    ,4020                          ,MARISOL BETANCUR    ,2952      ,                ,  101,                    ,                              , 4,2,20181130 08:05:50,    0,         0,        25, 2420,   15,  101,2,                ,0000000,2, 0,         0,    0,0000000000000000000000000000000000000000,0000000000000000000000010000000000000000,         0,         0,         0,         0,1, 0, 0, 0,A800                          ,   25,         0,1,20181130 08:05:25,                              , 9999, 9999, 9999, 9999,32767,     0,     0
 ED5.2,1196                          ,5212                          ,                    ,7952      ,                ,  101,                    ,                              ,14,0,20181130 08:05:53,    0,         0,         0,65535,65535, 9999,2,                ,0000000,0, 0,         0,    0,0000000000000000000000000000000000000000,0000000000000000000000000000000000000000,         0,         0,         0,         0,1, 0, 0, 0,1196                          ,    0,         0,0,20181130 08:05:53,5212                          ,  101, 9999,  101,  101,    0,     0,     0
 ED5.2,3199                          ,1899                          ,                    ,1675      ,                ,  101,                    ,                              ,14,0,20181130 08:05:53,    0,         0,        64,65535,65535, 9999,2,                ,0000000,0, 0,         0,    0,0000000000000000000000000000000000000000,0000000000000000000000000000000000000000,         0,         0,         0,         0,1, 0, 0, 0,3199                          ,    0,        64,0,20181130 08:04:49,1899                          ,  101, 9999,  101,  101,    0,     0,     0
 ED5.2,2801954                       ,1013                          ,FRANK ALEXAN MAT    ,1635      ,                ,  101,                    ,                              , 0,2,20181130 08:05:58,    0,         0,         1, 1981,   11,  101,2,                ,0010000,2, 1,         0,    0,1000000000000000000000000000000000000000,0000000000000000000000010000000000001000,         0,         0,         0,         0,1, 0, 0, 0,2801954                       ,    0,         0,0,20181130 08:05:57,1013                          , 9999, 9999, 9999,  101,32767,     0,     0
 ED5.2,3612                          ,3618                          ,                    ,3675      ,                ,  101,                    ,                              ,14,0,20181130 08:05:58,    0,         0,        14,65535,65535, 9999,2,                ,0000000,0, 0,         0,    0,0000000000000000000000000000000000000000,0000000000000000000000000000000000000000,         0,         0,         0,         0,1, 0, 0, 0,3612                          ,    0,        14,0,20181130 08:05:44,3618                          ,  101, 9999,  101,  101,    0,     0,     0
 ED5.2,88                            ,5212                          ,                    ,7952      ,                ,  101,                    ,                              ,14,0,20181130 08:06:00,    0,         0,         7,65535,65535, 9999,2,                ,0000000,0, 0,         0,    0,0000000000000000000000000000000000000000,0000000000000000000000000000000000000000,         0,         0,         0,         0,1, 0, 0, 0,1196                          ,    0,         7,1,20181130 08:05:53,5212                          ,  101, 9999,  101,  101,    0,     0,     0
 ED5.2,8017                          ,1259                          ,                    ,1949      ,                ,  101,                    ,                              ,14,0,20181130 08:06:01,    0,         0,         0,65535,65535, 9999,2,                ,0000000,0, 0,         0,    0,0000000000000000000000000000000000000000,0000000000000000000000000000000000000000,         0,         0,         0,         0,1, 0, 0, 0,8017                          ,    0,         0,0,20181130 08:06:01,1259                          ,  101, 9999,  101,  101,    0,     0,     0
 ED5.2,2307698                       ,1565                          ,SONIA YANETH ROM    ,1952      ,                ,  101,                    ,                              , 0,2,20181130 08:06:04,    0,         0,       306, 1975,   11,  101,2,                ,0010000,2, 1,         0,    0,1000000000000000000000000000000000000000,0000000000000000000000010000000000001000,         0,         0,         0,         0,1, 0, 0, 0,2307698                       ,    0,         0,0,20181130 08:00:58,1565                          , 9999, 9999, 9999,  101,32767,     0,     0
 ED5.2,663104432295                  ,1102                          ,VIVIANA KATH GON    ,1528      ,                ,  101,                    ,1102                          , 4,2,20181130 08:06:11,    0,         0,       100,  120,   20,  101,2,                ,0000000,2, 1,         0,    0,0000000000000000000000000000000000000000,0000000010000000000000010000000000000000,         0,         0,         0,         0,1, 0, 0, 0,                              ,  139,         0,0,20181130 08:03:53,                              , 9999, 9999, 9999, 9999,32767,     0,     0
