 ED5.2,1821                          ,1071                          ,                    ,1215      ,                ,  101,                    ,                              ,14,0,20181230 00:01:13,    0,         0,       476,65535,65535, 9999,2,                ,0000000,0, 0,         0,    0,0000000000000000000000000000000000000000,0000000000000000000000000000000000000000,         0,         0,         0,         0,1, 0, 0, 0,1821                          ,    0,       476,0,20181229 23:53:17,1071                          ,  101, 9999,  101,  101,    0,     0,     0
 ED5.2,1820                          ,1244                          ,                    ,1215      ,                ,  101,                    ,                              ,14,0,20181230 00:02:11,    0,         0,        54,65535,65535, 9999,2,                ,0000000,0, 0,         0,    0,0000000000000000000000000000000000000000,0000000000000000000000000000000000000000,         0,         0,         0,         0,1, 0, 0, 0,1820                          ,    0,        54,0,20181230 00:01:17,1244                          ,  101, 9999,  101,  101,    0,     0,     0
 ED5.2,1583                          ,1443                          ,                    ,1632      ,                ,  101,                    ,                              ,14,0,20181230 00:02:11,    0,         0,       256,65535,65535, 9999,2,                ,0000000,0, 0,         0,    0,0000000000000000000000000000000000000000,0000000000000000000000000000000000000000,         0,         0,         0,         0,1, 0, 0, 0,1583                          ,    0,       256,0,20181229 23:57:55,1443                          ,  101, 9999,  101,  101,    0,     0,     0
 ED5.2,1032                          ,1071                          ,                    ,1215      ,                ,  101,                    ,1821                          ,14,0,20181230 00:11:10,    0,         0,       596,65535,65535, 9999,2,                ,0000000,0, 0,         0,    0,0000000000000000000000000000000000000000,0000000000000000000000000000000000000000,         0,         0,         0,         0,1, 0, 0, 0,                              ,    0,       596,0,20181230 00:01:14,1071                          ,  101,  101, 9999,  101,    0,     0,     0
 ED5.2,1434                          ,1225                          ,                    ,1632      ,                ,  101,                    ,                              ,14,0,20181230 00:13:34,    0,         0,         0,65535,65535, 9999,2,                ,0000000,0, 0,         0,    0,0000000000000000000000000000000000000000,0000000000000000000000000000000000000000,         0,         0,         0,         0,1, 0, 0, 0,1434                          ,    0,         0,0,20181230 00:13:34,1225                          ,  101, 9999,  101,  101,    0,     0,     0
 ED5.2,1820                          ,1583                          ,                    ,1215      ,                ,  101,                    ,                              ,14,0,20181230 00:15:01,    0,         0,       263,65535,65535, 9999,2,                ,0000000,0, 0,         0,    0,0000000000000000000000000000000000000000,0000000000000000000000000000000000000000,         0,         0,         0,         0,1, 0, 0, 0,1820                          ,    0,       263,0,20181230 00:10:38,1583                          ,  101, 9999,  101,  101,    0,     0,     0
 ED5.2,1820                          ,1583                          ,                    ,1215      ,                ,  101,                    ,                              ,14,0,20181230 00:18:31,    0,         0,        13,65535,65535, 9999,2,                ,0000000,0, 0,         0,    0,0000000000000000000000000000000000000000,0000000000000000000000000000000000000000,         0,         0,         0,         0,1, 0, 0, 0,1820                          ,    0,        13,0,20181230 00:18:18,1583                          ,  101, 9999,  101,  101,    0,     0,     0
 ED5.2,1032                          ,1071                          ,                    ,1215      ,                ,  101,                    ,                              ,14,0,20181230 00:18:54,    0,         0,         0,65535,65535, 9999,2,                ,0000000,0, 0,         0,    0,0000000000000000000000000000000000000000,0000000000000000000000000000000000000000,         0,         0,         0,         0,1, 0, 0, 0,1032                          ,    0,         0,0,20181230 00:18:54,1071                          ,  101, 9999,  101,  101,    0,     0,     0
 ED5.2,1449                          ,1071                          ,                    ,1215      ,                ,  101,                    ,                              ,14,0,20181230 00:19:03,    0,         0,         0,65535,65535, 9999,2,                ,0000000,0, 0,         0,    0,0000000000000000000000000000000000000000,0000000000000000000000000000000000000000,         0,         0,         0,         0,1, 0, 0, 0,1032                          ,    0,         0,1,20181230 00:19:03,1071                          ,  101, 9999,  101,  101,    0,     0,     0
 ED5.2,1821                          ,1515                          ,                    ,1215      ,                ,  101,                    ,                              ,14,0,20181230 00:19:30,    0,         0,        92,65535,65535, 9999,2,                ,0000000,0, 0,         0,    0,0000000000000000000000000000000000000000,0000000000000000000000000000000000000000,         0,         0,         0,         0,1, 0, 0, 0,1821                          ,    0,        92,0,20181230 00:17:58,1515                          ,  101, 9999,  101,  101,    0,     0,     0
 ED5.2,1244                          ,1820                          ,                    ,1632      ,                ,  101,                    ,                              ,14,0,20181230 00:19:56,    0,         0,        23,65535,65535, 9999,2,                ,0000000,0, 0,         0,    0,0000000000000000000000000000000000000000,0000000000000000000000000000000000000000,         0,         0,         0,         0,1, 0, 0, 0,1244                          ,    0,        23,0,20181230 00:19:33,1820                          ,  101, 9999,  101,  101,    0,     0,     0
 ED5.2,1822                          ,1515                          ,                    ,1215      ,                ,  101,                    ,                              ,14,0,20181230 00:23:25,    0,         0,         0,65535,65535, 9999,2,                ,0000000,0, 0,         0,    0,0000000000000000000000000000000000000000,0000000000000000000000000000000000000000,         0,         0,         0,         0,1, 0, 0, 0,1822                          ,    0,         0,0,20181230 00:23:25,1515                          ,  101, 9999,  101,  101,    0,     0,     0
 ED5.2,1821                          ,1515                          ,                    ,1215      ,                ,  101,                    ,                              ,14,0,20181230 00:23:41,    0,         0,         0,65535,65535, 9999,2,                ,0000000,0, 0,         0,    0,0000000000000000000000000000000000000000,0000000000000000000000000000000000000000,         0,         0,         0,         0,1, 0, 0, 0,1821                          ,    0,         0,0,20181230 00:23:41,1515                          ,  101, 9999,  101,  101,    0,     0,     0
 ED5.2,1445                          ,1515                          ,                    ,1215      ,                ,  101,                    ,                              ,14,0,20181230 00:23:43,    0,         0,         0,65535,65535, 9999,2,                ,0000000,0, 0,         0,    0,0000000000000000000000000000000000000000,0000000000000000000000000000000000000000,         0,         0,         0,         0,1, 0, 0, 0,1821                          ,    0,         0,1,20181230 00:23:43,1515                          ,  101, 9999,  101,  101,    0,     0,     0
 ED5.2,1821                          ,1515                          ,                    ,1215      ,                ,  101,                    ,                              ,14,0,20181230 00:24:28,    0,         0,         0,65535,65535, 9999,2,                ,0000000,0, 0,         0,    0,0000000000000000000000000000000000000000,0000000000000000000000000000000000000000,         0,         0,         0,         0,1, 0, 0, 0,1821                          ,    0,         0,0,20181230 00:24:28,1515                          ,  101, 9999,  101,  101,    0,     0,     0
 ED5.2,1445                          ,1515                          ,                    ,1215      ,                ,  101,                    ,                              ,14,0,20181230 00:24:29,    0,         0,         0,65535,65535, 9999,2,                ,0000000,0, 0,         0,    0,0000000000000000000000000000000000000000,0000000000000000000000000000000000000000,         0,         0,         0,         0,1, 0, 0, 0,1821                          ,    0,         0,1,20181230 00:24:29,1515                          ,  101, 9999,  101,  101,    0,     0,     0
 ED5.2,1032                          ,1515                          ,                    ,1215      ,                ,  101,                    ,                              ,14,0,20181230 00:25:40,    0,         0,        67,65535,65535, 9999,2,                ,0000000,0, 0,         0,    0,0000000000000000000000000000000000000000,0000000000000000000000000000000000000000,         0,         0,         0,         0,1, 0, 0, 0,1032                          ,    0,        67,0,20181230 00:24:33,1515                          ,  101, 9999,  101,  101,    0,     0,     0
 ED5.2,1821                          ,1515                          ,                    ,1215      ,                ,  101,                    ,                              ,14,0,20181230 00:31:01,    0,         0,         0,65535,65535, 9999,2,                ,0000000,0, 0,         0,    0,0000000000000000000000000000000000000000,0000000000000000000000000000000000000000,         0,         0,         0,         0,1, 0, 0, 0,1821                          ,    0,         0,0,20181230 00:31:01,1515                          ,  101, 9999,  101,  101,    0,     0,     0
 ED5.2,1445                          ,1515                          ,                    ,1215      ,                ,  101,                    ,                              ,14,0,20181230 00:31:02,    0,         0,         0,65535,65535, 9999,2,                ,0000000,0, 0,         0,    0,0000000000000000000000000000000000000000,0000000000000000000000000000000000000000,         0,         0,         0,         0,1, 0, 0, 0,1821                          ,    0,         0,1,20181230 00:31:02,1515                          ,  101, 9999,  101,  101,    0,     0,     0
 ED5.2,1821                          ,1515                          ,                    ,1215      ,                ,  101,                    ,                              ,14,0,20181230 00:33:12,    0,         0,         0,65535,65535, 9999,2,                ,0000000,0, 0,         0,    0,0000000000000000000000000000000000000000,0000000000000000000000000000000000000000,         0,         0,         0,         0,1, 0, 0, 0,1821                          ,    0,         0,0,20181230 00:33:12,1515                          ,  101, 9999,  101,  101,    0,     0,     0
 ED5.2,1445                          ,1515                          ,                    ,1215      ,                ,  101,                    ,                              ,14,0,20181230 00:33:12,    0,         0,         0,65535,65535, 9999,2,                ,0000000,0, 0,         0,    0,0000000000000000000000000000000000000000,0000000000000000000000000000000000000000,         0,         0,         0,         0,1, 0, 0, 0,1821                          ,    0,         0,1,20181230 00:33:12,1515                          ,  101, 9999,  101,  101,    0,     0,     0
 ED5.2,1515                          ,1821                          ,                    ,1632      ,                ,  101,                    ,                              ,14,0,20181230 00:35:04,    0,         0,        19,65535,65535, 9999,2,                ,0000000,0, 0,         0,    0,0000000000000000000000000000000000000000,0000000000000000000000000000000000000000,         0,         0,         0,         0,1, 0, 0, 0,1515                          ,    0,        19,0,20181230 00:34:45,1821                          ,  101, 9999,  101,  101,    0,     0,     0
