 ED5.2,2061                          ,2093                          ,                    ,4632      ,                ,  101,                    ,                              ,14,0,20181125 10:05:12,    0,         0,         0,65535,65535, 9999,2,                ,0000000,0, 0,         0,    0,0000000000000000000000000000000000000000,0000000000000000000000000000000000000000,         0,         0,         0,         0,1, 0, 0, 0,2061                          ,    0,         0,0,20181125 10:05:12,2093                          ,  101, 9999,  101,  101,    0,     0,     0
 ED5.2,4033                          ,2093                          ,                    ,4632      ,                ,  101,                    ,                              ,14,0,20181125 10:05:52,    0,         0,         0,65535,65535, 9999,2,                ,0000000,0, 0,         0,    0,0000000000000000000000000000000000000000,0000000000000000000000000000000000000000,         0,         0,         0,         0,1, 0, 0, 0,4033                          ,    0,         0,0,20181125 10:05:52,2093                          ,  101, 9999,  101,  101,    0,     0,     0
 ED5.2,2061                          ,2093                          ,                    ,4632      ,                ,  101,                    ,                              ,14,0,20181125 10:08:04,    0,         0,       128,65535,65535, 9999,2,                ,0000000,0, 0,         0,    0,0000000000000000000000000000000000000000,0000000000000000000000000000000000000000,         0,         0,         0,         0,1, 0, 0, 0,2061                          ,    0,       128,0,20181125 10:05:56,2093                          ,  101, 9999,  101,  101,    0,     0,     0
 ED5.2,2093                          ,2061                          ,                    ,4632      ,                ,  101,                    ,                              ,14,0,20181125 10:08:18,    0,         0,        10,65535,65535, 9999,2,                ,0000000,0, 0,         0,    0,0000000000000000000000000000000000000000,0000000000000000000000000000000000000000,         0,         0,         0,         0,1, 0, 0, 0,2093                          ,    0,        10,0,20181125 10:08:08,2061                          ,  101, 9999,  101,  101,    0,     0,     0
 ED5.2,008415                        ,4821                          ,CAMILO ANDRE TIR    ,1213      ,                ,  101,                    ,                              , 9,2,20181125 10:09:54,    0,         0,        31, 2815,   82,  101,2,                ,0000000,2, 0,         0,    0,0000000000000000000000000000000000000000,0000010000000000000000000000000000000000,         0,         0,         0,         0,1, 0, 0, 0,7642                          ,   32,         0,1,20181125 10:09:23,                              , 9999, 9999, 9999, 9999,32767,     0,     0
 ED5.2,4821                          ,4821                          ,CAMILO ANDRE TIR    ,1213      ,                ,  101,                    ,                              , 2,2,20181125 10:09:54,    0,         0,         0,   75,   12,  101,2,                ,0010000,2, 0,         0,    0,0000000000000000000000000000000000000000,0000010000000000000000000000000000000000,         0,         0,         0,         0,1, 0, 0, 0,                              ,    0,         0,0,20181125 10:09:54,                              , 9999, 9999, 9999, 9999,32767,     0,     0
 ED5.2,2093                          ,4033                          ,                    ,2632      ,                ,  101,                    ,                              ,14,0,20181125 10:12:55,    0,         0,       146,65535,65535, 9999,2,                ,0000000,0, 0,         0,    0,0000000000000000000000000000000000000000,0000000000000000000000000000000000000000,         0,         0,         0,         0,1, 0, 0, 0,2093                          ,    0,       146,0,20181125 10:10:29,4033                          ,  101, 9999,  101,  101,    0,     0,     0
 ED5.2,2476994                       ,1438                          ,ALEXANDRA REY CA    ,1632      ,                ,  101,                    ,                              , 0,2,20181125 10:18:05,    0,         0,         0, 1951,   11,  101,2,                ,0010000,2, 1,         0,    0,1000000000000000000000000000000000000000,0000000000000000000000010000000000001000,         0,         0,         0,         0,1, 0, 0, 0,2476994                       ,    0,         0,0,20181125 10:18:05,1438                          , 9999, 9999, 9999,  101,32767,     0,     0
 ED5.2,2476994                       ,1438                          ,ALEXANDRA REY CA    ,1632      ,                ,  101,                    ,                              , 0,2,20181125 10:25:10,    0,         0,       102, 1951,   11,  101,2,                ,0010000,2, 1,         0,    0,1000000000000000000000000000000000000000,0000000000000000000000010000000000001000,         0,         0,         0,         0,1, 0, 0, 0,2476994                       ,    0,         0,0,20181125 10:23:28,1438                          , 9999, 9999, 9999,  101,32767,     0,     0
 ED5.2,008415                        ,4821                          ,CAMILO ANDRE TIR    ,1213      ,                ,  101,                    ,                              , 9,2,20181125 10:28:01,    0,         0,        49, 2815,   82,  101,2,                ,0000000,2, 0,         0,    0,0000000000000000000000000000000000000000,0000010000000000000000000000000000000000,         0,         0,         0,         0,1, 0, 0, 0,7642                          ,   49,         0,1,20181125 10:27:12,                              , 9999, 9999, 9999, 9999,32767,     0,     0
 ED5.2,4821                          ,4821                          ,CAMILO ANDRE TIR    ,1213      ,                ,  101,                    ,                              , 2,2,20181125 10:28:01,    0,         0,         0,   76,   12,  101,2,                ,0010000,2, 0,         0,    0,0000000000000000000000000000000000000000,0000010000000000000000000000000000000000,         0,         0,         0,         0,1, 0, 0, 0,                              ,    0,         0,0,20181125 10:28:01,                              , 9999, 9999, 9999, 9999,32767,     0,     0
 ED5.2,1176                          ,1357                          ,                    ,1632      ,                ,  101,                    ,                              ,14,0,20181125 10:30:49,    0,         0,         0,65535,65535, 9999,2,                ,0000000,0, 0,         0,    0,0000000000000000000000000000000000000000,0000000000000000000000000000000000000000,         0,         0,         0,         0,1, 0, 0, 0,1176                          ,    0,         0,0,20181125 10:30:49,1357                          ,  101, 9999,  101,  101,    0,     0,     0
 ED5.2,1176                          ,1357                          ,                    ,1632      ,                ,  101,                    ,                              ,14,0,20181125 10:31:15,    0,         0,        15,65535,65535, 9999,2,                ,0000000,0, 0,         0,    0,0000000000000000000000000000000000000000,0000000000000000000000000000000000000000,         0,         0,         0,         0,1, 0, 0, 0,1176                          ,    0,        15,0,20181125 10:31:00,1357                          ,  101, 9999,  101,  101,    0,     0,     0
 ED5.2,1559                          ,2061                          ,                    ,4632      ,                ,  101,                    ,                              ,14,0,20181125 10:47:51,    0,         0,       138,65535,65535, 9999,2,                ,0000000,0, 0,         0,    0,0000000000000000000000000000000000000000,0000000000000000000000000000000000000000,         0,         0,         0,         0,1, 0, 0, 0,1559                          ,    0,       138,0,20181125 10:45:33,2061                          ,  101, 9999,  101,  101,    0,     0,     0
 ED5.2,2061                          ,2093                          ,                    ,4632      ,                ,  101,                    ,                              ,14,0,20181125 10:51:17,    0,         0,       132,65535,65535, 9999,2,                ,0000000,0, 0,         0,    0,0000000000000000000000000000000000000000,0000000000000000000000000000000000000000,         0,         0,         0,         0,1, 0, 0, 0,2061                          ,    0,       132,0,20181125 10:49:05,2093                          ,  101, 9999,  101,  101,    0,     0,     0
 ED5.2,2061                          ,2093                          ,                    ,4632      ,                ,  101,                    ,                              ,14,0,20181125 10:58:58,    0,         0,        40,65535,65535, 9999,2,                ,0000000,0, 0,         0,    0,0000000000000000000000000000000000000000,0000000000000000000000000000000000000000,         0,         0,         0,         0,1, 0, 0, 0,2061                          ,    0,        40,0,20181125 10:58:18,2093                          ,  101, 9999,  101,  101,    0,     0,     0
 ED5.2,1559                          ,2061                          ,                    ,4632      ,                ,  101,                    ,                              ,14,0,20181125 11:04:19,    0,         0,       152,65535,65535, 9999,2,                ,0000000,0, 0,         0,    0,0000000000000000000000000000000000000000,0000000000000000000000000000000000000000,         0,         0,         0,         0,1, 0, 0, 0,1559                          ,    0,       152,0,20181125 11:01:47,2061                          ,  101, 9999,  101,  101,    0,     0,     0
