 ED5.2,5155                          ,5123                          ,                    ,3952      ,                ,  101,                    ,                              ,14,0,20190119 16:03:49,    0,         0,       129,65535,65535, 9999,2,                ,0000000,0, 0,         0,    0,0000000000000000000000000000000000000000,0000000000000000000000000000000000000000,         0,         0,         0,         0,1, 0, 0, 0,5155                          ,    0,       129,0,20190119 16:01:40,5123                          ,  101, 9999,  101,  101,    0,     0,     0
 ED5.2,2013                          ,2001                          ,                    ,4635      ,                ,  101,                    ,                              ,14,0,20190119 16:06:26,    0,         0,         7,65535,65535, 9999,2,                ,0000000,0, 0,         0,    0,0000000000000000000000000000000000000000,0000000000000000000000000000000000000000,         0,         0,         0,         0,1, 0, 0, 0,2013                          ,    0,         7,0,20190119 16:06:19,2001                          ,  101, 9999,  101,  101,    0,     0,     0
 ED5.2,6442200                       ,2013                          ,CAROLINA MEJIA O    ,4425      ,                ,  101,                    ,                              , 0,2,20190119 16:06:33,    0,         0,        18,  327,   65,  101,2,                ,0010000,2, 1,         0,    0,1000000000000000000000000000000000000000,0000000000000000000000010000000000001000,         0,         0,         0,         0,1, 0, 0, 0,6442200                       ,    0,         0,0,20190119 16:06:15,2013                          , 9999, 9999, 9999,  101,32767,     0,     0
 ED5.2,4631481                       ,1896                          ,EDGAR YECID BERM    ,1632      ,                ,  101,                    ,                              , 0,2,20190119 16:13:44,    0,         0,        55,10001,   11,  101,2,                ,0010000,2, 1,         0,    0,1000000000000000000000000000000000000000,0000000000000000000000010000000000001000,         0,         0,         0,         0,1, 0, 0, 0,4631481                       ,    0,         0,0,20190119 16:12:49,1896                          , 9999, 9999, 9999,  101,32767,     0,     0
 ED5.2,8758542                       ,1212                          ,JORGE IVAN MARIN    ,1952      ,                ,  101,                    ,                              , 4,2,20190119 16:17:56,    0,         0,       241,  120,   20,  101,2,                ,0000000,3, 0,         0,    0,0000000000000000000000000000000000000000,0000000000000000000000010000000000000000,         0,         0,         0,         0,1, 0, 0, 0,A800                          ,  242,         0,1,20190119 16:13:55,                              , 9999, 9999, 9999, 9999,32767,     0,     0
 ED5.2,1445                          ,1822                          ,                    ,1632      ,                ,  101,                    ,                              ,14,0,20190119 16:39:32,    0,         0,         0,65535,65535, 9999,2,                ,0000000,0, 0,         0,    0,0000000000000000000000000000000000000000,0000000000000000000000000000000000000000,         0,         0,         0,         0,1, 0, 0, 0,1445                          ,    0,         0,0,20190119 16:39:32,1822                          ,  101, 9999,  101,  101,    0,     0,     0
 ED5.2,1234                          ,1822                          ,                    ,1632      ,                ,  101,                    ,                              ,14,0,20190119 16:39:44,    0,         0,         0,65535,65535, 9999,2,                ,0000000,0, 0,         0,    0,0000000000000000000000000000000000000000,0000000000000000000000000000000000000000,         0,         0,         0,         0,1, 0, 0, 0,1234                          ,    0,         0,0,20190119 16:39:44,1822                          ,  101, 9999,  101,  101,    0,     0,     0
 ED5.2,1820                          ,1822                          ,                    ,1632      ,                ,  101,                    ,                              ,14,0,20190119 16:39:52,    0,         0,         0,65535,65535, 9999,2,                ,0000000,0, 0,         0,    0,0000000000000000000000000000000000000000,0000000000000000000000000000000000000000,         0,         0,         0,         0,1, 0, 0, 0,1820                          ,    0,         0,0,20190119 16:39:52,1822                          ,  101, 9999,  101,  101,    0,     0,     0
 ED5.2,7436769                       ,1014                          ,RECEPCION LO COU    ,1635      ,                ,  101,                    ,                              , 4,2,20190119 16:41:04,    0,         0,        44,  120,   20,  101,2,                ,0000000,3, 0,         0,    0,0000000000000000000000000000000000000000,0000000000000000000000010000000000000000,         0,         0,         0,         0,1, 0, 0, 0,A800                          ,   44,         0,1,20190119 16:40:20,                              , 9999, 9999, 9999, 9999,32767,     0,     0
 ED5.2,1818                          ,1446                          ,                    ,1633      ,                ,  101,                    ,                              ,14,0,20190119 17:03:10,    0,         0,        20,65535,65535, 9999,2,                ,0000000,0, 0,         0,    0,0000000000000000000000000000000000000000,0000000000000000000000000000000000000000,         0,         0,         0,         0,1, 0, 0, 0,1818                          ,    0,        20,0,20190119 17:02:50,1446                          ,  101, 9999,  101,  101,    0,     0,     0
