 ED5.2,53091735                      ,FS082                         ,SIPsalida           ,          ,                ,  101,                    ,                              , 4,2,20190119 15:13:00,    0,         0,        25,10865,   82,  101,2,                ,0000000,2, 0,         0,    0,0000000000000000000000000000000000000000,0000000000000000000000010000000000000000,         0,         0,         0,         0,1, 0, 0, 0,A900                          ,   25,         0,1,20190119 15:12:35,                              , 9999, 9999, 9999, 9999,32767,     0,     0
 ED5.2,4850707                       ,2001                          ,SALAS JUNTAS 1      ,4635      ,                ,  101,                    ,                              , 0,2,20190119 15:17:59,    0,         0,         1,  313,   65,  101,2,                ,0010000,2, 1,         0,    0,1000000000000000000000000000000000000000,0000000000000000000000010000000000001000,         0,         0,         0,         0,1, 0, 0, 0,4850707                       ,    0,         0,0,20190119 15:17:58,2001                          , 9999, 9999, 9999,  101,32767,     0,     0
 ED5.2,663132930333                  ,FS020                         ,ETB                 ,          ,                ,  101,                    ,                              , 4,2,20190119 15:23:35,    0,         0,         3,  120,   20,  101,2,                ,0000000,3, 0,         0,    0,0000000000000000000000000000000000000000,0000000000000000000000010000000000000000,         0,         0,         0,         0,1, 0, 0, 0,A800                          ,    3,         0,0,20190119 15:23:32,                              , 9999, 9999, 9999, 9999,32767,     0,     0
 ED5.2,6694869                       ,1446                          ,SANDRA MILEN MER    ,1633      ,                ,  101,                    ,                              , 0,2,20190119 15:25:32,    0,         0,         0,10001,   11,  101,2,                ,0010000,2, 1,         0,    0,1000000000000000000000000000000000000000,0000000000000000000000010000000000001000,         0,         0,         0,         0,1, 0, 0, 0,6694869                       ,    0,         0,0,20190119 15:25:32,1446                          , 9999, 9999, 9999,  101,32767,     0,     0
 ED5.2,3060913                       ,1340                          ,RECEPCION MORATO    ,1635      ,                ,  101,                    ,                              , 4,2,20190119 15:27:57,    0,         0,       250,  120,   20,  101,2,                ,0000000,3, 0,         0,    0,0000000000000000000000000000000000000000,0000000000000000000000010000000000000000,         0,         0,         0,         0,1, 0, 0, 0,A800                          ,  251,         0,1,20190119 15:23:47,                              , 9999, 9999, 9999, 9999,32767,     0,     0
 ED5.2,3060913                       ,1600                          ,RECEPCION COUNTR    ,1635      ,                ,  101,                    ,                              , 4,2,20190119 15:27:57,    0,         0,       146,  121,   20,  101,2,                ,0000000,3, 0,         0,    0,0000000000000000000000000000000000000000,0000000000000000000000010000000000000000,         0,         0,         0,         0,1, 0, 0, 0,A800                          ,  146,         0,1,20190119 15:25:31,                              , 9999, 9999, 9999, 9999,32767,     0,     0
 ED5.2,6442200                       ,2042                          ,ERIKA ANDREA TRU    ,4425      ,                ,  101,                    ,                              , 0,2,20190119 15:31:14,    0,         0,        25,  314,   65,  101,2,                ,0010000,2, 1,         0,    0,1000000000000000000000000000000000000000,0000000000000000000000010000000000001000,         0,         0,         0,         0,1, 0, 0, 0,6442200                       ,    0,         0,0,20190119 15:30:49,2042                          , 9999, 9999, 9999,  101,32767,     0,     0
 ED5.2,2001                          ,2042                          ,                    ,4425      ,                ,  101,                    ,                              ,14,0,20190119 15:32:28,    0,         0,        23,65535,65535, 9999,2,                ,0000000,0, 0,         0,    0,0000000000000000000000000000000000000000,0000000000000000000000000000000000000000,         0,         0,         0,         0,1, 0, 0, 0,2001                          ,    0,        23,0,20190119 15:32:05,2042                          ,  101, 9999,  101,  101,    0,     0,     0
 ED5.2,6442200                       ,2048                          ,STEPHANY MOSQUER    ,4949      ,                ,  101,                    ,                              , 0,2,20190119 15:33:02,    0,         0,        13,  315,   65,  101,2,                ,0010000,2, 1,         0,    0,1000000000000000000000000000000000000000,0000000000000000000000010000000000001000,         0,         0,         0,         0,1, 0, 0, 0,6442200                       ,    0,         0,0,20190119 15:32:49,2048                          , 9999, 9999, 9999,  101,32767,     0,     0
 ED5.2,2001                          ,2048                          ,                    ,4949      ,                ,  101,                    ,                              ,14,0,20190119 15:33:14,    0,         0,         6,65535,65535, 9999,2,                ,0000000,0, 0,         0,    0,0000000000000000000000000000000000000000,0000000000000000000000000000000000000000,         0,         0,         0,         0,1, 0, 0, 0,2001                          ,    0,         6,0,20190119 15:33:08,2048                          ,  101, 9999,  101,  101,    0,     0,     0
 ED5.2,6604869                       ,1818                          ,DANIELA ALEJ GON    ,1632      ,                ,  101,                    ,                              , 0,2,20190119 15:33:52,    0,         0,       188,10001,   11,  101,2,                ,0010000,2, 1,         0,    0,1000000000000000000000000000000000000000,0000000000000000000000010000000000001000,         0,         0,         0,         0,1, 0, 0, 0,6604869                       ,    0,         0,0,20190119 15:30:44,1818                          , 9999, 9999, 9999,  101,32767,     0,     0
 ED5.2,6442200                       ,2043                          ,LUZ MARINA QUINT    ,4949      ,                ,  101,                    ,                              , 0,2,20190119 15:34:05,    0,         0,        24,  316,   65,  101,2,                ,0010000,2, 1,         0,    0,1000000000000000000000000000000000000000,0000000000000000000000010000000000001000,         0,         0,         0,         0,1, 0, 0, 0,6442200                       ,    0,         0,0,20190119 15:33:41,2043                          , 9999, 9999, 9999,  101,32767,     0,     0
 ED5.2,2001                          ,2043                          ,                    ,4949      ,                ,  101,                    ,                              ,14,0,20190119 15:34:18,    0,         0,         9,65535,65535, 9999,2,                ,0000000,0, 0,         0,    0,0000000000000000000000000000000000000000,0000000000000000000000000000000000000000,         0,         0,         0,         0,1, 0, 0, 0,2001                          ,    0,         9,0,20190119 15:34:09,2043                          ,  101, 9999,  101,  101,    0,     0,     0
 ED5.2,6442200                       ,2045                          ,ERNESTO  DIAZ MA    ,4949      ,                ,  101,                    ,                              , 0,2,20190119 15:34:58,    0,         0,        19,  317,   65,  101,2,                ,0010000,2, 1,         0,    0,1000000000000000000000000000000000000000,0000000000000000000000010000000000001000,         0,         0,         0,         0,1, 0, 0, 0,6442200                       ,    0,         0,0,20190119 15:34:39,2045                          , 9999, 9999, 9999,  101,32767,     0,     0
 ED5.2,2001                          ,2045                          ,                    ,4949      ,                ,  101,                    ,                              ,14,0,20190119 15:35:05,    0,         0,         5,65535,65535, 9999,2,                ,0000000,0, 0,         0,    0,0000000000000000000000000000000000000000,0000000000000000000000000000000000000000,         0,         0,         0,         0,1, 0, 0, 0,2001                          ,    0,         5,0,20190119 15:35:00,2045                          ,  101, 9999,  101,  101,    0,     0,     0
 ED5.2,2050                          ,2001                          ,                    ,4635      ,                ,  101,                    ,                              ,14,0,20190119 15:35:52,    0,         0,         4,65535,65535, 9999,2,                ,0000000,0, 0,         0,    0,0000000000000000000000000000000000000000,0000000000000000000000000000000000000000,         0,         0,         0,         0,1, 0, 0, 0,2050                          ,    0,         4,0,20190119 15:35:48,2001                          ,  101, 9999,  101,  101,    0,     0,     0
 ED5.2,6442200                       ,2050                          ,YULIANA ANDR TEJ    ,4949      ,                ,  101,                    ,                              , 0,2,20190119 15:36:01,    0,         0,        37,  318,   65,  101,2,                ,0010000,2, 1,         0,    0,1000000000000000000000000000000000000000,0000000000000000000000010000000000001000,         0,         0,         0,         0,1, 0, 0, 0,6442200                       ,    0,         0,0,20190119 15:35:24,2050                          , 9999, 9999, 9999,  101,32767,     0,     0
 ED5.2,2049                          ,2001                          ,                    ,4635      ,                ,  101,                    ,                              ,14,0,20190119 15:37:01,    0,         0,         6,65535,65535, 9999,2,                ,0000000,0, 0,         0,    0,0000000000000000000000000000000000000000,0000000000000000000000000000000000000000,         0,         0,         0,         0,1, 0, 0, 0,2049                          ,    0,         6,0,20190119 15:36:55,2001                          ,  101, 9999,  101,  101,    0,     0,     0
 ED5.2,6442200                       ,2049                          ,JUAN ESTEBAN ROD    ,4949      ,                ,  101,                    ,                              , 0,2,20190119 15:37:06,    0,         0,        22,  319,   65,  101,2,                ,0010000,2, 1,         0,    0,1000000000000000000000000000000000000000,0000000000000000000000010000000000001000,         0,         0,         0,         0,1, 0, 0, 0,6442200                       ,    0,         0,0,20190119 15:36:44,2049                          , 9999, 9999, 9999,  101,32767,     0,     0
 ED5.2,2017                          ,2001                          ,                    ,4635      ,                ,  101,                    ,                              ,14,0,20190119 15:38:12,    0,         0,         5,65535,65535, 9999,2,                ,0000000,0, 0,         0,    0,0000000000000000000000000000000000000000,0000000000000000000000000000000000000000,         0,         0,         0,         0,1, 0, 0, 0,2017                          ,    0,         5,0,20190119 15:38:07,2001                          ,  101, 9999,  101,  101,    0,     0,     0
 ED5.2,6442200                       ,2017                          ,CLAUDIA MILE VEL    ,4952      ,                ,  101,                    ,                              , 0,2,20190119 15:38:25,    0,         0,        29,  320,   65,  101,2,                ,0010000,2, 1,         0,    0,1000000000000000000000000000000000000000,0000000000000000000000010000000000001000,         0,         0,         0,         0,1, 0, 0, 0,6442200                       ,    0,         0,0,20190119 15:37:56,2017                          , 9999, 9999, 9999,  101,32767,     0,     0
 ED5.2,6442200                       ,2004                          ,KAREN ANDREA BLA    ,4949      ,                ,  101,                    ,                              , 0,2,20190119 15:39:06,    0,         0,        17,  321,   65,  101,2,                ,0010000,2, 1,         0,    0,1000000000000000000000000000000000000000,0000000000000000000000010000000000001000,         0,         0,         0,         0,1, 0, 0, 0,6442200                       ,    0,         0,0,20190119 15:38:49,2004                          , 9999, 9999, 9999,  101,32767,     0,     0
 ED5.2,2004                          ,2001                          ,                    ,4635      ,                ,  101,                    ,                              ,14,0,20190119 15:39:16,    0,         0,         5,65535,65535, 9999,2,                ,0000000,0, 0,         0,    0,0000000000000000000000000000000000000000,0000000000000000000000000000000000000000,         0,         0,         0,         0,1, 0, 0, 0,2004                          ,    0,         5,0,20190119 15:39:11,2001                          ,  101, 9999,  101,  101,    0,     0,     0
 ED5.2,2056                          ,2062                          ,                    ,4952      ,                ,  101,                    ,                              ,14,0,20190119 15:43:58,    0,         0,         0,65535,65535, 9999,2,                ,0000000,0, 0,         0,    0,0000000000000000000000000000000000000000,0000000000000000000000000000000000000000,         0,         0,         0,         0,1, 0, 0, 0,2056                          ,    0,         0,0,20190119 15:43:58,2062                          ,  101, 9999,  101,  101,    0,     0,     0
 ED5.2,2076                          ,2062                          ,                    ,4952      ,                ,  101,                    ,                              ,14,0,20190119 15:44:06,    0,         0,         0,65535,65535, 9999,2,                ,0000000,0, 0,         0,    0,0000000000000000000000000000000000000000,0000000000000000000000000000000000000000,         0,         0,         0,         0,1, 0, 0, 0,2076                          ,    0,         0,0,20190119 15:44:06,2062                          ,  101, 9999,  101,  101,    0,     0,     0
 ED5.2,6442200                       ,2076                          ,KELI MILADY GONZ    ,4952      ,                ,  101,                    ,                              , 0,2,20190119 15:44:41,    0,         0,        15,  322,   65,  101,2,                ,0010000,2, 1,         0,    0,1000000000000000000000000000000000000000,0000000000000000000000010000000000001000,         0,         0,         0,         0,1, 0, 0, 0,6442200                       ,    0,         0,0,20190119 15:44:26,2076                          , 9999, 9999, 9999,  101,32767,     0,     0
 ED5.2,2001                          ,2076                          ,                    ,4952      ,                ,  101,                    ,                              ,14,0,20190119 15:44:56,    0,         0,         8,65535,65535, 9999,2,                ,0000000,0, 0,         0,    0,0000000000000000000000000000000000000000,0000000000000000000000000000000000000000,         0,         0,         0,         0,1, 0, 0, 0,2001                          ,    0,         8,0,20190119 15:44:48,2076                          ,  101, 9999,  101,  101,    0,     0,     0
 ED5.2,6442200                       ,2027                          ,JANETH MILEN MER    ,4952      ,                ,  101,                    ,                              , 0,2,20190119 15:45:32,    0,         0,        16,  323,   65,  101,2,                ,0010000,2, 1,         0,    0,1000000000000000000000000000000000000000,0000000000000000000000010000000000001000,         0,         0,         0,         0,1, 0, 0, 0,6442200                       ,    0,         0,0,20190119 15:45:16,2027                          , 9999, 9999, 9999,  101,32767,     0,     0
 ED5.2,2001                          ,2027                          ,                    ,4952      ,                ,  101,                    ,                              ,14,0,20190119 15:45:49,    0,         0,         3,65535,65535, 9999,2,                ,0000000,0, 0,         0,    0,0000000000000000000000000000000000000000,0000000000000000000000000000000000000000,         0,         0,         0,         0,1, 0, 0, 0,2001                          ,    0,         3,0,20190119 15:45:46,2027                          ,  101, 9999,  101,  101,    0,     0,     0
 ED5.2,6442200                       ,2029                          ,YAMILETH MONTENE    ,4952      ,                ,  101,                    ,                              , 0,2,20190119 15:46:19,    0,         0,        15,  324,   65,  101,2,                ,0010000,2, 1,         0,    0,1000000000000000000000000000000000000000,0000000000000000000000010000000000001000,         0,         0,         0,         0,1, 0, 0, 0,6442200                       ,    0,         0,0,20190119 15:46:04,2029                          , 9999, 9999, 9999,  101,32767,     0,     0
 ED5.2,2001                          ,2029                          ,                    ,4952      ,                ,  101,                    ,                              ,14,0,20190119 15:46:51,    0,         0,        18,65535,65535, 9999,2,                ,0000000,0, 0,         0,    0,0000000000000000000000000000000000000000,0000000000000000000000000000000000000000,         0,         0,         0,         0,1, 0, 0, 0,2001                          ,    0,        18,0,20190119 15:46:33,2029                          ,  101, 9999,  101,  101,    0,     0,     0
 ED5.2,2001                          ,2029                          ,                    ,4952      ,                ,  101,                    ,                              ,14,0,20190119 15:48:31,    0,         0,        79,65535,65535, 9999,2,                ,0000000,0, 0,         0,    0,0000000000000000000000000000000000000000,0000000000000000000000000000000000000000,         0,         0,         0,         0,1, 0, 0, 0,2001                          ,    0,        79,0,20190119 15:47:12,2029                          ,  101, 9999,  101,  101,    0,     0,     0
 ED5.2,5788284                       ,4020                          ,MARISOL BETANCUR    ,2952      ,                ,  101,                    ,                              , 4,2,20190119 15:49:51,    0,         0,        92,10445,   15,  101,2,                ,0000000,2, 0,         0,    0,0000000000000000000000000000000000000000,0000000000000000000000010000000000000000,         0,         0,         0,         0,1, 0, 0, 0,A800                          ,   93,         0,1,20190119 15:48:19,                              , 9999, 9999, 9999, 9999,32767,     0,     0
 ED5.2,4055                          ,4025                          ,                    ,2952      ,                ,  101,                    ,                              ,14,0,20190119 15:52:33,    0,         0,        37,65535,65535, 9999,2,                ,0000000,0, 0,         0,    0,0000000000000000000000000000000000000000,0000000000000000000000000000000000000000,         0,         0,         0,         0,1, 0, 0, 0,4055                          ,    0,        37,0,20190119 15:51:56,4025                          ,  101, 9999,  101,  101,    0,     0,     0
 ED5.2,6442200                       ,2073                          ,YAMILETH VIVEROS    ,4952      ,                ,  101,                    ,                              , 0,2,20190119 15:56:27,    0,         0,        17,  325,   65,  101,2,                ,0010000,2, 1,         0,    0,1000000000000000000000000000000000000000,0000000000000000000000010000000000001000,         0,         0,         0,         0,1, 0, 0, 0,6442200                       ,    0,         0,0,20190119 15:56:10,2073                          , 9999, 9999, 9999,  101,32767,     0,     0
 ED5.2,2073                          ,2001                          ,                    ,4635      ,                ,  101,                    ,                              ,14,0,20190119 15:56:38,    0,         0,         3,65535,65535, 9999,2,                ,0000000,0, 0,         0,    0,0000000000000000000000000000000000000000,0000000000000000000000000000000000000000,         0,         0,         0,         0,1, 0, 0, 0,2073                          ,    0,         3,0,20190119 15:56:35,2001                          ,  101, 9999,  101,  101,    0,     0,     0
 ED5.2,2056                          ,2001                          ,                    ,4635      ,                ,  101,                    ,                              ,14,0,20190119 15:57:17,    0,         0,         4,65535,65535, 9999,2,                ,0000000,0, 0,         0,    0,0000000000000000000000000000000000000000,0000000000000000000000000000000000000000,         0,         0,         0,         0,1, 0, 0, 0,2056                          ,    0,         4,0,20190119 15:57:13,2001                          ,  101, 9999,  101,  101,    0,     0,     0
 ED5.2,6442200                       ,2056                          ,LIBRE LIBRE         ,4952      ,                ,  101,                    ,                              , 0,2,20190119 15:57:20,    0,         0,        17,  326,   65,  101,2,                ,0010000,2, 1,         0,    0,1000000000000000000000000000000000000000,0000000000000000000000010000000000001000,         0,         0,         0,         0,1, 0, 0, 0,6442200                       ,    0,         0,0,20190119 15:57:03,2056                          , 9999, 9999, 9999,  101,32767,     0,     0
 ED5.2,7434014                       ,FS082                         ,SIPsalida           ,          ,                ,  101,                    ,                              , 4,2,20190119 15:58:20,    0,         0,         4,10865,   82,  101,2,                ,0000000,2, 0,         0,    0,0000000000000000000000000000000000000000,0000000000000000000000010000000000000000,         0,         0,         0,         0,1, 0, 0, 0,A500                          ,    4,         0,0,20190119 15:58:16,                              , 9999, 9999, 9999, 9999,32767,     0,     0
 ED5.2,2001                          ,2059                          ,                    ,1425      ,                ,  101,                    ,                              ,14,0,20190119 16:00:54,    0,         0,        33,65535,65535, 9999,2,                ,0000000,0, 0,         0,    0,0000000000000000000000000000000000000000,0000000000000000000000000000000000000000,         0,         0,         0,         0,1, 0, 0, 0,2001                          ,    0,        33,0,20190119 16:00:21,2059                          ,  101, 9999,  101,  101,    0,     0,     0
