 ED5.2,7315072                       ,3265                          ,RIGOBERTO  CARMO    ,1949      ,                ,  101,                    ,                              , 0,2,20190131 20:08:25,    0,         0,        22,10866,   82,  101,2,                ,0010000,2, 1,         0,    0,1000000000000000000000000000000000000000,0000000000000000000000010000000000001000,         0,         0,         0,         0,1, 0, 0, 0,7315072                       ,    0,         0,0,20190131 20:08:03,3265                          , 9999, 9999, 9999,  101,32767,     0,     0
 ED5.2,3911793                       ,1145                          ,BIBIANA RODRIGUE    ,1949      ,                ,  101,                    ,                              , 0,2,20190131 20:08:29,    0,         0,         0,10001,   11,  101,2,                ,0010000,2, 1,         0,    0,1000000000000000000000000000000000000000,0000000000000000000000010000000000001000,         0,         0,         0,         0,1, 0, 0, 0,3911793                       ,    0,         0,0,20190131 20:08:29,1145                          , 9999, 9999, 9999,  101,32767,     0,     0
 ED5.2,1241                          ,1326                          ,                    ,1945      ,                ,  101,                    ,                              ,14,0,20190131 20:09:05,    0,         0,         0,65535,65535, 9999,2,                ,0000000,0, 0,         0,    0,0000000000000000000000000000000000000000,0000000000000000000000000000000000000000,         0,         0,         0,         0,1, 0, 0, 0,1241                          ,    0,         0,0,20190131 20:09:05,1326                          ,  101, 9999,  101,  101,    0,     0,     0
 ED5.2,1228                          ,1326                          ,                    ,1945      ,                ,  101,                    ,                              ,14,0,20190131 20:09:21,    0,         0,         0,65535,65535, 9999,2,                ,0000000,0, 0,         0,    0,0000000000000000000000000000000000000000,0000000000000000000000000000000000000000,         0,         0,         0,         0,1, 0, 0, 0,1241                          ,    0,         0,1,20190131 20:09:21,1326                          ,  101, 9999,  101,  101,    0,     0,     0
 ED5.2,1420                          ,1326                          ,                    ,1945      ,                ,  101,                    ,                              ,14,0,20190131 20:09:36,    0,         0,         0,65535,65535, 9999,2,                ,0000000,0, 0,         0,    0,0000000000000000000000000000000000000000,0000000000000000000000000000000000000000,         0,         0,         0,         0,1, 0, 0, 0,1241                          ,    0,         0,1,20190131 20:09:36,1326                          ,  101, 9999,  101,  101,    0,     0,     0
 ED5.2,1685                          ,1326                          ,                    ,1945      ,                ,  101,                    ,                              ,14,0,20190131 20:09:39,    0,         0,         0,65535,65535, 9999,2,                ,0000000,0, 0,         0,    0,0000000000000000000000000000000000000000,0000000000000000000000000000000000000000,         0,         0,         0,         0,1, 0, 0, 0,1241                          ,    0,         0,1,20190131 20:09:39,1326                          ,  101, 9999,  101,  101,    0,     0,     0
 ED5.2,1322                          ,1211                          ,                    ,1952      ,                ,  101,                    ,                              ,14,0,20190131 20:09:59,    0,         0,       132,65535,65535, 9999,2,                ,0000000,0, 0,         0,    0,0000000000000000000000000000000000000000,0000000000000000000000000000000000000000,         0,         0,         0,         0,1, 0, 0, 0,1322                          ,    0,       132,0,20190131 20:07:47,1211                          ,  101, 9999,  101,  101,    0,     0,     0
 ED5.2,3911796                       ,1145                          ,BIBIANA RODRIGUE    ,1949      ,                ,  101,                    ,                              , 0,2,20190131 20:11:21,    0,         0,       161,10001,   11,  101,2,                ,0010000,2, 1,         0,    0,1000000000000000000000000000000000000000,0000000000000000000000010000000000001000,         0,         0,         0,         0,1, 0, 0, 0,3911796                       ,    0,         0,0,20190131 20:08:40,1145                          , 9999, 9999, 9999,  101,32767,     0,     0
 ED5.2,3323                          ,1581                          ,                    ,1949      ,                ,  101,                    ,                              ,14,0,20190131 20:14:25,    0,         0,         0,65535,65535, 9999,2,                ,0000000,0, 0,         0,    0,0000000000000000000000000000000000000000,0000000000000000000000000000000000000000,         0,         0,         0,         0,1, 0, 0, 0,3323                          ,    0,         0,0,20190131 20:14:25,1581                          ,  101, 9999,  101,  101,    0,     0,     0
 ED5.2,1024                          ,1466                          ,                    ,1638      ,                ,  101,                    ,                              ,14,0,20190131 20:14:32,    0,         0,       104,65535,65535, 9999,2,                ,0000000,0, 0,         0,    0,0000000000000000000000000000000000000000,0000000000000000000000000000000000000000,         0,         0,         0,         0,1, 0, 0, 0,1024                          ,    0,       104,0,20190131 20:12:48,1466                          ,  101, 9999,  101,  101,    0,     0,     0
 ED5.2,3323646                       ,1581                          ,MYRIAM STELL GAR    ,1949      ,                ,  101,                    ,                              , 0,2,20190131 20:14:38,    0,         0,         0,10866,   82,  101,2,                ,0010000,2, 1,         0,    0,1000000000000000000000000000000000000000,0000000000000000000000010000000000001000,         0,         0,         0,         0,1, 0, 0, 0,3323646                       ,    0,         0,0,20190131 20:14:38,1581                          , 9999, 9999, 9999,  101,32767,     0,     0
 ED5.2,2123505                       ,1526                          ,DIEGO ALEXAN LOP    ,1632      ,                ,  101,                    ,                              , 0,2,20190131 20:15:24,    0,         0,        14,10002,   11,  101,2,                ,0010000,2, 1,         0,    0,1000000000000000000000000000000000000000,0000000000000000000000010000000000001000,         0,         0,         0,         0,1, 0, 0, 0,2123505                       ,    0,         0,0,20190131 20:15:10,1526                          , 9999, 9999, 9999,  101,32767,     0,     0
 ED5.2,1340                          ,1343                          ,                    ,1944      ,                ,  101,                    ,                              ,14,0,20190131 20:15:35,    0,         0,         0,65535,65535, 9999,2,                ,0000000,0, 0,         0,    0,0000000000000000000000000000000000000000,0000000000000000000000000000000000000000,         0,         0,         0,         0,1, 0, 0, 0,1340                          ,    0,         0,0,20190131 20:15:35,1343                          ,  101, 9999,  101,  101,    0,     0,     0
 ED5.2,88                            ,1343                          ,                    ,1944      ,                ,  101,                    ,                              ,14,0,20190131 20:15:37,    0,         0,         2,65535,65535, 9999,2,                ,0000000,0, 0,         0,    0,0000000000000000000000000000000000000000,0000000000000000000000000000000000000000,         0,         0,         0,         0,1, 0, 0, 0,1340                          ,    0,         2,1,20190131 20:15:35,1343                          ,  101, 9999,  101,  101,    0,     0,     0
 ED5.2,1340                          ,1343                          ,                    ,1944      ,                ,  101,                    ,                              ,14,0,20190131 20:15:55,    0,         0,         0,65535,65535, 9999,2,                ,0000000,0, 0,         0,    0,0000000000000000000000000000000000000000,0000000000000000000000000000000000000000,         0,         0,         0,         0,1, 0, 0, 0,1340                          ,    0,         0,0,20190131 20:15:55,1343                          ,  101, 9999,  101,  101,    0,     0,     0
 ED5.2,88                            ,1343                          ,                    ,1944      ,                ,  101,                    ,                              ,14,0,20190131 20:16:00,    0,         0,         5,65535,65535, 9999,2,                ,0000000,0, 0,         0,    0,0000000000000000000000000000000000000000,0000000000000000000000000000000000000000,         0,         0,         0,         0,1, 0, 0, 0,1340                          ,    0,         5,1,20190131 20:15:55,1343                          ,  101, 9999,  101,  101,    0,     0,     0
 ED5.2,4399156                       ,2092                          ,SHARON DAYAN SOL    ,4632      ,                ,  101,                    ,                              , 0,2,20190131 20:16:16,    0,         0,       544,  300,   65,  101,2,                ,0010000,2, 1,         0,    0,1000000000000000000000000000000000000000,0000000000000000000000010000000000001000,         0,         0,         0,         0,1, 0, 0, 0,4399156                       ,    0,         0,0,20190131 20:07:12,2092                          , 9999, 9999, 9999,  101,32767,     0,     0
 ED5.2,1340                          ,1343                          ,                    ,1944      ,                ,  101,                    ,                              ,14,0,20190131 20:16:17,    0,         0,         0,65535,65535, 9999,2,                ,0000000,0, 0,         0,    0,0000000000000000000000000000000000000000,0000000000000000000000000000000000000000,         0,         0,         0,         0,1, 0, 0, 0,1340                          ,    0,         0,0,20190131 20:16:17,1343                          ,  101, 9999,  101,  101,    0,     0,     0
 ED5.2,88                            ,1343                          ,                    ,1944      ,                ,  101,                    ,                              ,14,0,20190131 20:16:23,    0,         0,         6,65535,65535, 9999,2,                ,0000000,0, 0,         0,    0,0000000000000000000000000000000000000000,0000000000000000000000000000000000000000,         0,         0,         0,         0,1, 0, 0, 0,1340                          ,    0,         6,1,20190131 20:16:17,1343                          ,  101, 9999,  101,  101,    0,     0,     0
 ED5.2,6103842                       ,1168                          ,JENNY PAOLA PARD    ,1952      ,                ,  101,                    ,                              , 0,2,20190131 20:16:28,    0,         0,       180,10001,   11,  101,2,                ,0010000,2, 1,         0,    0,1000000000000000000000000000000000000000,0000000000000000000000010000000000001000,         0,         0,         0,         0,1, 0, 0, 0,6103842                       ,    0,         0,0,20190131 20:13:28,1168                          , 9999, 9999, 9999,  101,32767,     0,     0
 ED5.2,1526                          ,1438                          ,                    ,1632      ,                ,  101,                    ,                              ,14,0,20190131 20:17:26,    0,         0,         0,65535,65535, 9999,2,                ,0000000,0, 0,         0,    0,0000000000000000000000000000000000000000,0000000000000000000000000000000000000000,         0,         0,         0,         0,1, 0, 0, 0,1526                          ,    0,         0,0,20190131 20:17:26,1438                          ,  101, 9999,  101,  101,    0,     0,     0
 ED5.2,663502832884                  ,1334                          ,CAJERO RECAUDO      ,1949      ,                ,  101,                    ,                              , 4,2,20190131 20:17:59,    0,         0,        88,  121,   20,  101,2,                ,0000000,3, 0,         0,    0,0000000000000000000000000000000000000000,0000000000000000000000010000000000000000,         0,         0,         0,         0,1, 0, 0, 0,A800                          ,   24,        64,0,20190131 20:16:31,                              , 9999, 9999, 9999, 9999,32767,     0,     0
 ED5.2,7484601                       ,1677                          ,JAVIER ANDRE NIE    ,1632      ,                ,  101,                    ,                              , 4,2,20190131 20:19:33,    0,         0,      1043,  120,   20,  101,2,                ,0000000,3, 0,         0,    0,0000000000000000000000000000000000000000,0000000000000000000000010000000000000000,         0,         0,         0,         0,1, 0, 0, 0,A800                          ,   11,      1033,0,20190131 20:02:10,                              , 9999, 9999, 9999, 9999,32767,     0,     0
 ED5.2,3036370                       ,3239                          ,JOSE ANTONIO ECH    ,1979      ,                ,  101,                    ,                              , 4,2,20190131 20:19:50,    0,         0,        72,10866,   82,  101,2,                ,0000000,2, 0,         0,    0,0000000000000000000000000000000000000000,0000000000000000000000010000000000000000,         0,         0,         0,         0,1, 0, 0, 0,A500                          ,    7,        65,0,20190131 20:18:38,                              , 9999, 9999, 9999, 9999,32767,     0,     0
 ED5.2,1210                          ,1032                          ,                    ,1632      ,                ,  101,                    ,                              ,14,0,20190131 20:20:16,    0,         0,        79,65535,65535, 9999,2,                ,0000000,0, 0,         0,    0,0000000000000000000000000000000000000000,0000000000000000000000000000000000000000,         0,         0,         0,         0,1, 0, 0, 0,1210                          ,    0,        79,0,20190131 20:18:57,1032                          ,  101, 9999,  101,  101,    0,     0,     0
 ED5.2,3036370                       ,3239                          ,JOSE ANTONIO ECH    ,1979      ,                ,  101,                    ,                              , 4,2,20190131 20:20:25,    0,         0,        23,10866,   82,  101,2,                ,0000000,2, 0,         0,    0,0000000000000000000000000000000000000000,0000000000000000000000010000000000000000,         0,         0,         0,         0,1, 0, 0, 0,A500                          ,   14,         9,0,20190131 20:20:02,                              , 9999, 9999, 9999, 9999,32767,     0,     0
 ED5.2,4201730                       ,2020                          ,ESTEFANI XIO MON    ,4635      ,                ,  101,                    ,                              , 4,2,20190131 20:21:47,    0,         0,        25,  301,   65,  101,2,                ,0000000,3, 0,         0,    0,0000000000000000000000000000000000000000,0000000000000000000000010000000000000000,         0,         0,         0,         0,1, 0, 0, 0,A600                          ,   25,         0,0,20190131 20:21:22,                              , 9999, 9999, 9999, 9999,32767,     0,     0
 ED5.2,3269                          ,3211                          ,                    ,1911      ,                ,  101,                    ,                              ,14,0,20190131 20:24:28,    0,         0,         0,65535,65535, 9999,2,                ,0000000,0, 0,         0,    0,0000000000000000000000000000000000000000,0000000000000000000000000000000000000000,         0,         0,         0,         0,1, 0, 0, 0,3269                          ,    0,         0,0,20190131 20:24:28,3211                          ,  101, 9999,  101,  101,    0,     0,     0
 ED5.2,3243                          ,1032                          ,                    ,1632      ,                ,  101,                    ,                              ,14,0,20190131 20:24:36,    0,         0,       242,65535,65535, 9999,2,                ,0000000,0, 0,         0,    0,0000000000000000000000000000000000000000,0000000000000000000000000000000000000000,         0,         0,         0,         0,1, 0, 0, 0,3243                          ,    0,       242,0,20190131 20:20:34,1032                          ,  101, 9999,  101,  101,    0,     0,     0
 ED5.2,7436769                       ,1600                          ,RECEPCION COUNTR    ,1635      ,                ,  101,                    ,                              , 4,2,20190131 20:25:08,    0,         0,        51,  120,   20,  101,2,                ,0000000,3, 0,         0,    0,0000000000000000000000000000000000000000,0000000000000000000000010000000000000000,         0,         0,         0,         0,1, 0, 0, 0,A800                          ,   52,         0,1,20190131 20:24:17,                              , 9999, 9999, 9999, 9999,32767,     0,     0
 ED5.2,1024                          ,1213                          ,                    ,1911      ,                ,  101,                    ,                              ,14,0,20190131 20:25:52,    0,         0,       114,65535,65535, 9999,2,                ,0000000,0, 0,         0,    0,0000000000000000000000000000000000000000,0000000000000000000000000000000000000000,         0,         0,         0,         0,1, 0, 0, 0,1024                          ,    0,       114,0,20190131 20:23:58,1213                          ,  101, 9999,  101,  101,    0,     0,     0
 ED5.2,1340                          ,1343                          ,                    ,1944      ,                ,  101,                    ,                              ,14,0,20190131 20:26:08,    0,         0,         0,65535,65535, 9999,2,                ,0000000,0, 0,         0,    0,0000000000000000000000000000000000000000,0000000000000000000000000000000000000000,         0,         0,         0,         0,1, 0, 0, 0,1340                          ,    0,         0,0,20190131 20:26:08,1343                          ,  101, 9999,  101,  101,    0,     0,     0
 ED5.2,6420669                       ,5204                          ,IRINA PAOLA INSI    ,7952      ,                ,  101,                    ,                              , 0,1,20190131 20:26:09,    0,         0,       349,  404,   81,  101,2,                ,0010000,0, 0,         0,    0,0000000000000000000000000000000000000000,0000000000000000000000010000000000001000,         0,         0,         0,         0,1, 0, 0, 0,6420669                       ,    0,         0,0,20190131 20:20:20,5204                          , 9999, 9999, 9999,  101,32767,     0,     0
 ED5.2,88                            ,1343                          ,                    ,1944      ,                ,  101,                    ,                              ,14,0,20190131 20:26:10,    0,         0,         2,65535,65535, 9999,2,                ,0000000,0, 0,         0,    0,0000000000000000000000000000000000000000,0000000000000000000000000000000000000000,         0,         0,         0,         0,1, 0, 0, 0,1340                          ,    0,         2,1,20190131 20:26:08,1343                          ,  101, 9999,  101,  101,    0,     0,     0
 ED5.2,1223                          ,3243                          ,                    ,1949      ,                ,  101,                    ,                              ,14,0,20190131 20:26:42,    0,         0,         0,65535,65535, 9999,2,                ,0000000,0, 0,         0,    0,0000000000000000000000000000000000000000,0000000000000000000000000000000000000000,         0,         0,         0,         0,1, 0, 0, 0,1223                          ,    0,         0,0,20190131 20:26:42,3243                          ,  101, 9999,  101,  101,    0,     0,     0
 ED5.2,1032                          ,1736                          ,                    ,1635      ,                ,  101,                    ,                              ,14,0,20190131 20:26:46,    0,         0,         9,65535,65535, 9999,2,                ,0000000,0, 0,         0,    0,0000000000000000000000000000000000000000,0000000000000000000000000000000000000000,         0,         0,         0,         0,1, 0, 0, 0,1032                          ,    0,         9,0,20190131 20:26:37,1736                          ,  101, 9999,  101,  101,    0,     0,     0
 ED5.2,1032                          ,3243                          ,                    ,1949      ,                ,  101,                    ,                              ,14,0,20190131 20:26:54,    0,         0,         0,65535,65535, 9999,2,                ,0000000,0, 0,         0,    0,0000000000000000000000000000000000000000,0000000000000000000000000000000000000000,         0,         0,         0,         0,1, 0, 0, 0,1223                          ,    0,         0,1,20190131 20:26:54,3243                          ,  101, 9999,  101,  101,    0,     0,     0
 ED5.2,1304                          ,1736                          ,                    ,1635      ,                ,  101,                    ,                              ,14,0,20190131 20:27:01,    0,         0,         6,65535,65535, 9999,2,                ,0000000,0, 0,         0,    0,0000000000000000000000000000000000000000,0000000000000000000000000000000000000000,         0,         0,         0,         0,1, 0, 0, 0,1304                          ,    0,         6,0,20190131 20:26:55,1736                          ,  101, 9999,  101,  101,    0,     0,     0
 ED5.2,1452                          ,1304                          ,                    ,1632      ,                ,  101,                    ,                              ,14,0,20190131 20:27:14,    0,         0,         8,65535,65535, 9999,2,                ,0000000,0, 0,         0,    0,0000000000000000000000000000000000000000,0000000000000000000000000000000000000000,         0,         0,         0,         0,1, 0, 0, 0,1452                          ,    0,         8,0,20190131 20:27:06,1304                          ,  101, 9999,  101,  101,    0,     0,     0
 ED5.2,1347                          ,1736                          ,                    ,1635      ,                ,  101,                    ,                              ,14,0,20190131 20:27:29,    0,         0,         6,65535,65535, 9999,2,                ,0000000,0, 0,         0,    0,0000000000000000000000000000000000000000,0000000000000000000000000000000000000000,         0,         0,         0,         0,1, 0, 0, 0,1347                          ,    0,         6,0,20190131 20:27:23,1736                          ,  101, 9999,  101,  101,    0,     0,     0
 ED5.2,6604869                       ,3243                          ,FERMIN ORDONEZ      ,1949      ,                ,  101,                    ,                              , 0,2,20190131 20:27:47,    0,         0,        24,10001,   11,  101,2,                ,0010000,2, 1,         0,    0,1000000000000000000000000000000000000000,0000000000000000000000010000000000001000,         0,         0,         0,         0,1, 0, 0, 0,6604869                       ,    0,         0,0,20190131 20:27:23,3243                          , 9999, 9999, 9999,  101,32767,     0,     0
 ED5.2,1677                          ,1736                          ,                    ,1635      ,                ,  101,                    ,                              ,14,0,20190131 20:27:50,    0,         0,         7,65535,65535, 9999,2,                ,0000000,0, 0,         0,    0,0000000000000000000000000000000000000000,0000000000000000000000000000000000000000,         0,         0,         0,         0,1, 0, 0, 0,1677                          ,    0,         7,0,20190131 20:27:43,1736                          ,  101, 9999,  101,  101,    0,     0,     0
 ED5.2,1467                          ,1736                          ,                    ,1635      ,                ,  101,                    ,                              ,14,0,20190131 20:28:12,    0,         0,         0,65535,65535, 9999,2,                ,0000000,0, 0,         0,    0,0000000000000000000000000000000000000000,0000000000000000000000000000000000000000,         0,         0,         0,         0,1, 0, 0, 0,1467                          ,    0,         0,0,20190131 20:28:12,1736                          ,  101, 9999,  101,  101,    0,     0,     0
 ED5.2,1084                          ,1736                          ,                    ,1635      ,                ,  101,                    ,                              ,14,0,20190131 20:28:27,    0,         0,         0,65535,65535, 9999,2,                ,0000000,0, 0,         0,    0,0000000000000000000000000000000000000000,0000000000000000000000000000000000000000,         0,         0,         0,         0,1, 0, 0, 0,1467                          ,    0,         0,1,20190131 20:28:27,1736                          ,  101, 9999,  101,  101,    0,     0,     0
 ED5.2,1129                          ,1357                          ,                    ,1632      ,                ,  101,                    ,                              ,14,0,20190131 20:28:30,    0,         0,       421,65535,65535, 9999,2,                ,0000000,0, 0,         0,    0,0000000000000000000000000000000000000000,0000000000000000000000000000000000000000,         0,         0,         0,         0,1, 0, 0, 0,1129                          ,    0,       421,0,20190131 20:21:29,1357                          ,  101, 9999,  101,  101,    0,     0,     0
 ED5.2,1026                          ,1736                          ,                    ,1635      ,                ,  101,                    ,                              ,14,0,20190131 20:28:43,    0,         0,         0,65535,65535, 9999,2,                ,0000000,0, 0,         0,    0,0000000000000000000000000000000000000000,0000000000000000000000000000000000000000,         0,         0,         0,         0,1, 0, 0, 0,1467                          ,    0,         0,1,20190131 20:28:43,1736                          ,  101, 9999,  101,  101,    0,     0,     0
 ED5.2,305122                        ,1145                          ,BIBIANA RODRIGUE    ,1949      ,                ,  101,                    ,                              , 4,2,20190131 20:28:48,    0,         0,        55,  120,   20,  101,2,                ,0000000,3, 0,         0,    0,0000000000000000000000000000000000000000,0000000000000000000000010000000000000000,         0,         0,         0,         0,1, 0, 0, 0,A800                          ,   55,         0,1,20190131 20:27:53,                              , 9999, 9999, 9999, 9999,32767,     0,     0
 ED5.2,1468                          ,1736                          ,                    ,1635      ,                ,  101,                    ,                              ,14,0,20190131 20:28:49,    0,         0,         0,65535,65535, 9999,2,                ,0000000,0, 0,         0,    0,0000000000000000000000000000000000000000,0000000000000000000000000000000000000000,         0,         0,         0,         0,1, 0, 0, 0,1467                          ,    0,         0,1,20190131 20:28:49,1736                          ,  101, 9999,  101,  101,    0,     0,     0
 ED5.2,1467                          ,1736                          ,                    ,1635      ,                ,  101,                    ,                              ,14,0,20190131 20:29:09,    0,         0,         0,65535,65535, 9999,2,                ,0000000,0, 0,         0,    0,0000000000000000000000000000000000000000,0000000000000000000000000000000000000000,         0,         0,         0,         0,1, 0, 0, 0,1467                          ,    0,         0,0,20190131 20:29:09,1736                          ,  101, 9999,  101,  101,    0,     0,     0
 ED5.2,1084                          ,1736                          ,                    ,1635      ,                ,  101,                    ,                              ,14,0,20190131 20:29:25,    0,         0,         0,65535,65535, 9999,2,                ,0000000,0, 0,         0,    0,0000000000000000000000000000000000000000,0000000000000000000000000000000000000000,         0,         0,         0,         0,1, 0, 0, 0,1467                          ,    0,         0,1,20190131 20:29:25,1736                          ,  101, 9999,  101,  101,    0,     0,     0
 ED5.2,1026                          ,1736                          ,                    ,1635      ,                ,  101,                    ,                              ,14,0,20190131 20:29:40,    0,         0,         0,65535,65535, 9999,2,                ,0000000,0, 0,         0,    0,0000000000000000000000000000000000000000,0000000000000000000000000000000000000000,         0,         0,         0,         0,1, 0, 0, 0,1467                          ,    0,         0,1,20190131 20:29:40,1736                          ,  101, 9999,  101,  101,    0,     0,     0
 ED5.2,1467                          ,1736                          ,                    ,1635      ,                ,  101,                    ,                              ,14,0,20190131 20:29:55,    0,         0,         9,65535,65535, 9999,2,                ,0000000,0, 0,         0,    0,0000000000000000000000000000000000000000,0000000000000000000000000000000000000000,         0,         0,         0,         0,1, 0, 0, 0,1467                          ,    0,         9,0,20190131 20:29:46,1736                          ,  101, 9999,  101,  101,    0,     0,     0
 ED5.2,1577                          ,1505                          ,                    ,1741      ,                ,  101,                    ,                              ,14,0,20190131 20:30:00,    0,         0,         0,65535,65535, 9999,2,                ,0000000,0, 0,         0,    0,0000000000000000000000000000000000000000,0000000000000000000000000000000000000000,         0,         0,         0,         0,1, 0, 0, 0,1577                          ,    0,         0,0,20190131 20:30:00,1505                          ,  101, 9999,  101,  101,    0,     0,     0
 ED5.2,7516696                       ,1371                          ,FABIAN RICAR QUI    ,1632      ,                ,  101,                    ,                              , 0,2,20190131 20:30:34,    0,         0,       111,10001,   11,  101,2,                ,0010000,2, 1,         0,    0,1000000000000000000000000000000000000000,0000000000000000000000010000000000001000,         0,         0,         0,         0,1, 0, 0, 0,7516696                       ,    0,         0,0,20190131 20:28:43,1371                          , 9999, 9999, 9999,  101,32767,     0,     0
 ED5.2,7770148                       ,1371                          ,FABIAN RICAR QUI    ,1632      ,                ,  101,                    ,                              , 0,2,20190131 20:32:19,    0,         0,        58,10001,   11,  101,2,                ,0010000,2, 1,         0,    0,1000000000000000000000000000000000000000,0000000000000000000000010000000000001000,         0,         0,         0,         0,1, 0, 0, 0,7770148                       ,    0,         0,0,20190131 20:31:21,1371                          , 9999, 9999, 9999,  101,32767,     0,     0
 ED5.2,1213                          ,1467                          ,                    ,1638      ,                ,  101,                    ,                              ,14,0,20190131 20:32:31,    0,         0,         9,65535,65535, 9999,2,                ,0000000,0, 0,         0,    0,0000000000000000000000000000000000000000,0000000000000000000000000000000000000000,         0,         0,         0,         0,1, 0, 0, 0,1213                          ,    0,         9,0,20190131 20:32:22,1467                          ,  101, 9999,  101,  101,    0,     0,     0
 ED5.2,6604869                       ,1307                          ,DANIELA SEGURA F    ,1633      ,                ,  101,                    ,                              , 0,2,20190131 20:32:49,    0,         0,        25,10002,   11,  101,2,                ,0010000,2, 1,         0,    0,1000000000000000000000000000000000000000,0000000000000000000000010000000000001000,         0,         0,         0,         0,1, 0, 0, 0,6604869                       ,    0,         0,0,20190131 20:32:24,1307                          , 9999, 9999, 9999,  101,32767,     0,     0
 ED5.2,1577                          ,1505                          ,                    ,1741      ,                ,  101,                    ,                              ,14,0,20190131 20:33:39,    0,         0,         0,65535,65535, 9999,2,                ,0000000,0, 0,         0,    0,0000000000000000000000000000000000000000,0000000000000000000000000000000000000000,         0,         0,         0,         0,1, 0, 0, 0,1577                          ,    0,         0,0,20190131 20:33:39,1505                          ,  101, 9999,  101,  101,    0,     0,     0
 ED5.2,1339                          ,3243                          ,                    ,1949      ,                ,  101,                    ,                              ,14,0,20190131 20:34:29,    0,         0,       146,65535,65535, 9999,2,                ,0000000,0, 0,         0,    0,0000000000000000000000000000000000000000,0000000000000000000000000000000000000000,         0,         0,         0,         0,1, 0, 0, 0,1339                          ,    0,       146,0,20190131 20:32:03,3243                          ,  101, 9999,  101,  101,    0,     0,     0
 ED5.2,1322                          ,1369                          ,                    ,1632      ,                ,  101,                    ,                              ,14,0,20190131 20:35:30,    0,         0,         0,65535,65535, 9999,2,                ,0000000,0, 0,         0,    0,0000000000000000000000000000000000000000,0000000000000000000000000000000000000000,         0,         0,         0,         0,1, 0, 0, 0,1322                          ,    0,         0,0,20190131 20:35:30,1369                          ,  101, 9999,  101,  101,    0,     0,     0
 ED5.2,6604869                       ,1336                          ,PROYECTO CORE       ,1635      ,                ,  101,                    ,                              , 0,2,20190131 20:36:43,    0,         0,        23,10003,   11,  101,2,                ,0010000,2, 1,         0,    0,1000000000000000000000000000000000000000,0000000000000000000000010000000000001000,         0,         0,         0,         0,1, 0, 0, 0,6604869                       ,    0,         0,0,20190131 20:36:20,1336                          , 9999, 9999, 9999,  101,32767,     0,     0
 ED5.2,6604869                       ,1505                          ,JOHN ENRIQUE ROD    ,1741      ,                ,  101,                    ,                              , 0,2,20190131 20:37:12,    0,         0,        70,10001,   11,  101,2,                ,0010000,2, 1,         0,    0,1000000000000000000000000000000000000000,0000000000000000000000010000000000001000,         0,         0,         0,         0,1, 0, 0, 0,6604869                       ,    0,         0,0,20190131 20:36:02,1505                          , 9999, 9999, 9999,  101,32767,     0,     0
 ED5.2,6604869                       ,1150                          ,LINA VANESA GALI    ,1952      ,                ,  101,                    ,                              , 0,2,20190131 20:37:58,    0,         0,        95,10002,   11,  101,2,                ,0010000,2, 1,         0,    0,1000000000000000000000000000000000000000,0000000000000000000000010000000000001000,         0,         0,         0,         0,1, 0, 0, 0,6604869                       ,    0,         0,0,20190131 20:36:23,1150                          , 9999, 9999, 9999,  101,32767,     0,     0
 ED5.2,1394                          ,1736                          ,                    ,1635      ,                ,  101,                    ,                              ,14,0,20190131 20:38:32,    0,         0,         6,65535,65535, 9999,2,                ,0000000,0, 0,         0,    0,0000000000000000000000000000000000000000,0000000000000000000000000000000000000000,         0,         0,         0,         0,1, 0, 0, 0,1394                          ,    0,         6,0,20190131 20:38:26,1736                          ,  101, 9999,  101,  101,    0,     0,     0
 ED5.2,1577                          ,1736                          ,                    ,1635      ,                ,  101,                    ,                              ,14,0,20190131 20:38:49,    0,         0,         5,65535,65535, 9999,2,                ,0000000,0, 0,         0,    0,0000000000000000000000000000000000000000,0000000000000000000000000000000000000000,         0,         0,         0,         0,1, 0, 0, 0,1577                          ,    0,         5,0,20190131 20:38:44,1736                          ,  101, 9999,  101,  101,    0,     0,     0
 ED5.2,1369                          ,1321                          ,                    ,1952      ,                ,  101,                    ,                              ,14,0,20190131 20:38:56,    0,         0,       158,65535,65535, 9999,2,                ,0000000,0, 0,         0,    0,0000000000000000000000000000000000000000,0000000000000000000000000000000000000000,         0,         0,         0,         0,1, 0, 0, 0,1369                          ,    0,       158,0,20190131 20:36:18,1321                          ,  101, 9999,  101,  101,    0,     0,     0
 ED5.2,1336                          ,1736                          ,                    ,1635      ,                ,  101,                    ,                              ,14,0,20190131 20:39:12,    0,         0,         7,65535,65535, 9999,2,                ,0000000,0, 0,         0,    0,0000000000000000000000000000000000000000,0000000000000000000000000000000000000000,         0,         0,         0,         0,1, 0, 0, 0,1336                          ,    0,         7,0,20190131 20:39:05,1736                          ,  101, 9999,  101,  101,    0,     0,     0
 ED5.2,1235                          ,1307                          ,                    ,1633      ,                ,  101,                    ,                              ,14,0,20190131 20:40:11,    0,         0,         0,65535,65535, 9999,2,                ,0000000,0, 0,         0,    0,0000000000000000000000000000000000000000,0000000000000000000000000000000000000000,         0,         0,         0,         0,1, 0, 0, 0,1235                          ,    0,         0,0,20190131 20:40:11,1307                          ,  101, 9999,  101,  101,    0,     0,     0
 ED5.2,1265                          ,1307                          ,                    ,1633      ,                ,  101,                    ,                              ,14,0,20190131 20:40:13,    0,         0,         0,65535,65535, 9999,2,                ,0000000,0, 0,         0,    0,0000000000000000000000000000000000000000,0000000000000000000000000000000000000000,         0,         0,         0,         0,1, 0, 0, 0,1265                          ,    0,         0,0,20190131 20:40:13,1307                          ,  101, 9999,  101,  101,    0,     0,     0
 ED5.2,1822                          ,1736                          ,                    ,1635      ,                ,  101,                    ,                              ,14,0,20190131 20:41:09,    0,         0,         9,65535,65535, 9999,2,                ,0000000,0, 0,         0,    0,0000000000000000000000000000000000000000,0000000000000000000000000000000000000000,         0,         0,         0,         0,1, 0, 0, 0,1822                          ,    0,         9,0,20190131 20:41:00,1736                          ,  101, 9999,  101,  101,    0,     0,     0
 ED5.2,1032                          ,3243                          ,                    ,1949      ,                ,  101,                    ,                              ,14,0,20190131 20:42:42,    0,         0,         0,65535,65535, 9999,2,                ,0000000,0, 0,         0,    0,0000000000000000000000000000000000000000,0000000000000000000000000000000000000000,         0,         0,         0,         0,1, 0, 0, 0,1032                          ,    0,         0,0,20190131 20:42:42,3243                          ,  101, 9999,  101,  101,    0,     0,     0
 ED5.2,1449                          ,3243                          ,                    ,1949      ,                ,  101,                    ,                              ,14,0,20190131 20:42:57,    0,         0,         0,65535,65535, 9999,2,                ,0000000,0, 0,         0,    0,0000000000000000000000000000000000000000,0000000000000000000000000000000000000000,         0,         0,         0,         0,1, 0, 0, 0,1032                          ,    0,         0,1,20190131 20:42:57,3243                          ,  101, 9999,  101,  101,    0,     0,     0
 ED5.2,1336                          ,1736                          ,                    ,1635      ,                ,  101,                    ,                              ,14,0,20190131 20:43:04,    0,         0,        95,65535,65535, 9999,2,                ,0000000,0, 0,         0,    0,0000000000000000000000000000000000000000,0000000000000000000000000000000000000000,         0,         0,         0,         0,1, 0, 0, 0,1336                          ,    0,        95,0,20190131 20:41:29,1736                          ,  101, 9999,  101,  101,    0,     0,     0
 ED5.2,1038                          ,1369                          ,                    ,1632      ,                ,  101,                    ,                              ,14,0,20190131 20:43:05,    0,         0,         0,65535,65535, 9999,2,                ,0000000,0, 0,         0,    0,0000000000000000000000000000000000000000,0000000000000000000000000000000000000000,         0,         0,         0,         0,1, 0, 0, 0,1038                          ,    0,         0,0,20190131 20:43:05,1369                          ,  101, 9999,  101,  101,    0,     0,     0
 ED5.2,1365                          ,3243                          ,                    ,1949      ,                ,  101,                    ,                              ,14,0,20190131 20:43:13,    0,         0,         0,65535,65535, 9999,2,                ,0000000,0, 0,         0,    0,0000000000000000000000000000000000000000,0000000000000000000000000000000000000000,         0,         0,         0,         0,1, 0, 0, 0,1032                          ,    0,         0,1,20190131 20:43:13,3243                          ,  101, 9999,  101,  101,    0,     0,     0
 ED5.2,1350                          ,3243                          ,                    ,1949      ,                ,  101,                    ,                              ,14,0,20190131 20:43:28,    0,         0,         0,65535,65535, 9999,2,                ,0000000,0, 0,         0,    0,0000000000000000000000000000000000000000,0000000000000000000000000000000000000000,         0,         0,         0,         0,1, 0, 0, 0,1032                          ,    0,         0,1,20190131 20:43:28,3243                          ,  101, 9999,  101,  101,    0,     0,     0
 ED5.2,1820                          ,3243                          ,                    ,1949      ,                ,  101,                    ,                              ,14,0,20190131 20:43:44,    0,         0,         0,65535,65535, 9999,2,                ,0000000,0, 0,         0,    0,0000000000000000000000000000000000000000,0000000000000000000000000000000000000000,         0,         0,         0,         0,1, 0, 0, 0,1032                          ,    0,         0,1,20190131 20:43:44,3243                          ,  101, 9999,  101,  101,    0,     0,     0
 ED5.2,1821                          ,3243                          ,                    ,1949      ,                ,  101,                    ,                              ,14,0,20190131 20:44:49,    0,         0,        53,65535,65535, 9999,2,                ,0000000,0, 0,         0,    0,0000000000000000000000000000000000000000,0000000000000000000000000000000000000000,         0,         0,         0,         0,1, 0, 0, 0,1032                          ,    0,        53,1,20190131 20:43:56,3243                          ,  101, 9999,  101,  101,    0,     0,     0
 ED5.2,3243                          ,1736                          ,                    ,1635      ,                ,  101,                    ,                              ,14,0,20190131 20:48:20,    0,         0,         8,65535,65535, 9999,2,                ,0000000,0, 0,         0,    0,0000000000000000000000000000000000000000,0000000000000000000000000000000000000000,         0,         0,         0,         0,1, 0, 0, 0,3243                          ,    0,         8,0,20190131 20:48:12,1736                          ,  101, 9999,  101,  101,    0,     0,     0
 ED5.2,663017238316                  ,5119                          ,GINA PAOLA CUBIL    ,3952      ,                ,  101,                    ,                              , 4,2,20190131 20:54:14,    0,         0,       148,10866,   82,  101,2,                ,0000000,2, 0,         0,    0,0000000000000000000000000000000000000000,0000000000000000000000010000000000000000,         0,         0,         0,         0,1, 0, 0, 0,A900                          ,   17,       131,0,20190131 20:51:46,                              , 9999, 9999, 9999, 9999,32767,     0,     0
 ED5.2,1322                          ,1228                          ,                    ,1949      ,                ,  101,                    ,                              ,14,0,20190131 20:55:15,    0,         0,      1891,65535,65535, 9999,2,                ,0000000,0, 0,         0,    0,0000000000000000000000000000000000000000,0000000000000000000000000000000000000000,         0,         0,         0,         0,1, 0, 0, 0,1322                          ,    0,      1891,0,20190131 20:23:44,1228                          ,  101, 9999,  101,  101,    0,     0,     0
 ED5.2,1175                          ,1371                          ,                    ,1632      ,                ,  101,                    ,                              ,14,0,20190131 20:59:36,    0,         0,         0,65535,65535, 9999,2,                ,0000000,0, 0,         0,    0,0000000000000000000000000000000000000000,0000000000000000000000000000000000000000,         0,         0,         0,         0,1, 0, 0, 0,1175                          ,    0,         0,0,20190131 20:59:36,1371                          ,  101, 9999,  101,  101,    0,     0,     0
 ED5.2,1022                          ,1371                          ,                    ,1632      ,                ,  101,                    ,                              ,14,0,20190131 20:59:48,    0,         0,         0,65535,65535, 9999,2,                ,0000000,0, 0,         0,    0,0000000000000000000000000000000000000000,0000000000000000000000000000000000000000,         0,         0,         0,         0,1, 0, 0, 0,1175                          ,    0,         0,1,20190131 20:59:48,1371                          ,  101, 9999,  101,  101,    0,     0,     0
 ED5.2,1865                          ,1557                          ,                    ,1635      ,                ,  101,                    ,                              ,14,0,20190131 21:02:24,    0,         0,         0,65535,65535, 9999,2,                ,0000000,0, 0,         0,    0,0000000000000000000000000000000000000000,0000000000000000000000000000000000000000,         0,         0,         0,         0,1, 0, 0, 0,1865                          ,    0,         0,0,20190131 21:02:24,1557                          ,  101, 9999,  101,  101,    0,     0,     0
