 ED5.2,8295322                       ,FS020                         ,ETB                 ,          ,                ,  101,                    ,                              , 4,2,20181222 10:05:59,    0,         0,        44,  120,   20,  101,2,                ,0000000,3, 0,         0,    0,0000000000000000000000000000000000000000,0000000000000000000000010000000000000000,         0,         0,         0,         0,1, 0, 0, 0,A800                          ,   44,         0,1,20181222 10:05:15,                              , 9999, 9999, 9999, 9999,32767,     0,     0
 ED5.2,663512162                     ,4000                          ,RECEPCION MEDELL    ,2952      ,                ,  101,                    ,                              , 4,2,20181222 10:09:24,    0,         0,        76,10445,   15,  101,2,                ,0000000,2, 0,         0,    0,0000000000000000000000000000000000000000,0000000000000000000000010000000000000000,         0,         0,         0,         0,1, 0, 0, 0,A800                          ,   77,         0,1,20181222 10:08:08,                              , 9999, 9999, 9999, 9999,32767,     0,     0
 ED5.2,663006398797                  ,1340                          ,RECEPCION MORATO    ,1635      ,                ,  101,                    ,                              , 4,2,20181222 10:09:45,    0,         0,       107,  120,   20,  101,2,                ,0000000,2, 0,         0,    0,0000000000000000000000000000000000000000,0000000000000000000000010000000000000000,         0,         0,         0,         0,1, 0, 0, 0,A800                          ,  107,         0,1,20181222 10:07:58,                              , 9999, 9999, 9999, 9999,32767,     0,     0
 ED5.2,6059922                       ,1600                          ,RECEPCION COUNTR    ,1635      ,                ,  101,                    ,                              , 4,2,20181222 10:10:06,    0,         0,        44,  121,   20,  101,2,                ,0000000,3, 0,         0,    0,0000000000000000000000000000000000000000,0000000000000000000000010000000000000000,         0,         0,         0,         0,1, 0, 0, 0,A800                          ,   45,         0,1,20181222 10:09:22,                              , 9999, 9999, 9999, 9999,32767,     0,     0
 ED5.2,663122038829                  ,FS065                         ,Fidu-Cali           ,          ,                ,  101,                    ,                              , 4,2,20181222 10:10:20,    0,         0,         9,  302,   65,  101,2,                ,0000000,3, 0,         0,    0,0000000000000000000000000000000000000000,0000000000000000000000010000000000000000,         0,         0,         0,         0,1, 0, 0, 0,A600                          ,   10,         0,0,20181222 10:10:11,                              , 9999, 9999, 9999, 9999,32767,     0,     0
 ED5.2,663512162                     ,4020                          ,MARISOL BETANCUR    ,2952      ,                ,  101,                    ,                              , 4,2,20181222 10:11:11,    0,         0,       100,10445,   15,  101,2,                ,0000000,2, 0,         0,    0,0000000000000000000000000000000000000000,0000000000000000000000010000000000000000,         0,         0,         0,         0,1, 0, 0, 0,A800                          ,  101,         0,1,20181222 10:09:31,                              , 9999, 9999, 9999, 9999,32767,     0,     0
 ED5.2,033122038829                  ,2020                          ,ESTEFANI XIO MON    ,4635      ,                ,  101,                    ,                              , 4,2,20181222 10:11:52,    0,         0,        55,  303,   65,  101,2,                ,0000000,3, 0,         0,    0,0000000000000000000000000000000000000000,0000000000000000000000010000000000000000,         0,         0,         0,         0,1, 0, 0, 0,A600                          ,   56,         0,0,20181222 10:10:57,                              , 9999, 9999, 9999, 9999,32767,     0,     0
 ED5.2,663512162                     ,FS015                         ,SIPMED F            ,          ,                ,  101,                    ,                              , 4,2,20181222 10:11:55,    0,         0,        38,10445,   15,  101,2,                ,0000000,2, 0,         0,    0,0000000000000000000000000000000000000000,0000000000000000000000010000000000000000,         0,         0,         0,         0,1, 0, 0, 0,A800                          ,   39,         0,1,20181222 10:11:17,                              , 9999, 9999, 9999, 9999,32767,     0,     0
 ED5.2,2050                          ,2064                          ,                    ,4952      ,                ,  101,                    ,                              ,14,0,20181222 10:11:55,    0,         0,         0,65535,65535, 9999,2,                ,0000000,0, 0,         0,    0,0000000000000000000000000000000000000000,0000000000000000000000000000000000000000,         0,         0,         0,         0,1, 0, 0, 0,2050                          ,    0,         0,0,20181222 10:11:55,2064                          ,  101, 9999,  101,  101,    0,     0,     0
 ED5.2,1699                          ,16398080                      ,                    ,          ,                ,  101,                    ,                              , 7,2,20181222 10:12:12,    0,         0,         0,10001,   11,  101,2,                ,0010000,2, 1,         0,    0,1000000000000000000000000000000000000000,0000000000000000000000010000000000000000,         0,         0,         0,         0,1, 0, 0, 0,                              ,    0,         0,0,20181222 10:12:12,                              , 9999, 9999, 9999, 9999,32767,     0,     0
 ED5.2,88                            ,2064                          ,                    ,4952      ,                ,  101,                    ,                              ,14,0,20181222 10:12:58,    0,         0,        63,65535,65535, 9999,2,                ,0000000,0, 0,         0,    0,0000000000000000000000000000000000000000,0000000000000000000000000000000000000000,         0,         0,         0,         0,1, 0, 0, 0,2050                          ,    0,        63,1,20181222 10:11:55,2064                          ,  101, 9999,  101,  101,    0,     0,     0
 ED5.2,663185482710                  ,1340                          ,RECEPCION MORATO    ,1635      ,                ,  101,                    ,                              , 4,2,20181222 10:16:14,    0,         0,        80,  120,   20,  101,2,                ,0000000,2, 1,         0,    0,0000000000000000000000000000000000000000,0000000000000000000000010000000000000000,         0,         0,         0,         0,1, 0, 0, 0,A800                          ,   81,         0,1,20181222 10:14:54,                              , 9999, 9999, 9999, 9999,32767,     0,     0
 ED5.2,6398080                       ,1014                          ,RECEPCION LO COU    ,1635      ,                ,  101,                    ,                              , 4,2,20181222 10:17:28,    0,         0,        68,  120,   20,  101,2,                ,0000000,2, 0,         0,    0,0000000000000000000000000000000000000000,0000000000000000000000010000000000000000,         0,         0,         0,         0,1, 0, 0, 0,A800                          ,   68,         0,1,20181222 10:16:20,                              , 9999, 9999, 9999, 9999,32767,     0,     0
 ED5.2,1699                          ,16398080                      ,                    ,          ,                ,  101,                    ,                              , 7,2,20181222 10:24:15,    0,         0,         0,10002,   11,  101,2,                ,0010000,2, 1,         0,    0,1000000000000000000000000000000000000000,0000000000000000000000010000000000000000,         0,         0,         0,         0,1, 0, 0, 0,                              ,    0,         0,0,20181222 10:24:15,                              , 9999, 9999, 9999, 9999,32767,     0,     0
 ED5.2,663115313550                  ,1736                          ,RECEPCION 2 MORA    ,1635      ,                ,  101,                    ,                              , 4,2,20181222 10:25:56,    0,         0,       132,  120,   20,  101,2,                ,0000000,3, 0,         0,    0,0000000000000000000000000000000000000000,0000000000000000000000010000000000000000,         0,         0,         0,         0,1, 0, 0, 0,A800                          ,  132,         0,1,20181222 10:23:44,                              , 9999, 9999, 9999, 9999,32767,     0,     0
 ED5.2,5170051                       ,1024                          ,DANIEL ANDRE TAN    ,1638      ,                ,  101,                    ,                              , 0,2,20181222 10:26:07,    0,         0,       305,10001,   11,  101,2,                ,0010000,2, 1,         0,    0,1000000000000000000000000000000000000000,0000000000000000000000010000000000001000,         0,         0,         0,         0,1, 0, 0, 0,5170051                       ,    0,         0,0,20181222 10:21:02,1024                          , 9999, 9999, 9999,  101,32767,     0,     0
 ED5.2,8017982                       ,1363                          ,LUIS ENRIQUE VEL    ,1318      ,                ,  101,                    ,                              , 0,2,20181222 10:30:38,    0,         0,       145,10001,   11,  101,2,                ,0010000,2, 1,         0,    0,1000000000000000000000000000000000000000,0000000000000000000000010000000000001000,         0,         0,         0,         0,1, 0, 0, 0,8017982                       ,    0,         0,0,20181222 10:28:13,1363                          , 9999, 9999, 9999,  101,32767,     0,     0
 ED5.2,7450960                       ,3293                          ,ERIKA MARCEL JAR    ,1632      ,                ,  101,                    ,                              , 4,2,20181222 10:30:44,    0,         0,       135,  120,   20,  101,2,                ,0000000,3, 0,         0,    0,0000000000000000000000000000000000000000,0000000000000000000000010000000000000000,         0,         0,         0,         0,1, 0, 0, 0,A800                          ,  136,         0,1,20181222 10:28:29,                              , 9999, 9999, 9999, 9999,32767,     0,     0
 ED5.2,663114400798                  ,FS020                         ,ETB                 ,          ,                ,  101,                    ,                              , 4,2,20181222 10:31:59,    0,         0,        14,  120,   20,  101,2,                ,0000000,2, 1,         0,    0,0000000000000000000000000000000000000000,0000000000000000000000010000000000000000,         0,         0,         0,         0,1, 0, 0, 0,A800                          ,   15,         0,0,20181222 10:31:45,                              , 9999, 9999, 9999, 9999,32767,     0,     0
 ED5.2,6398080                       ,1600                          ,RECEPCION COUNTR    ,1635      ,                ,  101,                    ,                              , 4,2,20181222 10:33:33,    0,         0,        68,  120,   20,  101,2,                ,0000000,2, 0,         0,    0,0000000000000000000000000000000000000000,0000000000000000000000010000000000000000,         0,         0,         0,         0,1, 0, 0, 0,A800                          ,   69,         0,1,20181222 10:32:25,                              , 9999, 9999, 9999, 9999,32767,     0,     0
 ED5.2,663114400798                  ,FS020                         ,ETB                 ,          ,                ,  101,                    ,                              , 4,2,20181222 10:34:18,    0,         0,        43,  120,   20,  101,2,                ,0000000,2, 1,         0,    0,0000000000000000000000000000000000000000,0000000000000000000000010000000000000000,         0,         0,         0,         0,1, 0, 0, 0,A800                          ,   43,         0,1,20181222 10:33:35,                              , 9999, 9999, 9999, 9999,32767,     0,     0
 ED5.2,033107322502                  ,2020                          ,ESTEFANI XIO MON    ,4635      ,                ,  101,                    ,                              , 4,2,20181222 10:36:10,    0,         0,        87,  304,   65,  101,2,                ,0000000,3, 0,         0,    0,0000000000000000000000000000000000000000,0000000000000000000000010000000000000000,         0,         0,         0,         0,1, 0, 0, 0,A600                          ,   87,         0,0,20181222 10:34:43,                              , 9999, 9999, 9999, 9999,32767,     0,     0
 ED5.2,3712945                       ,2020                          ,ESTEFANI XIO MON    ,4635      ,                ,  101,                    ,                              , 4,2,20181222 10:36:51,    0,         0,        95,  305,   65,  101,2,                ,0000000,3, 0,         0,    0,0000000000000000000000000000000000000000,0000000000000000000000010000000000000000,         0,         0,         0,         0,1, 0, 0, 0,A600                          ,   96,         0,0,20181222 10:35:16,                              , 9999, 9999, 9999, 9999,32767,     0,     0
 ED5.2,033107322502                  ,2020                          ,ESTEFANI XIO MON    ,4635      ,                ,  101,                    ,                              , 4,2,20181222 10:37:37,    0,         0,        62,  306,   65,  101,2,                ,0000000,3, 0,         0,    0,0000000000000000000000000000000000000000,0000000000000000000000010000000000000000,         0,         0,         0,         0,1, 0, 0, 0,A600                          ,   63,         0,0,20181222 10:36:35,                              , 9999, 9999, 9999, 9999,32767,     0,     0
 ED5.2,663116676424                  ,5100                          ,RECEPCION BQUILL    ,3635      ,                ,  101,                    ,                              , 4,2,20181222 10:37:38,    0,         0,       129,10865,   82,  101,2,                ,0000000,2, 0,         0,    0,0000000000000000000000000000000000000000,0000000000000000000000010000000000000000,         0,         0,         0,         0,1, 0, 0, 0,A900                          ,  130,         0,1,20181222 10:35:29,                              , 9999, 9999, 9999, 9999,32767,     0,     0
 ED5.2,6613910                       ,2020                          ,ESTEFANI XIO MON    ,4635      ,                ,  101,                    ,                              , 4,2,20181222 10:38:26,    0,         0,        67,  307,   65,  101,2,                ,0000000,3, 0,         0,    0,0000000000000000000000000000000000000000,0000000000000000000000010000000000000000,         0,         0,         0,         0,1, 0, 0, 0,A600                          ,   68,         0,0,20181222 10:37:19,                              , 9999, 9999, 9999, 9999,32767,     0,     0
 ED5.2,033107322502                  ,2020                          ,ESTEFANI XIO MON    ,4635      ,                ,  101,                    ,                              , 4,2,20181222 10:40:06,    0,         0,       120,  308,   65,  101,2,                ,0000000,3, 0,         0,    0,0000000000000000000000000000000000000000,0000000000000000000000010000000000000000,         0,         0,         0,         0,1, 0, 0, 0,A600                          ,  121,         0,0,20181222 10:38:06,                              , 9999, 9999, 9999, 9999,32767,     0,     0
 ED5.2,663115999280                  ,FS020                         ,ETB                 ,          ,                ,  101,                    ,                              , 4,2,20181222 10:44:44,    0,         0,         6,  121,   20,  101,2,                ,0000000,2, 1,         0,    0,0000000000000000000000000000000000000000,0000000000000000000000010000000000000000,         0,         0,         0,         0,1, 0, 0, 0,A800                          ,    6,         0,0,20181222 10:44:38,                              , 9999, 9999, 9999, 9999,32767,     0,     0
 ED5.2,4859797                       ,1600                          ,RECEPCION COUNTR    ,1635      ,                ,  101,                    ,                              , 4,2,20181222 10:45:47,    0,         0,        94,  120,   20,  101,2,                ,0000000,2, 0,         0,    0,0000000000000000000000000000000000000000,0000000000000000000000010000000000000000,         0,         0,         0,         0,1, 0, 0, 0,A800                          ,   95,         0,1,20181222 10:44:13,                              , 9999, 9999, 9999, 9999,32767,     0,     0
 ED5.2,3600124                       ,5119                          ,GINA PAOLA CUBIL    ,3952      ,                ,  101,                    ,                              , 0,2,20181222 10:47:13,    0,         0,        75,10865,   82,  101,2,                ,0010000,2, 1,         0,    0,1000000000000000000000000000000000000000,0000000000000000000000010000000000001000,         0,         0,         0,         0,1, 0, 0, 0,3600124                       ,    0,         0,0,20181222 10:45:58,5119                          , 9999, 9999, 9999,  101,32767,     0,     0
 ED5.2,4673563                       ,1264                          ,GLORIA MILEN CAR    ,1952      ,                ,  101,                    ,                              , 4,2,20181222 10:47:56,    0,         0,        84,  120,   20,  101,2,                ,0000000,3, 0,         0,    0,0000000000000000000000000000000000000000,0000000000000000000000010000000000000000,         0,         0,         0,         0,1, 0, 0, 0,A800                          ,   85,         0,1,20181222 10:46:32,                              , 9999, 9999, 9999, 9999,32767,     0,     0
 ED5.2,4856969                       ,1014                          ,RECEPCION LO COU    ,1635      ,                ,  101,                    ,                              , 4,2,20181222 10:50:56,    0,         0,        38,  120,   20,  101,2,                ,0000000,2, 0,         0,    0,0000000000000000000000000000000000000000,0000000000000000000000010000000000000000,         0,         0,         0,         0,1, 0, 0, 0,A800                          ,   38,         0,1,20181222 10:50:18,                              , 9999, 9999, 9999, 9999,32767,     0,     0
 ED5.2,67339911                      ,1305                          ,KAREN TATIAN CAM    ,1952      ,                ,  101,                    ,                              , 4,2,20181222 10:55:11,    0,         0,       247,  120,   20,  101,2,                ,0000000,3, 0,         0,    0,0000000000000000000000000000000000000000,0000000000000000000000010000000000000000,         0,         0,         0,         0,1, 0, 0, 0,A800                          ,  248,         0,1,20181222 10:51:04,                              , 9999, 9999, 9999, 9999,32767,     0,     0
 ED5.2,663117531309                  ,FS020                         ,ETB                 ,          ,                ,  101,                    ,                              , 4,2,20181222 10:57:06,    0,         0,        50,  120,   20,  101,2,                ,0000000,2, 1,         0,    0,0000000000000000000000000000000000000000,0000000000000000000000010000000000000000,         0,         0,         0,         0,1, 0, 0, 0,A800                          ,   51,         0,1,20181222 10:56:16,                              , 9999, 9999, 9999, 9999,32767,     0,     0
 ED5.2,663508109652                  ,1600                          ,RECEPCION COUNTR    ,1635      ,                ,  101,                    ,                              , 4,2,20181222 10:57:45,    0,         0,       195,  121,   20,  101,2,                ,0000000,2, 0,         0,    0,0000000000000000000000000000000000000000,0000000000000000000000010000000000000000,         0,         0,         0,         0,1, 0, 0, 0,A800                          ,  196,         0,1,20181222 10:54:30,                              , 9999, 9999, 9999, 9999,32767,     0,     0
 ED5.2,663117531309                  ,FS020                         ,ETB                 ,          ,                ,  101,                    ,                              , 4,2,20181222 10:58:11,    0,         0,        51,  120,   20,  101,2,                ,0000000,2, 1,         0,    0,0000000000000000000000000000000000000000,0000000000000000000000010000000000000000,         0,         0,         0,         0,1, 0, 0, 0,A800                          ,   51,         0,1,20181222 10:57:20,                              , 9999, 9999, 9999, 9999,32767,     0,     0
 ED5.2,074811703                     ,FS015                         ,SIPMED F            ,          ,                ,  101,                    ,                              , 4,2,20181222 11:01:13,    0,         0,         6,10445,   15,  101,2,                ,0000000,2, 0,         0,    0,0000000000000000000000000000000000000000,0000000000000000000000010000000000000000,         0,         0,         0,         0,1, 0, 0, 0,A800                          ,    7,         0,0,20181222 11:01:07,                              , 9999, 9999, 9999, 9999,32767,     0,     0
