 ED5.2,1472                          ,2061                          ,                    ,4632      ,                ,  101,                    ,                              ,14,0,20190105 10:02:05,    0,         0,       239,65535,65535, 9999,2,                ,0000000,0, 0,         0,    0,0000000000000000000000000000000000000000,0000000000000000000000000000000000000000,         0,         0,         0,         0,1, 0, 0, 0,1472                          ,    0,       239,0,20190105 09:58:06,2061                          ,  101, 9999,  101,  101,    0,     0,     0
 ED5.2,1362                          ,1736                          ,                    ,1635      ,                ,  101,                    ,                              ,14,0,20190105 10:02:08,    0,         0,         0,65535,65535, 9999,2,                ,0000000,0, 0,         0,    0,0000000000000000000000000000000000000000,0000000000000000000000000000000000000000,         0,         0,         0,         0,1, 0, 0, 0,1431                          ,    0,         0,1,20190105 10:02:08,1736                          ,  101, 9999,  101,  101,    0,     0,     0
 ED5.2,1439                          ,1736                          ,                    ,1635      ,                ,  101,                    ,                              ,14,0,20190105 10:02:30,    0,         0,         7,65535,65535, 9999,2,                ,0000000,0, 0,         0,    0,0000000000000000000000000000000000000000,0000000000000000000000000000000000000000,         0,         0,         0,         0,1, 0, 0, 0,1439                          ,    0,         7,0,20190105 10:02:23,1736                          ,  101, 9999,  101,  101,    0,     0,     0
 ED5.2,663115367463                  ,1736                          ,RECEPCION 2 MORA    ,1635      ,                ,  101,                    ,                              , 4,2,20190105 10:03:06,    0,         0,       152,  120,   20,  101,2,                ,0000000,2, 1,         0,    0,0000000000000000000000000000000000000000,0000000000000000000000010000000000000000,         0,         0,         0,         0,1, 0, 0, 0,A800                          ,  152,         0,1,20190105 10:00:34,                              , 9999, 9999, 9999, 9999,32767,     0,     0
 ED5.2,                              ,1340                          ,RECEPCION MORATO    ,1635      ,                ,  101,                    ,                              , 4,2,20190105 10:03:14,    0,         0,        53,  121,   20,  101,2,                ,0000000,3, 0,         0,    0,0000000000000000000000000000000000000000,0000000000000000000000010000000000000000,         0,         0,         0,         0,1, 0, 0, 0,A800                          ,   54,         0,1,20190105 10:02:21,                              , 9999, 9999, 9999, 9999,32767,     0,     0
 ED5.2,2063                          ,2092                          ,                    ,4632      ,                ,  101,                    ,                              ,14,0,20190105 10:06:35,    0,         0,       173,65535,65535, 9999,2,                ,0000000,0, 0,         0,    0,0000000000000000000000000000000000000000,0000000000000000000000000000000000000000,         0,         0,         0,         0,1, 0, 0, 0,2063                          ,    0,       173,0,20190105 10:03:42,2092                          ,  101, 9999,  101,  101,    0,     0,     0
 ED5.2,6107                          ,1369                          ,                    ,1632      ,                ,  101,                    ,                              ,14,0,20190105 10:06:51,    0,         0,         0,65535,65535, 9999,2,                ,0000000,0, 0,         0,    0,0000000000000000000000000000000000000000,0000000000000000000000000000000000000000,         0,         0,         0,         0,1, 0, 0, 0,6107                          ,    0,         0,0,20190105 10:06:51,1369                          ,  101, 9999,  101,  101,    0,     0,     0
 ED5.2,6104                          ,1369                          ,                    ,1632      ,                ,  101,                    ,                              ,14,0,20190105 10:07:08,    0,         0,         0,65535,65535, 9999,2,                ,0000000,0, 0,         0,    0,0000000000000000000000000000000000000000,0000000000000000000000000000000000000000,         0,         0,         0,         0,1, 0, 0, 0,6104                          ,    0,         0,0,20190105 10:07:08,1369                          ,  101, 9999,  101,  101,    0,     0,     0
 ED5.2,88                            ,1369                          ,                    ,1632      ,                ,  101,                    ,                              ,14,0,20190105 10:07:09,    0,         0,         1,65535,65535, 9999,2,                ,0000000,0, 0,         0,    0,0000000000000000000000000000000000000000,0000000000000000000000000000000000000000,         0,         0,         0,         0,1, 0, 0, 0,6104                          ,    0,         1,1,20190105 10:07:08,1369                          ,  101, 9999,  101,  101,    0,     0,     0
 ED5.2,6105                          ,1369                          ,                    ,1632      ,                ,  101,                    ,                              ,14,0,20190105 10:07:26,    0,         0,         0,65535,65535, 9999,2,                ,0000000,0, 0,         0,    0,0000000000000000000000000000000000000000,0000000000000000000000000000000000000000,         0,         0,         0,         0,1, 0, 0, 0,6105                          ,    0,         0,0,20190105 10:07:26,1369                          ,  101, 9999,  101,  101,    0,     0,     0
 ED5.2,6111                          ,1369                          ,                    ,1632      ,                ,  101,                    ,                              ,14,0,20190105 10:07:52,    0,         0,         0,65535,65535, 9999,2,                ,0000000,0, 0,         0,    0,0000000000000000000000000000000000000000,0000000000000000000000000000000000000000,         0,         0,         0,         0,1, 0, 0, 0,6105                          ,    0,         0,1,20190105 10:07:52,1369                          ,  101, 9999,  101,  101,    0,     0,     0
 ED5.2,3451308                       ,2020                          ,ESTEFANI XIO MON    ,4635      ,                ,  101,                    ,                              , 4,2,20190105 10:08:16,    0,         0,        81,  305,   65,  101,2,                ,0000000,3, 0,         0,    0,0000000000000000000000000000000000000000,0000000000000000000000010000000000000000,         0,         0,         0,         0,1, 0, 0, 0,A600                          ,   81,         0,0,20190105 10:06:55,                              , 9999, 9999, 9999, 9999,32767,     0,     0
 ED5.2,------------------------------,******************************,                    ,**********,                ,  101,                    ,******************************, 4,1,20190105 10:10:18,    0,         0,        47,  408,   83,  101,2,                ,0000000,0, 0,         0,    0,0000000000000000000000000000000000000000,0000000000000000000000010000000000000000,         0,         0,         0,         0,1, 0, 0, 0,------------------------------,   38,        10,1,20190105 10:09:31,******************************, 9999, 9999, 9999, 9999,32767,     0,     0
 ED5.2,1472                          ,2061                          ,                    ,4632      ,                ,  101,                    ,                              ,14,0,20190105 10:11:45,    0,         0,        23,65535,65535, 9999,2,                ,0000000,0, 0,         0,    0,0000000000000000000000000000000000000000,0000000000000000000000000000000000000000,         0,         0,         0,         0,1, 0, 0, 0,1472                          ,    0,        23,0,20190105 10:11:22,2061                          ,  101, 9999,  101,  101,    0,     0,     0
 ED5.2,4025                          ,4009                          ,                    ,2632      ,                ,  101,                    ,                              ,14,0,20190105 10:14:27,    0,         0,         0,65535,65535, 9999,2,                ,0000000,0, 0,         0,    0,0000000000000000000000000000000000000000,0000000000000000000000000000000000000000,         0,         0,         0,         0,1, 0, 0, 0,4025                          ,    0,         0,0,20190105 10:14:27,4009                          ,  101, 9999,  101,  101,    0,     0,     0
 ED5.2,6110                          ,88                            ,                    ,          ,                ,  101,                    ,                              ,14,0,20190105 10:14:37,    0,         0,         0,65535,65535, 9999,2,                ,0000000,0, 0,         0,    0,0000000000000000000000000000000000000000,0000000000000000000000000000000000000000,         0,         0,         0,         0,1, 0, 0, 0,6110                          ,    0,         0,0,20190105 10:14:37,88                            ,  101, 9999,  101,  101,    0,     0,     0
 ED5.2,------------------------------,******************************,                    ,**********,                ,  101,                    ,******************************, 4,1,20190105 10:14:38,    0,         0,       105,   96,   83,  101,2,                ,0000000,0, 0,         0,    0,0000000000000000000000000000000000000000,0000000000000000000000010000000000000000,         0,         0,         0,         0,1, 0, 0, 0,------------------------------,   24,        81,1,20190105 10:12:53,******************************, 9999, 9999, 9999, 9999,32767,     0,     0
 ED5.2,1444                          ,2061                          ,                    ,4632      ,                ,  101,                    ,                              ,14,0,20190105 10:14:45,    0,         0,         0,65535,65535, 9999,2,                ,0000000,0, 0,         0,    0,0000000000000000000000000000000000000000,0000000000000000000000000000000000000000,         0,         0,         0,         0,1, 0, 0, 0,1444                          ,    0,         0,0,20190105 10:14:45,2061                          ,  101, 9999,  101,  101,    0,     0,     0
 ED5.2,1444                          ,2061                          ,                    ,4632      ,                ,  101,                    ,                              ,14,0,20190105 10:14:47,    0,         0,         0,65535,65535, 9999,2,                ,0000000,0, 0,         0,    0,0000000000000000000000000000000000000000,0000000000000000000000000000000000000000,         0,         0,         0,         0,1, 0, 0, 0,1444                          ,    0,         0,0,20190105 10:14:47,2061                          ,  101, 9999,  101,  101,    0,     0,     0
 ED5.2,15754688                      ,FS020                         ,ETB                 ,          ,                ,  101,                    ,                              , 4,2,20190105 10:15:52,    0,         0,        43,  120,   20,  101,2,                ,0000000,3, 0,         0,    0,0000000000000000000000000000000000000000,0000000000000000000000010000000000000000,         0,         0,         0,         0,1, 0, 0, 0,A800                          ,   43,         0,1,20190105 10:15:09,                              , 9999, 9999, 9999, 9999,32767,     0,     0
 ED5.2,46                            ,1378                          ,                    ,1952      ,                ,  101,                    ,                              ,14,0,20190105 10:20:03,    0,         0,         0,65535,65535, 9999,2,                ,0000000,0, 0,         0,    0,0000000000000000000000000000000000000000,0000000000000000000000000000000000000000,         0,         0,         0,         0,1, 0, 0, 0,46                            ,    0,         0,0,20190105 10:20:03,1378                          , 9999, 9999, 9999,  101,    0,     0,     0
 ED5.2,4622255                       ,1378                          ,SINDY SUGEY MORE    ,1952      ,                ,  101,                    ,                              , 0,2,20190105 10:20:39,    0,         0,        26,10001,   11,  101,2,                ,0010000,2, 1,         0,    0,1000000000000000000000000000000000000000,0000000000000000000000010000000000001000,         0,         0,         0,         0,1, 0, 0, 0,4622255                       ,    0,         0,0,20190105 10:20:13,1378                          , 9999, 9999, 9999,  101,32767,     0,     0
 ED5.2,3600124                       ,5148                          ,WILSON SEGUN FON    ,3952      ,                ,  101,                    ,                              , 0,2,20190105 10:22:02,    0,         0,       174,10865,   82,  101,2,                ,0010000,2, 1,         0,    0,1000000000000000000000000000000000000000,0000000000000000000000010000000000001000,         0,         0,         0,         0,1, 0, 0, 0,3600124                       ,    0,         0,0,20190105 10:19:08,5148                          , 9999, 9999, 9999,  101,32767,     0,     0
 ED5.2,1444                          ,2061                          ,                    ,4632      ,                ,  101,                    ,                              ,14,0,20190105 10:24:52,    0,         0,       604,65535,65535, 9999,2,                ,0000000,0, 0,         0,    0,0000000000000000000000000000000000000000,0000000000000000000000000000000000000000,         0,         0,         0,         0,1, 0, 0, 0,1444                          ,    0,       604,0,20190105 10:14:48,2061                          ,  101, 9999,  101,  101,    0,     0,     0
 ED5.2,4025                          ,4009                          ,                    ,2632      ,                ,  101,                    ,                              ,14,0,20190105 10:27:55,    0,         0,         0,65535,65535, 9999,2,                ,0000000,0, 0,         0,    0,0000000000000000000000000000000000000000,0000000000000000000000000000000000000000,         0,         0,         0,         0,1, 0, 0, 0,4025                          ,    0,         0,0,20190105 10:27:55,4009                          ,  101, 9999,  101,  101,    0,     0,     0
 ED5.2,3669808                       ,4009                          ,ANDRES FELIP GUT    ,2632      ,                ,  101,                    ,                              , 0,2,20190105 10:28:07,    0,         0,         0,11361,  201,  101,2,                ,0000000,2, 1,         0,    0,1000000000000000000000000000000000000000,0000000000000000000000010000000000001000,         0,         0,         0,         0,1, 0, 0, 0,3669808                       ,    0,         0,0,20190105 10:28:07,4009                          , 9999, 9999, 9999,  101,32767,     0,     0
 ED5.2,0943669808                    ,4009                          ,ANDRES FELIP GUT    ,2632      ,                ,  101,                    ,                              , 0,2,20190105 10:28:41,    0,         0,         0,10865,   82,  101,2,                ,0010000,2, 1,         0,    0,1000000000000000000000000000000000000000,0000000000000000000000010000000000001000,         0,         0,         0,         0,1, 0, 0, 0,3669808                       ,    0,         0,0,20190105 10:28:41,4009                          , 9999, 9999, 9999,  101,32767,     0,     0
 ED5.2,3669808                       ,4009                          ,ANDRES FELIP GUT    ,2632      ,                ,  101,                    ,                              , 0,2,20190105 10:28:49,    0,         0,         0,11361,  201,  101,2,                ,0000000,2, 1,         0,    0,1000000000000000000000000000000000000000,0000000000000000000000010000000000001000,         0,         0,         0,         0,1, 0, 0, 0,3669808                       ,    0,         0,0,20190105 10:28:49,4009                          , 9999, 9999, 9999,  101,32767,     0,     0
 ED5.2,0943669808                    ,4009                          ,ANDRES FELIP GUT    ,2632      ,                ,  101,                    ,                              , 0,2,20190105 10:29:22,    0,         0,         0,10865,   82,  101,2,                ,0010000,2, 1,         0,    0,1000000000000000000000000000000000000000,0000000000000000000000010000000000001000,         0,         0,         0,         0,1, 0, 0, 0,3669808                       ,    0,         0,0,20190105 10:29:22,4009                          , 9999, 9999, 9999,  101,32767,     0,     0
 ED5.2,663142338162                  ,FS020                         ,ETB                 ,          ,                ,  101,                    ,                              , 4,2,20190105 10:29:23,    0,         0,        55,  120,   20,  101,2,                ,0000000,2, 1,         0,    0,0000000000000000000000000000000000000000,0000000000000000000000010000000000000000,         0,         0,         0,         0,1, 0, 0, 0,A800                          ,   56,         0,1,20190105 10:28:28,                              , 9999, 9999, 9999, 9999,32767,     0,     0
 ED5.2,1444                          ,2093                          ,                    ,4632      ,                ,  101,                    ,                              ,14,0,20190105 10:31:39,    0,         0,         0,65535,65535, 9999,2,                ,0000000,0, 0,         0,    0,0000000000000000000000000000000000000000,0000000000000000000000000000000000000000,         0,         0,         0,         0,1, 0, 0, 0,1444                          ,    0,         0,0,20190105 10:31:39,2093                          ,  101, 9999,  101,  101,    0,     0,     0
 ED5.2,1526                          ,2093                          ,                    ,4632      ,                ,  101,                    ,                              ,14,0,20190105 10:31:55,    0,         0,         0,65535,65535, 9999,2,                ,0000000,0, 0,         0,    0,0000000000000000000000000000000000000000,0000000000000000000000000000000000000000,         0,         0,         0,         0,1, 0, 0, 0,1444                          ,    0,         0,1,20190105 10:31:55,2093                          ,  101, 9999,  101,  101,    0,     0,     0
 ED5.2,1438                          ,2093                          ,                    ,4632      ,                ,  101,                    ,                              ,14,0,20190105 10:31:58,    0,         0,         0,65535,65535, 9999,2,                ,0000000,0, 0,         0,    0,0000000000000000000000000000000000000000,0000000000000000000000000000000000000000,         0,         0,         0,         0,1, 0, 0, 0,1444                          ,    0,         0,1,20190105 10:31:58,2093                          ,  101, 9999,  101,  101,    0,     0,     0
 ED5.2,1184                          ,4023                          ,                    ,2952      ,                ,  101,                    ,                              ,14,0,20190105 10:32:33,    0,         0,         0,65535,65535, 9999,2,                ,0000000,0, 0,         0,    0,0000000000000000000000000000000000000000,0000000000000000000000000000000000000000,         0,         0,         0,         0,1, 0, 0, 0,1184                          ,    0,         0,0,20190105 10:32:33,4023                          ,  101, 9999,  101,  101,    0,     0,     0
 ED5.2,6604876                       ,1369                          ,JUAN ANDRES CARV    ,1632      ,                ,  101,                    ,                              , 0,2,20190105 10:33:54,    0,         0,       121,10001,   11,  101,2,                ,0010000,2, 1,         0,    0,1000000000000000000000000000000000000000,0000000000000000000000010000000000001000,         0,         0,         0,         0,1, 0, 0, 0,6604876                       ,    0,         0,0,20190105 10:31:53,1369                          , 9999, 9999, 9999,  101,32767,     0,     0
 ED5.2,53584911                      ,5100                          ,RECEPCION BQUILL    ,3635      ,                ,  101,                    ,                              , 4,2,20190105 10:34:56,    0,         0,        74,10865,   82,  101,2,                ,0000000,2, 0,         0,    0,0000000000000000000000000000000000000000,0000000000000000000000010000000000000000,         0,         0,         0,         0,1, 0, 0, 0,A900                          ,   74,         0,1,20190105 10:33:42,                              , 9999, 9999, 9999, 9999,32767,     0,     0
 ED5.2,663102690706                  ,FS020                         ,ETB                 ,          ,                ,  101,                    ,                              , 4,2,20190105 10:35:49,    0,         0,        37,  120,   20,  101,2,                ,0000000,2, 1,         0,    0,0000000000000000000000000000000000000000,0000000000000000000000010000000000000000,         0,         0,         0,         0,1, 0, 0, 0,A800                          ,   38,         0,1,20190105 10:35:12,                              , 9999, 9999, 9999, 9999,32767,     0,     0
 ED5.2,7466626                       ,1357                          ,JUAN SEBASTI ARA    ,1632      ,                ,  101,                    ,                              , 4,2,20190105 10:36:18,    0,         0,        42,  121,   20,  101,2,                ,0000000,3, 0,         0,    0,0000000000000000000000000000000000000000,0000000000000000000000010000000000000000,         0,         0,         0,         0,1, 0, 0, 0,A800                          ,   42,         0,1,20190105 10:35:36,                              , 9999, 9999, 9999, 9999,32767,     0,     0
 ED5.2,663102690706                  ,FS020                         ,ETB                 ,          ,                ,  101,                    ,                              , 4,2,20190105 10:36:30,    0,         0,        34,  120,   20,  101,2,                ,0000000,2, 1,         0,    0,0000000000000000000000000000000000000000,0000000000000000000000010000000000000000,         0,         0,         0,         0,1, 0, 0, 0,A800                          ,   35,         0,1,20190105 10:35:56,                              , 9999, 9999, 9999, 9999,32767,     0,     0
 ED5.2,663006583030                  ,5136                          ,RECEPCION 3 BQUI    ,3635      ,                ,  101,                    ,                              , 4,2,20190105 10:40:10,    0,         0,       301,10865,   82,  101,2,                ,0000000,2, 0,         0,    0,0000000000000000000000000000000000000000,0000000000000000000000010000000000000000,         0,         0,         0,         0,1, 0, 0, 0,A900                          ,  302,         0,1,20190105 10:35:09,                              , 9999, 9999, 9999, 9999,32767,     0,     0
 ED5.2,4009                          ,4025                          ,                    ,2952      ,                ,  101,                    ,                              ,14,0,20190105 10:40:27,    0,         0,         0,65535,65535, 9999,2,                ,0000000,0, 0,         0,    0,0000000000000000000000000000000000000000,0000000000000000000000000000000000000000,         0,         0,         0,         0,1, 0, 0, 0,4009                          ,    0,         0,0,20190105 10:40:27,4025                          ,  101, 9999,  101,  101,    0,     0,     0
 ED5.2,7777                          ,1587                          ,                    ,1952      ,                ,  101,                    ,                              , 3,0,20190105 10:41:03,    0,         0,         0,65535,65535, 9999,2,                ,0000000,0, 0,         0,    0,0000000000000000000000000000000000000000,0000000000000000000000000000000000000000,         0,         0,         0,         0,1, 0, 0, 0,7777                          ,    0,         0,0,20190105 10:41:03,1587                          ,  101, 9999,  101,  101,    0,     0,     0
 ED5.2,663225989822                  ,3379                          ,KAREN LIZETH POR    ,1466      ,                ,  101,                    ,                              , 4,2,20190105 10:42:27,    0,         0,        40,10866,   82,  101,2,                ,0000000,2, 0,         0,    0,0000000000000000000000000000000000000000,0000000000000000000000010000000000000000,         0,         0,         0,         0,1, 0, 0, 0,7634                          ,   40,         0,1,20190105 10:41:47,                              , 9999, 9999, 9999, 9999,32767,     0,     0
 ED5.2,8937769                       ,2061                          ,PAOLA ANDREA GAR    ,4632      ,                ,  101,                    ,                              , 0,2,20190105 10:43:59,    0,         0,        78,  306,   65,  101,2,                ,0010000,2, 1,         0,    0,1000000000000000000000000000000000000000,0000000000000000000000010000000000001000,         0,         0,         0,         0,1, 0, 0, 0,8937769                       ,    0,         0,0,20190105 10:42:41,2061                          , 9999, 9999, 9999,  101,32767,     0,     0
 ED5.2,663006583030                  ,5110                          ,RECEPCION 2 BQUI    ,3843      ,                ,  101,                    ,                              , 4,2,20190105 10:44:15,    0,         0,       240,10865,   82,  101,2,                ,0000000,2, 0,         0,    0,0000000000000000000000000000000000000000,0000000000000000000000010000000000000000,         0,         0,         0,         0,1, 0, 0, 0,A900                          ,  240,         0,1,20190105 10:40:15,                              , 9999, 9999, 9999, 9999,32767,     0,     0
 ED5.2,4009                          ,4025                          ,                    ,2952      ,                ,  101,                    ,                              ,14,0,20190105 10:44:47,    0,         0,         0,65535,65535, 9999,2,                ,0000000,0, 0,         0,    0,0000000000000000000000000000000000000000,0000000000000000000000000000000000000000,         0,         0,         0,         0,1, 0, 0, 0,4009                          ,    0,         0,0,20190105 10:44:47,4025                          ,  101, 9999,  101,  101,    0,     0,     0
 ED5.2,4077                          ,4065                          ,                    ,2843      ,                ,  101,                    ,                              ,14,0,20190105 10:46:21,    0,         0,        75,65535,65535, 9999,2,                ,0000000,0, 0,         0,    0,0000000000000000000000000000000000000000,0000000000000000000000000000000000000000,         0,         0,         0,         0,1, 0, 0, 0,4077                          ,    0,        75,0,20190105 10:45:06,4065                          ,  101, 9999,  101,  101,    0,     0,     0
 ED5.2,                              ,FS083                         ,fidumaniza          ,          ,                ,  101,                    ,                              , 4,1,20190105 10:49:19,    0,         0,         8,  413,   83,  101,2,                ,0000000,0, 0,         0,    0,0000000000000000000000000000000000000000,0000000000000000000000010000000000000000,         0,         0,         0,         0,1, 0, 0, 0,                              ,    9,         0,1,20190105 10:49:11,                              , 9999, 9999, 9999, 9999,32767,     0,     0
 ED5.2,3669808                       ,4009                          ,ANDRES FELIP GUT    ,2632      ,                ,  101,                    ,                              , 0,2,20190105 10:51:30,    0,         0,         0,11362,  201,  101,2,                ,0000000,2, 1,         0,    0,1000000000000000000000000000000000000000,0000000000000000000000010000000000001000,         0,         0,         0,         0,1, 0, 0, 0,3669808                       ,    0,         0,0,20190105 10:51:30,4009                          , 9999, 9999, 9999,  101,32767,     0,     0
 ED5.2,3669808                       ,4059                          ,KELLY JOHANN PER    ,2632      ,                ,  101,                    ,                              , 0,2,20190105 10:51:33,    0,         0,         0,10445,   15,  101,2,                ,0010000,2, 1,         0,    0,1000000000000000000000000000000000000000,0000000000000000000000010000000000001000,         0,         0,         0,         0,1, 0, 0, 0,3669808                       ,    0,         0,0,20190105 10:51:33,4059                          , 9999, 9999, 9999,  101,32767,     0,     0
 ED5.2,6622036                       ,2031                          ,MELISSA YOHA VAL    ,4952      ,                ,  101,                    ,                              , 0,2,20190105 10:51:45,    0,         0,        80,  307,   65,  101,2,                ,0010000,2, 1,         0,    0,1000000000000000000000000000000000000000,0000000000000000000000010000000000001000,         0,         0,         0,         0,1, 0, 0, 0,6622036                       ,    0,         0,0,20190105 10:50:25,2031                          , 9999, 9999, 9999,  101,32767,     0,     0
 ED5.2,663208899508                  ,3400                          ,SARA VILLA RA       ,2675      ,                ,  101,                    ,                              , 4,2,20190105 10:51:58,    0,         0,       119,11361,  201,  101,2,                ,0000000,2, 0,         0,    0,0000000000000000000000000000000000000000,0000000000000000000000010000000000000000,         0,         0,         0,         0,1, 0, 0, 0,7764                          ,  120,         0,0,20190105 10:49:59,                              , 9999, 9999, 9999, 9999,32767,     0,     0
 ED5.2,0943669808                    ,4009                          ,ANDRES FELIP GUT    ,2632      ,                ,  101,                    ,                              , 0,2,20190105 10:51:59,    0,         0,         0,10866,   82,  101,2,                ,0010000,2, 1,         0,    0,1000000000000000000000000000000000000000,0000000000000000000000010000000000001000,         0,         0,         0,         0,1, 0, 0, 0,3669808                       ,    0,         0,0,20190105 10:51:59,4009                          , 9999, 9999, 9999,  101,32767,     0,     0
 ED5.2,0943669808                    ,4059                          ,KELLY JOHANN PER    ,2632      ,                ,  101,                    ,                              , 0,2,20190105 10:52:06,    0,         0,         0,10867,   82,  101,2,                ,0010000,2, 1,         0,    0,1000000000000000000000000000000000000000,0000000000000000000000010000000000001000,         0,         0,         0,         0,1, 0, 0, 0,3669808                       ,    0,         0,0,20190105 10:52:06,4059                          , 9999, 9999, 9999,  101,32767,     0,     0
 ED5.2,3669808                       ,4059                          ,KELLY JOHANN PER    ,2632      ,                ,  101,                    ,                              , 0,2,20190105 10:52:15,    0,         0,         0,10445,   15,  101,2,                ,0010000,2, 1,         0,    0,1000000000000000000000000000000000000000,0000000000000000000000010000000000001000,         0,         0,         0,         0,1, 0, 0, 0,3669808                       ,    0,         0,0,20190105 10:52:15,4059                          , 9999, 9999, 9999,  101,32767,     0,     0
 ED5.2,0943669808                    ,4059                          ,KELLY JOHANN PER    ,2632      ,                ,  101,                    ,                              , 0,2,20190105 10:52:49,    0,         0,         0,10866,   82,  101,2,                ,0010000,2, 1,         0,    0,1000000000000000000000000000000000000000,0000000000000000000000010000000000001000,         0,         0,         0,         0,1, 0, 0, 0,3669808                       ,    0,         0,0,20190105 10:52:49,4059                          , 9999, 9999, 9999,  101,32767,     0,     0
 ED5.2,7428383                       ,1524                          ,JOHAN SEBAST CAR    ,1952      ,                ,  101,                    ,                              , 0,2,20190105 10:53:13,    0,         0,        98,10001,   11,  101,2,                ,0010000,2, 1,         0,    0,1000000000000000000000000000000000000000,0000000000000000000000010000000000001000,         0,         0,         0,         0,1, 0, 0, 0,7428383                       ,    0,         0,0,20190105 10:51:35,1524                          , 9999, 9999, 9999,  101,32767,     0,     0
 ED5.2,3669808                       ,4059                          ,KELLY JOHANN PER    ,2632      ,                ,  101,                    ,                              , 0,2,20190105 10:53:22,    0,         0,         0,10445,   15,  101,2,                ,0010000,2, 1,         0,    0,1000000000000000000000000000000000000000,0000000000000000000000010000000000001000,         0,         0,         0,         0,1, 0, 0, 0,3669808                       ,    0,         0,0,20190105 10:53:22,4059                          , 9999, 9999, 9999,  101,32767,     0,     0
 ED5.2,0943669808                    ,4059                          ,KELLY JOHANN PER    ,2632      ,                ,  101,                    ,                              , 0,2,20190105 10:53:56,    0,         0,         0,10866,   82,  101,2,                ,0010000,2, 1,         0,    0,1000000000000000000000000000000000000000,0000000000000000000000010000000000001000,         0,         0,         0,         0,1, 0, 0, 0,3669808                       ,    0,         0,0,20190105 10:53:56,4059                          , 9999, 9999, 9999,  101,32767,     0,     0
 ED5.2,6164300                       ,1524                          ,JOHAN SEBAST CAR    ,1952      ,                ,  101,                    ,                              , 0,2,20190105 10:54:55,    0,         0,        82,10001,   11,  101,2,                ,0010000,2, 1,         0,    0,1000000000000000000000000000000000000000,0000000000000000000000010000000000001000,         0,         0,         0,         0,1, 0, 0, 0,6164300                       ,    0,         0,0,20190105 10:53:33,1524                          , 9999, 9999, 9999,  101,32767,     0,     0
 ED5.2,6164300                       ,1524                          ,JOHAN SEBAST CAR    ,1952      ,                ,  101,                    ,                              , 0,2,20190105 10:56:19,    0,         0,         0,10001,   11,  101,2,                ,0010000,2, 1,         0,    0,1000000000000000000000000000000000000000,0000000000000000000000010000000000001000,         0,         0,         0,         0,1, 0, 0, 0,6164300                       ,    0,         0,0,20190105 10:56:19,1524                          , 9999, 9999, 9999,  101,32767,     0,     0
 ED5.2,6164300                       ,1524                          ,JOHAN SEBAST CAR    ,1952      ,                ,  101,                    ,                              , 0,2,20190105 10:57:24,    0,         0,         0,10001,   11,  101,2,                ,0010000,2, 1,         0,    0,1000000000000000000000000000000000000000,0000000000000000000000010000000000001000,         0,         0,         0,         0,1, 0, 0, 0,6164300                       ,    0,         0,0,20190105 10:57:24,1524                          , 9999, 9999, 9999,  101,32767,     0,     0
 ED5.2,8937769                       ,2061                          ,PAOLA ANDREA GAR    ,4632      ,                ,  101,                    ,                              , 0,2,20190105 10:58:53,    0,         0,       214,  308,   65,  101,2,                ,0010000,2, 1,         0,    0,1000000000000000000000000000000000000000,0000000000000000000000010000000000001000,         0,         0,         0,         0,1, 0, 0, 0,8937769                       ,    0,         0,0,20190105 10:55:19,2061                          , 9999, 9999, 9999,  101,32767,     0,     0
 ED5.2,6164300                       ,1524                          ,JOHAN SEBAST CAR    ,1952      ,                ,  101,                    ,                              , 0,2,20190105 10:58:55,    0,         0,        78,10001,   11,  101,2,                ,0010000,2, 1,         0,    0,1000000000000000000000000000000000000000,0000000000000000000000010000000000001000,         0,         0,         0,         0,1, 0, 0, 0,6164300                       ,    0,         0,0,20190105 10:57:37,1524                          , 9999, 9999, 9999,  101,32767,     0,     0
 ED5.2,616423                        ,1524                          ,JOHAN SEBAST CAR    ,1952      ,                ,  101,                    ,                              , 0,2,20190105 10:59:02,    0,         0,         0,10001,   11,  101,2,                ,0010000,2, 1,         0,    0,1000000000000000000000000000000000000000,0000000000000000000000010000000000001000,         0,         0,         0,         0,1, 0, 0, 0,616423                        ,    0,         0,0,20190105 10:59:02,1524                          , 9999, 9999, 9999,  101,32767,     0,     0
 ED5.2,5170051                       ,1024                          ,DANIEL ANDRE TAN    ,1638      ,                ,  101,                    ,                              , 0,2,20190105 10:59:29,    0,         0,         0,10002,   11,  101,2,                ,0010000,2, 1,         0,    0,1000000000000000000000000000000000000000,0000000000000000000000010000000000001000,         0,         0,         0,         0,1, 0, 0, 0,5170051                       ,    0,         0,0,20190105 10:59:29,1024                          , 9999, 9999, 9999,  101,32767,     0,     0
 ED5.2,6164300                       ,1524                          ,JOHAN SEBAST CAR    ,1952      ,                ,  101,                    ,                              , 0,2,20190105 10:59:39,    0,         0,        29,10001,   11,  101,2,                ,0010000,2, 1,         0,    0,1000000000000000000000000000000000000000,0000000000000000000000010000000000001000,         0,         0,         0,         0,1, 0, 0, 0,6164300                       ,    0,         0,0,20190105 10:59:10,1524                          , 9999, 9999, 9999,  101,32767,     0,     0
 ED5.2,5170051                       ,1024                          ,DANIEL ANDRE TAN    ,1638      ,                ,  101,                    ,                              , 0,2,20190105 11:00:05,    0,         0,         0,  120,   20,  101,2,                ,0010000,2, 1,         0,    0,1000000000000000000000000000000000000000,0000000000000000000000010000000000001000,         0,         0,         0,         0,1, 0, 0, 0,5170051                       ,    0,         0,0,20190105 11:00:05,1024                          , 9999, 9999, 9999,  101,32767,     0,     0
