 ED5.2,3228                          ,1449                          ,                    ,1632      ,                ,  101,                    ,                              ,14,0,20181116 19:00:42,    0,         0,        30,65535,65535, 9999,2,                ,0000000,0, 0,         0,    0,0000000000000000000000000000000000000000,0000000000000000000000000000000000000000,         0,         0,         0,         0,1, 0, 0, 0,3228                          ,    0,        30,0,20181116 19:00:12,1449                          ,  101, 9999,  101,  101,    0,     0,     0
 ED5.2,6604869                       ,1394                          ,CLARA YANETH MAN    ,1638      ,                ,  101,                    ,                              , 0,2,20181116 19:01:02,    0,         0,       209, 1951,   11,  101,2,                ,0010000,2, 1,         0,    0,1000000000000000000000000000000000000000,0000000000000000000000010000000000001000,         0,         0,         0,         0,1, 0, 0, 0,6604869                       ,    0,         0,0,20181116 18:57:33,1394                          , 9999, 9999, 9999,  101,32767,     0,     0
 ED5.2,3921463                       ,1653                          ,MERCEDES VELOZA     ,1425      ,                ,  101,                    ,                              , 0,2,20181116 19:01:17,    0,         0,        27, 2816,   82,  101,2,                ,0010000,2, 1,         0,    0,1000000000000000000000000000000000000000,0000000000000000000000010000000000001000,         0,         0,         0,         0,1, 0, 0, 0,3921463                       ,    0,         0,0,20181116 19:00:50,1653                          , 9999, 9999, 9999,  101,32767,     0,     0
 ED5.2,7777                          ,1458                          ,                    ,1952      ,                ,  101,                    ,                              , 3,0,20181116 19:02:14,    0,         0,         0,65535,65535, 9999,2,                ,0000000,0, 0,         0,    0,0000000000000000000000000000000000000000,0000000000000000000000000000000000000000,         0,         0,         0,         0,1, 0, 0, 0,7777                          ,    0,         0,0,20181116 19:02:14,1458                          ,  101, 9999,  101,  101,    0,     0,     0
 ED5.2,7777                          ,1458                          ,                    ,1952      ,                ,  101,                    ,                              , 3,0,20181116 19:02:41,    0,         0,         0,65535,65535, 9999,2,                ,0000000,0, 0,         0,    0,0000000000000000000000000000000000000000,0000000000000000000000000000000000000000,         0,         0,         0,         0,1, 0, 0, 0,7777                          ,    0,         0,0,20181116 19:02:41,1458                          ,  101, 9999,  101,  101,    0,     0,     0
 ED5.2,1893                          ,1256                          ,                    ,1843      ,                ,  101,                    ,                              ,14,0,20181116 19:03:35,    0,         0,       328,65535,65535, 9999,2,                ,0000000,0, 0,         0,    0,0000000000000000000000000000000000000000,0000000000000000000000000000000000000000,         0,         0,         0,         0,1, 0, 0, 0,1893                          ,    0,       328,0,20181116 18:58:07,1256                          ,  101, 9999,  101,  101,    0,     0,     0
 ED5.2,9086555                       ,1868                          ,CAROLINA VARGAS     ,1945      ,                ,  101,                    ,                              , 0,2,20181116 19:04:04,    0,         0,        56, 1951,   11,  101,2,                ,0010000,2, 1,         0,    0,1000000000000000000000000000000000000000,0000000000000000000000010000000000001000,         0,         0,         0,         0,1, 0, 0, 0,9086555                       ,    0,         0,0,20181116 19:03:08,1868                          , 9999, 9999, 9999,  101,32767,     0,     0
 ED5.2,5145                          ,5122                          ,                    ,3635      ,                ,  101,                    ,                              ,14,0,20181116 19:04:45,    0,         0,         0,65535,65535, 9999,2,                ,0000000,0, 0,         0,    0,0000000000000000000000000000000000000000,0000000000000000000000000000000000000000,         0,         0,         0,         0,1, 0, 0, 0,5145                          ,    0,         0,0,20181116 19:04:45,5122                          ,  101, 9999,  101,  101,    0,     0,     0
 ED5.2,3013672501                    ,4026                          ,LUZ MARINA PARRA    ,2952      ,                ,  101,                    ,                              , 0,2,20181116 19:04:49,    0,         0,        57, 2299,   66,  101,2,                ,0010000,2, 1,         0,    0,1000000000000000000000000000000000000000,0000000000000000000000010000000000001000,         0,         0,         0,         0,1, 0, 0, 0,033013672501                  ,    0,         0,0,20181116 19:03:52,4026                          , 9999, 9999, 9999,  101,32767,     0,     0
 ED5.2,8238689                       ,1039                          ,JUAN FRANCIS ALM    ,1631      ,                ,  101,                    ,                              , 0,2,20181116 19:05:00,    0,         0,       320, 2815,   82,  101,2,                ,0010000,2, 1,         0,    0,1000000000000000000000000000000000000000,0000000000000000000000010000000000001000,         0,         0,         0,         0,1, 0, 0, 0,8238689                       ,    0,         0,0,20181116 18:59:40,1039                          , 9999, 9999, 9999,  101,32767,     0,     0
 ED5.2,1893                          ,1256                          ,                    ,1843      ,                ,  101,                    ,                              ,14,0,20181116 19:06:51,    0,         0,        84,65535,65535, 9999,2,                ,0000000,0, 0,         0,    0,0000000000000000000000000000000000000000,0000000000000000000000000000000000000000,         0,         0,         0,         0,1, 0, 0, 0,1893                          ,    0,        84,0,20181116 19:05:27,1256                          ,  101, 9999,  101,  101,    0,     0,     0
 ED5.2,2061                          ,2024                          ,                    ,4952      ,                ,  101,                    ,                              ,14,0,20181116 19:06:57,    0,         0,         0,65535,65535, 9999,2,                ,0000000,0, 0,         0,    0,0000000000000000000000000000000000000000,0000000000000000000000000000000000000000,         0,         0,         0,         0,1, 0, 0, 0,2061                          ,    0,         0,0,20181116 19:06:57,2024                          ,  101, 9999,  101,  101,    0,     0,     0
 ED5.2,5131                          ,5155                          ,                    ,3952      ,                ,  101,                    ,                              ,14,0,20181116 19:07:03,    0,         0,        24,65535,65535, 9999,2,                ,0000000,0, 0,         0,    0,0000000000000000000000000000000000000000,0000000000000000000000000000000000000000,         0,         0,         0,         0,1, 0, 0, 0,5131                          ,    0,        24,0,20181116 19:06:39,5155                          ,  101, 9999,  101,  101,    0,     0,     0
 ED5.2,8891789                       ,3501                          ,RECEPCION AUXILI    ,4675      ,                ,  101,                    ,                              , 0,2,20181116 19:08:40,    0,         0,         1,  327,   65,  101,2,                ,0010000,2, 1,         0,    0,1000000000000000000000000000000000000000,0000000000000000000000010000000000001000,         0,         0,         0,         0,1, 0, 0, 0,8891789                       ,    0,         0,0,20181116 19:08:39,3501                          , 9999, 9999, 9999,  101,32767,     0,     0
 ED5.2,3430000                       ,1039                          ,JUAN FRANCIS ALM    ,1631      ,                ,  101,                    ,                              , 0,2,20181116 19:08:52,    0,         0,       210, 2815,   82,  101,2,                ,0010000,2, 1,         0,    0,1000000000000000000000000000000000000000,0000000000000000000000010000000000001000,         0,         0,         0,         0,1, 0, 0, 0,3430000                       ,    0,         0,0,20181116 19:05:22,1039                          , 9999, 9999, 9999,  101,32767,     0,     0
 ED5.2,6604869                       ,1314                          ,INGENIERO DESARR    ,1945      ,                ,  101,                    ,                              , 0,2,20181116 19:09:17,    0,         0,        15, 1953,   11,  101,2,                ,0010000,2, 1,         0,    0,1000000000000000000000000000000000000000,0000000000000000000000010000000000001000,         0,         0,         0,         0,1, 0, 0, 0,6604869                       ,    0,         0,0,20181116 19:09:02,1314                          , 9999, 9999, 9999,  101,32767,     0,     0
 ED5.2,6604869                       ,1505                          ,JOHN ENRIQUE ROD    ,1741      ,                ,  101,                    ,                              , 0,2,20181116 19:09:43,    0,         0,       266, 1951,   11,  101,2,                ,0010000,2, 1,         0,    0,1000000000000000000000000000000000000000,0000000000000000000000010000000000001000,         0,         0,         0,         0,1, 0, 0, 0,6604869                       ,    0,         0,0,20181116 19:05:17,1505                          , 9999, 9999, 9999,  101,32767,     0,     0
 ED5.2,1577                          ,1505                          ,                    ,1741      ,                ,  101,                    ,                              ,14,0,20181116 19:09:45,    0,         0,         0,65535,65535, 9999,2,                ,0000000,0, 0,         0,    0,0000000000000000000000000000000000000000,0000000000000000000000000000000000000000,         0,         0,         0,         0,1, 0, 0, 0,1577                          ,    0,         0,0,20181116 19:09:45,1505                          ,  101, 9999,  101,  101,    0,     0,     0
 ED5.2,7460439                       ,1368                          ,CAJA 6              ,1949      ,                ,  101,                    ,                              , 4,2,20181116 19:10:22,    0,         0,        42,  120,   20,  101,2,                ,0000000,3, 0,         0,    0,0000000000000000000000000000000000000000,0000000000000000000000010000000000000000,         0,         0,         0,         0,1, 0, 0, 0,A800                          ,   24,        18,0,20181116 19:09:40,                              , 9999, 9999, 9999, 9999,32767,     0,     0
 ED5.2,6604869                       ,1237                          ,MANUEL DONCEL P     ,1633      ,                ,  101,                    ,                              , 0,2,20181116 19:10:40,    0,         0,       151, 1952,   11,  101,2,                ,0010000,2, 1,         0,    0,1000000000000000000000000000000000000000,0000000000000000000000010000000000001000,         0,         0,         0,         0,1, 0, 0, 0,6604869                       ,    0,         0,0,20181116 19:08:09,1237                          , 9999, 9999, 9999,  101,32767,     0,     0
 ED5.2,4199751                       ,4819                          ,                    ,          ,                ,  101,                    ,                              , 7,2,20181116 19:11:48,    0,         0,     38672, 2849,   82,  101,2,                ,0010000,2, 1,         0,    0,1000000000000000000000000000000000000000,0000000000000000000000010000000000001000,         0,         0,         0,         0,1, 0, 0, 0,4199751                       ,    0,         0,0,20181116 08:27:16,                              , 9999, 9999, 9999, 9999,32767,     0,     0
 ED5.2,1448                          ,1736                          ,                    ,1635      ,                ,  101,                    ,                              ,14,0,20181116 19:12:17,    0,         0,         7,65535,65535, 9999,2,                ,0000000,0, 0,         0,    0,0000000000000000000000000000000000000000,0000000000000000000000000000000000000000,         0,         0,         0,         0,1, 0, 0, 0,1448                          ,    0,         7,0,20181116 19:12:10,1736                          ,  101, 9999,  101,  101,    0,     0,     0
 ED5.2,1561                          ,1736                          ,                    ,1635      ,                ,  101,                    ,                              ,14,0,20181116 19:12:41,    0,         0,         7,65535,65535, 9999,2,                ,0000000,0, 0,         0,    0,0000000000000000000000000000000000000000,0000000000000000000000000000000000000000,         0,         0,         0,         0,1, 0, 0, 0,1561                          ,    0,         7,0,20181116 19:12:34,1736                          ,  101, 9999,  101,  101,    0,     0,     0
 ED5.2,1392                          ,1826                          ,                    ,1638      ,                ,  101,                    ,                              ,14,0,20181116 19:15:07,    0,         0,         0,65535,65535, 9999,2,                ,0000000,0, 0,         0,    0,0000000000000000000000000000000000000000,0000000000000000000000000000000000000000,         0,         0,         0,         0,1, 0, 0, 0,1392                          ,    0,         0,0,20181116 19:15:07,1826                          ,  101, 9999,  101,  101,    0,     0,     0
 ED5.2,3243                          ,1736                          ,                    ,1635      ,                ,  101,                    ,                              ,14,0,20181116 19:16:11,    0,         0,         6,65535,65535, 9999,2,                ,0000000,0, 0,         0,    0,0000000000000000000000000000000000000000,0000000000000000000000000000000000000000,         0,         0,         0,         0,1, 0, 0, 0,3243                          ,    0,         6,0,20181116 19:16:05,1736                          ,  101, 9999,  101,  101,    0,     0,     0
 ED5.2,7420719                       ,1600                          ,RECEPCION COUNTR    ,1635      ,                ,  101,                    ,                              , 4,2,20181116 19:16:44,    0,         0,        36,  120,   20,  101,2,                ,0000000,3, 0,         0,    0,0000000000000000000000000000000000000000,0000000000000000000000010000000000000000,         0,         0,         0,         0,1, 0, 0, 0,A800                          ,   36,         0,1,20181116 19:16:08,                              , 9999, 9999, 9999, 9999,32767,     0,     0
 ED5.2,6604869                       ,1314                          ,INGENIERO DESARR    ,1945      ,                ,  101,                    ,                              , 0,2,20181116 19:18:07,    0,         0,       493, 1953,   11,  101,2,                ,0010000,2, 1,         0,    0,1000000000000000000000000000000000000000,0000000000000000000000010000000000001000,         0,         0,         0,         0,1, 0, 0, 0,6604869                       ,    0,         0,0,20181116 19:09:54,1314                          , 9999, 9999, 9999,  101,32767,     0,     0
 ED5.2,3006715717                    ,5206                          ,VANESSA YOHA VAR    ,7952      ,                ,  101,                    ,                              , 0,1,20181116 19:18:59,    0,         0,       121,  378,   21,  101,2,                ,0010000,0, 0,         0,    0,0000000000000000000000000000000000000000,0000000000000000000000010000000000001000,         0,         0,         0,         0,1, 0, 0, 0,033006715717                  ,    0,         0,0,20181116 19:16:58,5206                          , 9999, 9999, 9999,  101,32767,     0,     0
 ED5.2,5148                          ,5122                          ,                    ,3635      ,                ,  101,                    ,                              ,14,0,20181116 19:19:31,    0,         0,        50,65535,65535, 9999,2,                ,0000000,0, 0,         0,    0,0000000000000000000000000000000000000000,0000000000000000000000000000000000000000,         0,         0,         0,         0,1, 0, 0, 0,5148                          ,    0,        50,0,20181116 19:18:41,5122                          ,  101, 9999,  101,  101,    0,     0,     0
 ED5.2,1394                          ,1826                          ,                    ,1638      ,                ,  101,                    ,                              ,14,0,20181116 19:20:11,    0,         0,        33,65535,65535, 9999,2,                ,0000000,0, 0,         0,    0,0000000000000000000000000000000000000000,0000000000000000000000000000000000000000,         0,         0,         0,         0,1, 0, 0, 0,1394                          ,    0,        33,0,20181116 19:19:38,1826                          ,  101, 9999,  101,  101,    0,     0,     0
 ED5.2,1486                          ,1736                          ,                    ,1635      ,                ,  101,                    ,                              ,14,0,20181116 19:20:23,    0,         0,         8,65535,65535, 9999,2,                ,0000000,0, 0,         0,    0,0000000000000000000000000000000000000000,0000000000000000000000000000000000000000,         0,         0,         0,         0,1, 0, 0, 0,1486                          ,    0,         8,0,20181116 19:20:15,1736                          ,  101, 9999,  101,  101,    0,     0,     0
 ED5.2,3535159                       ,3419                          ,ARTURO FELIP MON    ,1672      ,                ,  101,                    ,3408                          , 0,2,20181116 19:20:46,    0,         0,     37497, 2867,   82,  101,2,                ,0010000,2, 1,         0,    0,0000000000000000000000000000000000000000,0000000010000000000000010000000000001000,         0,         0,         0,         0,1, 0, 0, 0,3535159                       ,   43,     37497,0,20181116 08:55:49,3419                          , 9999, 9999, 9999,  101,32767,     0,     0
 ED5.2,9086555                       ,1868                          ,CAROLINA VARGAS     ,1945      ,                ,  101,                    ,                              , 0,2,20181116 19:21:59,    0,         0,        68, 1951,   11,  101,2,                ,0010000,2, 1,         0,    0,1000000000000000000000000000000000000000,0000000000000000000000010000000000001000,         0,         0,         0,         0,1, 0, 0, 0,9086555                       ,    0,         0,0,20181116 19:20:51,1868                          , 9999, 9999, 9999,  101,32767,     0,     0
 ED5.2,7420771                       ,4811                          ,                    ,          ,                ,  101,                    ,                              , 7,2,20181116 19:25:05,    0,         0,     32568, 2866,   82,  101,2,                ,0010000,2, 1,         0,    0,1000000000000000000000000000000000000000,0000000000000000000000010000000000001000,         0,         0,         0,         0,1, 0, 0, 0,7420771                       ,    0,         0,0,20181116 10:22:17,                              , 9999, 9999, 9999, 9999,32767,     0,     0
 ED5.2,9236848                       ,1341                          ,DIANA PATRIC GOM    ,1945      ,                ,  101,                    ,                              , 0,2,20181116 19:26:11,    0,         0,        93, 1951,   11,  101,2,                ,0010000,2, 1,         0,    0,1000000000000000000000000000000000000000,0000000000000000000000010000000000001000,         0,         0,         0,         0,1, 0, 0, 0,9236848                       ,    0,         0,0,20181116 19:24:38,1341                          , 9999, 9999, 9999,  101,32767,     0,     0
 ED5.2,7555579                       ,1067                          ,LUZ CAROLINE CAI    ,1952      ,                ,  101,                    ,                              , 0,2,20181116 19:27:18,    0,         0,         4, 1951,   11,  101,2,                ,0010000,2, 1,         0,    0,1000000000000000000000000000000000000000,0000000000000000000000010000000000001000,         0,         0,         0,         0,1, 0, 0, 0,7555579                       ,    0,         0,0,20181116 19:27:14,1067                          , 9999, 9999, 9999,  101,32767,     0,     0
 ED5.2,7555579                       ,1067                          ,LUZ CAROLINE CAI    ,1952      ,                ,  101,                    ,                              , 0,2,20181116 19:27:29,    0,         0,         3, 1951,   11,  101,2,                ,0010000,2, 1,         0,    0,1000000000000000000000000000000000000000,0000000000000000000000010000000000001000,         0,         0,         0,         0,1, 0, 0, 0,7555579                       ,    0,         0,0,20181116 19:27:26,1067                          , 9999, 9999, 9999,  101,32767,     0,     0
 ED5.2,7555579                       ,1067                          ,LUZ CAROLINE CAI    ,1952      ,                ,  101,                    ,                              , 0,2,20181116 19:27:46,    0,         0,         4, 1951,   11,  101,2,                ,0010000,2, 1,         0,    0,1000000000000000000000000000000000000000,0000000000000000000000010000000000001000,         0,         0,         0,         0,1, 0, 0, 0,7555579                       ,    0,         0,0,20181116 19:27:42,1067                          , 9999, 9999, 9999,  101,32767,     0,     0
 ED5.2,4052                          ,4026                          ,                    ,2952      ,                ,  101,                    ,                              ,14,0,20181116 19:28:39,    0,         0,         5,65535,65535, 9999,2,                ,0000000,0, 0,         0,    0,0000000000000000000000000000000000000000,0000000000000000000000000000000000000000,         0,         0,         0,         0,1, 0, 0, 0,4052                          ,    0,         5,0,20181116 19:28:34,4026                          ,  101, 9999,  101,  101,    0,     0,     0
 ED5.2,4349213                       ,1314                          ,INGENIERO DESARR    ,1945      ,                ,  101,                    ,                              , 0,2,20181116 19:28:54,    0,         0,       160, 1952,   11,  101,2,                ,0010000,2, 1,         0,    0,1000000000000000000000000000000000000000,0000000000000000000000010000000000001000,         0,         0,         0,         0,1, 0, 0, 0,4349213                       ,    0,         0,0,20181116 19:26:14,1314                          , 9999, 9999, 9999,  101,32767,     0,     0
 ED5.2,3705460                       ,2024                          ,ILSE MARGARI MEL    ,4952      ,                ,  101,                    ,                              , 0,2,20181116 19:29:46,    0,         0,        17,  328,   65,  101,2,                ,0010000,2, 1,         0,    0,1000000000000000000000000000000000000000,0000000000000000000000010000000000001000,         0,         0,         0,         0,1, 0, 0, 0,3705460                       ,    0,         0,0,20181116 19:29:29,2024                          , 9999, 9999, 9999,  101,32767,     0,     0
 ED5.2,3929218                       ,3104                          ,VIVIANA ANDR MAR    ,1979      ,                ,  101,                    ,                              , 0,2,20181116 19:30:13,    0,         0,         0, 1951,   11,  101,2,                ,0010000,2, 1,         0,    0,1000000000000000000000000000000000000000,0000000000000000000000010000000000001000,         0,         0,         0,         0,1, 0, 0, 0,3929218                       ,    0,         0,0,20181116 19:30:13,3104                          , 9999, 9999, 9999,  101,32767,     0,     0
 ED5.2,5155                          ,5131                          ,                    ,3843      ,                ,  101,                    ,                              ,14,0,20181116 19:30:40,    0,         0,         0,65535,65535, 9999,2,                ,0000000,0, 0,         0,    0,0000000000000000000000000000000000000000,0000000000000000000000000000000000000000,         0,         0,         0,         0,1, 0, 0, 0,5155                          ,    0,         0,0,20181116 19:30:40,5131                          ,  101, 9999,  101,  101,    0,     0,     0
 ED5.2,5158                          ,5131                          ,                    ,3843      ,                ,  101,                    ,                              ,14,0,20181116 19:30:41,    0,         0,         0,65535,65535, 9999,2,                ,0000000,0, 0,         0,    0,0000000000000000000000000000000000000000,0000000000000000000000000000000000000000,         0,         0,         0,         0,1, 0, 0, 0,5155                          ,    0,         0,1,20181116 19:30:41,5131                          ,  101, 9999,  101,  101,    0,     0,     0
 ED5.2,8018                          ,3222                          ,                    ,1981      ,                ,  101,                    ,                              ,14,0,20181116 19:30:51,    0,         0,         0,65535,65535, 9999,2,                ,0000000,0, 0,         0,    0,0000000000000000000000000000000000000000,0000000000000000000000000000000000000000,         0,         0,         0,         0,1, 0, 0, 0,8018                          ,    0,         0,0,20181116 19:30:51,3222                          ,  101, 9999,  101,  101,    0,     0,     0
 ED5.2,072972231                     ,4020                          ,MARISOL BETANCUR    ,2952      ,                ,  101,                    ,                              , 4,2,20181116 19:32:59,    0,         0,        75, 2395,   15,  101,2,                ,0000000,2, 0,         0,    0,0000000000000000000000000000000000000000,0000000000000000000000010000000000000000,         0,         0,         0,         0,1, 0, 0, 0,A800                          ,   76,         0,1,20181116 19:31:44,                              , 9999, 9999, 9999, 9999,32767,     0,     0
 ED5.2,4444321                       ,4046                          ,SANTIAGO LOPEZ G    ,2952      ,                ,  101,                    ,                              , 0,2,20181116 19:33:04,    0,         0,        12, 2396,   15,  101,2,                ,0010000,2, 1,         0,    0,1000000000000000000000000000000000000000,0000000000000000000000010000000000001000,         0,         0,         0,         0,1, 0, 0, 0,4444321                       ,    0,         0,0,20181116 19:32:52,4046                          , 9999, 9999, 9999,  101,32767,     0,     0
 ED5.2,6059898                       ,FS020                         ,ETB                 ,          ,                ,  101,                    ,                              , 4,2,20181116 19:33:10,    0,         0,         4,  120,   20,  101,2,                ,0000000,2, 0,         0,    0,0000000000000000000000000000000000000000,0000000000000000000000010000000000000000,         0,         0,         0,         0,1, 0, 0, 0,A800                          ,    5,         0,0,20181116 19:33:06,                              , 9999, 9999, 9999, 9999,32767,     0,     0
 ED5.2,4021                          ,4046                          ,                    ,2952      ,                ,  101,                    ,                              ,14,0,20181116 19:34:22,    0,         0,         4,65535,65535, 9999,2,                ,0000000,0, 0,         0,    0,0000000000000000000000000000000000000000,0000000000000000000000000000000000000000,         0,         0,         0,         0,1, 0, 0, 0,4021                          ,    0,         4,0,20181116 19:34:18,4046                          ,  101, 9999,  101,  101,    0,     0,     0
 ED5.2,236848                        ,1416                          ,LINA MARIA COCOM    ,1945      ,                ,  101,                    ,                              , 4,2,20181116 19:34:25,    0,         0,        49,  120,   20,  101,2,                ,0000000,3, 0,         0,    0,0000000000000000000000000000000000000000,0000000000000000000000010000000000000000,         0,         0,         0,         0,1, 0, 0, 0,A800                          ,   49,         0,1,20181116 19:33:36,                              , 9999, 9999, 9999, 9999,32767,     0,     0
 ED5.2,3204947026                    ,1119                          ,ACH FONDOS          ,1949      ,                ,  101,                    ,                              , 0,1,20181116 19:36:02,    0,         0,       138,  377,   21,  101,2,                ,0010000,0, 0,         0,    0,0000000000000000000000000000000000000000,0000000000000000000000010000000000001000,         0,         0,         0,         0,1, 0, 0, 0,033204947026                  ,    0,         0,0,20181116 19:33:44,1119                          , 9999, 9999, 9999,  101,32767,     0,     0
 ED5.2,3269                          ,1580                          ,                    ,1672      ,                ,  101,                    ,                              ,14,0,20181116 19:36:48,    0,         0,        21,65535,65535, 9999,2,                ,0000000,0, 0,         0,    0,0000000000000000000000000000000000000000,0000000000000000000000000000000000000000,         0,         0,         0,         0,1, 0, 0, 0,3269                          ,    0,        21,0,20181116 19:36:27,1580                          ,  101, 9999,  101,  101,    0,     0,     0
 ED5.2,3014144454                    ,4040                          ,YURLEY VANES GUA    ,2425      ,                ,  101,                    ,                              , 0,2,20181116 19:37:12,    0,         0,        25, 2299,   66,  101,2,                ,0010000,2, 1,         0,    0,1000000000000000000000000000000000000000,0000000000000000000000010000000000001000,         0,         0,         0,         0,1, 0, 0, 0,033014144454                  ,    0,         0,0,20181116 19:36:47,4040                          , 9999, 9999, 9999,  101,32767,     0,     0
 ED5.2,9236848                       ,1341                          ,DIANA PATRIC GOM    ,1945      ,                ,  101,                    ,                              , 0,2,20181116 19:39:00,    0,         0,       144, 1951,   11,  101,2,                ,0010000,2, 1,         0,    0,1000000000000000000000000000000000000000,0000000000000000000000010000000000001000,         0,         0,         0,         0,1, 0, 0, 0,9236848                       ,    0,         0,0,20181116 19:36:36,1341                          , 9999, 9999, 9999,  101,32767,     0,     0
 ED5.2,2123505                       ,3327                          ,ASISTENTE OPERAT    ,1949      ,                ,  101,                    ,                              , 0,2,20181116 19:41:44,    0,         0,       169, 2815,   82,  101,2,                ,0010000,2, 1,         0,    0,1000000000000000000000000000000000000000,0000000000000000000000010000000000001000,         0,         0,         0,         0,1, 0, 0, 0,2123505                       ,    0,         0,0,20181116 19:38:55,3327                          , 9999, 9999, 9999,  101,32767,     0,     0
 ED5.2,4323739                       ,1368                          ,CAJA 6              ,1949      ,                ,  101,                    ,                              , 0,2,20181116 19:42:15,    0,         0,       313, 1952,   11,  101,2,                ,0010000,2, 1,         0,    0,1000000000000000000000000000000000000000,0000000000000000000000010000000000001000,         0,         0,         0,         0,1, 0, 0, 0,4323739                       ,    0,         0,0,20181116 19:37:02,1368                          , 9999, 9999, 9999,  101,32767,     0,     0
 ED5.2,3250                          ,3327                          ,                    ,1949      ,                ,  101,                    ,                              ,14,0,20181116 19:44:01,    0,         0,         0,65535,65535, 9999,2,                ,0000000,0, 0,         0,    0,0000000000000000000000000000000000000000,0000000000000000000000000000000000000000,         0,         0,         0,         0,1, 0, 0, 0,3250                          ,    0,         0,0,20181116 19:44:01,3327                          ,  101, 9999,  101,  101,    0,     0,     0
 ED5.2,88                            ,3327                          ,                    ,1949      ,                ,  101,                    ,                              ,14,0,20181116 19:44:03,    0,         0,         2,65535,65535, 9999,2,                ,0000000,0, 0,         0,    0,0000000000000000000000000000000000000000,0000000000000000000000000000000000000000,         0,         0,         0,         0,1, 0, 0, 0,3250                          ,    0,         2,1,20181116 19:44:01,3327                          ,  101, 9999,  101,  101,    0,     0,     0
 ED5.2,3929218                       ,3104                          ,VIVIANA ANDR MAR    ,1979      ,                ,  101,                    ,                              , 0,2,20181116 19:46:53,    0,         0,        19, 1951,   11,  101,2,                ,0010000,2, 1,         0,    0,1000000000000000000000000000000000000000,0000000000000000000000010000000000001000,         0,         0,         0,         0,1, 0, 0, 0,3929218                       ,    0,         0,0,20181116 19:46:34,3104                          , 9999, 9999, 9999,  101,32767,     0,     0
 ED5.2,4719724                       ,1228                          ,COORD PROCES ADI    ,1949      ,                ,  101,                    ,                              , 0,2,20181116 19:51:34,    0,         0,         0, 2816,   82,  101,2,                ,0010000,2, 1,         0,    0,1000000000000000000000000000000000000000,0000000000000000000000010000000000001000,         0,         0,         0,         0,1, 0, 0, 0,4719724                       ,    0,         0,0,20181116 19:51:34,1228                          , 9999, 9999, 9999,  101,32767,     0,     0
 ED5.2,3973                          ,1868                          ,CAROLINA VARGAS     ,1945      ,                ,  101,                    ,                              , 0,2,20181116 19:51:44,    0,         0,         0, 1951,   11,  101,2,                ,0010000,2, 1,         0,    0,1000000000000000000000000000000000000000,0000000000000000000000010000000000001000,         0,         0,         0,         0,1, 0, 0, 0,3973                          ,    0,         0,0,20181116 19:51:44,1868                          , 9999, 9999, 9999,  101,32767,     0,     0
 ED5.2,7501175                       ,3337                          ,ESTEFANIA GUERRE    ,1949      ,                ,  101,                    ,                              , 0,2,20181116 19:52:14,    0,         0,       119, 2815,   82,  101,2,                ,0010000,2, 1,         0,    0,1000000000000000000000000000000000000000,0000000000000000000000010000000000001000,         0,         0,         0,         0,1, 0, 0, 0,7501175                       ,    0,         0,0,20181116 19:50:15,3337                          , 9999, 9999, 9999,  101,32767,     0,     0
 ED5.2,3919373                       ,1868                          ,CAROLINA VARGAS     ,1945      ,                ,  101,                    ,                              , 0,2,20181116 19:52:22,    0,         0,         0, 1951,   11,  101,2,                ,0010000,2, 1,         0,    0,1000000000000000000000000000000000000000,0000000000000000000000010000000000001000,         0,         0,         0,         0,1, 0, 0, 0,3919373                       ,    0,         0,0,20181116 19:52:22,1868                          , 9999, 9999, 9999,  101,32767,     0,     0
 ED5.2,3155872081                    ,1228                          ,COORD PROCES ADI    ,1949      ,                ,  101,                    ,                              , 0,2,20181116 19:52:25,    0,         0,         0, 2299,   66,  101,2,                ,0010000,2, 1,         0,    0,1000000000000000000000000000000000000000,0000000000000000000000010000000000001000,         0,         0,         0,         0,1, 0, 0, 0,033155872081                  ,    0,         0,0,20181116 19:52:25,1228                          , 9999, 9999, 9999,  101,32767,     0,     0
 ED5.2,3155872081                    ,1228                          ,COORD PROCES ADI    ,1949      ,                ,  101,                    ,                              , 0,2,20181116 19:53:02,    0,         0,         2, 2299,   66,  101,2,                ,0010000,2, 1,         0,    0,1000000000000000000000000000000000000000,0000000000000000000000010000000000001000,         0,         0,         0,         0,1, 0, 0, 0,033155872081                  ,    0,         0,0,20181116 19:53:00,1228                          , 9999, 9999, 9999,  101,32767,     0,     0
 ED5.2,1577                          ,1736                          ,                    ,1635      ,                ,  101,                    ,                              ,14,0,20181116 19:54:46,    0,         0,         9,65535,65535, 9999,2,                ,0000000,0, 0,         0,    0,0000000000000000000000000000000000000000,0000000000000000000000000000000000000000,         0,         0,         0,         0,1, 0, 0, 0,1577                          ,    0,         9,0,20181116 19:54:37,1736                          ,  101, 9999,  101,  101,    0,     0,     0
 ED5.2,1394                          ,1736                          ,                    ,1635      ,                ,  101,                    ,                              ,14,0,20181116 19:55:17,    0,         0,         9,65535,65535, 9999,2,                ,0000000,0, 0,         0,    0,0000000000000000000000000000000000000000,0000000000000000000000000000000000000000,         0,         0,         0,         0,1, 0, 0, 0,1394                          ,    0,         9,0,20181116 19:55:08,1736                          ,  101, 9999,  101,  101,    0,     0,     0
 ED5.2,3204947026                    ,1119                          ,ACH FONDOS          ,1949      ,                ,  101,                    ,                              , 0,1,20181116 19:55:22,    0,         0,       118,  378,   21,  101,2,                ,0010000,0, 0,         0,    0,0000000000000000000000000000000000000000,0000000000000000000000010000000000001000,         0,         0,         0,         0,1, 0, 0, 0,033204947026                  ,    0,         0,0,20181116 19:53:24,1119                          , 9999, 9999, 9999,  101,32767,     0,     0
 ED5.2,305                           ,1119                          ,ACH FONDOS          ,1949      ,                ,  101,                    ,                              , 0,1,20181116 19:55:35,    0,         0,         0,  377,   21,  101,2,                ,0010000,0, 0,         0,    0,0000000000000000000000000000000000000000,0000000000000000000000010000000000001000,         0,         0,         0,         0,1, 0, 0, 0,03305                         ,    0,         0,0,20181116 19:55:35,1119                          , 9999, 9999, 9999,  101,32767,     0,     0
 ED5.2,1448                          ,1736                          ,                    ,1635      ,                ,  101,                    ,                              ,14,0,20181116 19:56:01,    0,         0,         9,65535,65535, 9999,2,                ,0000000,0, 0,         0,    0,0000000000000000000000000000000000000000,0000000000000000000000000000000000000000,         0,         0,         0,         0,1, 0, 0, 0,1448                          ,    0,         9,0,20181116 19:55:52,1736                          ,  101, 9999,  101,  101,    0,     0,     0
 ED5.2,3057058882                    ,1119                          ,ACH FONDOS          ,1949      ,                ,  101,                    ,                              , 0,1,20181116 19:56:29,    0,         0,        34,  378,   21,  101,2,                ,0010000,0, 0,         0,    0,0000000000000000000000000000000000000000,0000000000000000000000010000000000001000,         0,         0,         0,         0,1, 0, 0, 0,033057058882                  ,    0,         0,0,20181116 19:55:55,1119                          , 9999, 9999, 9999,  101,32767,     0,     0
 ED5.2,3155872081                    ,1228                          ,COORD PROCES ADI    ,1949      ,                ,  101,                    ,                              , 0,2,20181116 19:56:47,    0,         0,        75, 2299,   66,  101,2,                ,0010000,2, 1,         0,    0,1000000000000000000000000000000000000000,0000000000000000000000010000000000001000,         0,         0,         0,         0,1, 0, 0, 0,033155872081                  ,    0,         0,0,20181116 19:55:32,1228                          , 9999, 9999, 9999,  101,32767,     0,     0
 ED5.2,1588                          ,1736                          ,                    ,1635      ,                ,  101,                    ,                              ,14,0,20181116 19:57:58,    0,         0,         0,65535,65535, 9999,2,                ,0000000,0, 0,         0,    0,0000000000000000000000000000000000000000,0000000000000000000000000000000000000000,         0,         0,         0,         0,1, 0, 0, 0,1588                          ,    0,         0,0,20181116 19:57:58,1736                          ,  101, 9999,  101,  101,    0,     0,     0
 ED5.2,1387                          ,1736                          ,                    ,1635      ,                ,  101,                    ,                              ,14,0,20181116 19:58:02,    0,         0,         0,65535,65535, 9999,2,                ,0000000,0, 0,         0,    0,0000000000000000000000000000000000000000,0000000000000000000000000000000000000000,         0,         0,         0,         0,1, 0, 0, 0,1588                          ,    0,         0,1,20181116 19:58:02,1736                          ,  101, 9999,  101,  101,    0,     0,     0
 ED5.2,4260706                       ,4008                          ,CINDY VANESS ARI    ,2952      ,                ,  101,                    ,                              , 0,2,20181116 19:59:04,    0,         0,        64, 2395,   15,  101,2,                ,0010000,2, 1,         0,    0,1000000000000000000000000000000000000000,0000000000000000000000010000000000001000,         0,         0,         0,         0,1, 0, 0, 0,4260706                       ,    0,         0,0,20181116 19:58:00,4008                          , 9999, 9999, 9999,  101,32767,     0,     0
 ED5.2,3006715717                    ,5206                          ,VANESSA YOHA VAR    ,7952      ,                ,  101,                    ,                              , 0,1,20181116 19:59:48,    0,         0,        18,  377,   21,  101,2,                ,0010000,0, 0,         0,    0,0000000000000000000000000000000000000000,0000000000000000000000010000000000001000,         0,         0,         0,         0,1, 0, 0, 0,033006715717                  ,    0,         0,0,20181116 19:59:30,5206                          , 9999, 9999, 9999,  101,32767,     0,     0
 ED5.2,3006715717                    ,5206                          ,VANESSA YOHA VAR    ,7952      ,                ,  101,                    ,                              , 0,1,20181116 20:00:48,    0,         0,        30,  378,   21,  101,2,                ,0010000,0, 0,         0,    0,0000000000000000000000000000000000000000,0000000000000000000000010000000000001000,         0,         0,         0,         0,1, 0, 0, 0,033006715717                  ,    0,         0,0,20181116 20:00:18,5206                          , 9999, 9999, 9999,  101,32767,     0,     0
