 ED5.2,3888986                       ,5114                          ,NELCY CANTILLO      ,3949      ,                ,  101,                    ,                              , 0,2,20181123 18:00:55,    0,         0,        43, 2815,   82,  101,2,                ,0010000,2, 1,         0,    0,1000000000000000000000000000000000000000,0000000000000000000000010000000000001000,         0,         0,         0,         0,1, 0, 0, 0,3888986                       ,    0,         0,0,20181123 18:00:12,5114                          , 9999, 9999, 9999,  101,32767,     0,     0
 ED5.2,------------------------------,******************************,                    ,**********,                ,  101,                    ,******************************, 4,1,20181123 18:01:42,    0,         0,        52,  408,   83,  101,2,                ,0000000,0, 0,         0,    0,0000000000000000000000000000000000000000,0000000000000000000000010000000000000000,         0,         0,         0,         0,1, 0, 0, 0,------------------------------,   44,         9,1,20181123 18:00:50,******************************, 9999, 9999, 9999, 9999,32767,     0,     0
 ED5.2,                              ,6106                          ,DIEGO FERNAN MOR    ,5949      ,                ,  101,                    ,                              , 4,1,20181123 18:02:50,    0,         0,        33,  408,   83,  101,2,                ,0000000,0, 0,         0,    0,0000000000000000000000000000000000000000,0000000000000000000000010000000000000000,         0,         0,         0,         0,1, 0, 0, 0,                              ,   33,         0,1,20181123 18:02:17,                              , 9999, 9999, 9999, 9999,32767,     0,     0
 ED5.2,4719724                       ,1228                          ,COORD PROCES ADI    ,1949      ,                ,  101,                    ,                              , 0,2,20181123 18:05:36,    0,         0,        83, 2815,   82,  101,2,                ,0010000,2, 1,         0,    0,1000000000000000000000000000000000000000,0000000000000000000000010000000000001000,         0,         0,         0,         0,1, 0, 0, 0,4719724                       ,    0,         0,0,20181123 18:04:13,1228                          , 9999, 9999, 9999,  101,32767,     0,     0
 ED5.2,70042                         ,FS020                         ,ETB                 ,          ,                ,  101,                    ,                              , 4,2,20181123 18:06:14,    0,         0,        56,  120,   20,  101,2,                ,0000000,3, 0,         0,    0,0000000000000000000000000000000000000000,0000000000000000000000010000000000000000,         0,         0,         0,         0,1, 0, 0, 0,A800                          ,   57,         0,1,20181123 18:05:18,                              , 9999, 9999, 9999, 9999,32767,     0,     0
 ED5.2,7468120                       ,1520                          ,JULIANA IZQUIERD    ,1949      ,                ,  101,                    ,                              , 0,2,20181123 18:07:25,    0,         0,        21, 1951,   11,  101,2,                ,0010000,2, 1,         0,    0,1000000000000000000000000000000000000000,0000000000000000000000010000000000001000,         0,         0,         0,         0,1, 0, 0, 0,7468120                       ,    0,         0,0,20181123 18:07:04,1520                          , 9999, 9999, 9999,  101,32767,     0,     0
 ED5.2,7420719                       ,FS020                         ,ETB                 ,          ,                ,  101,                    ,                              , 4,2,20181123 18:09:07,    0,         0,        25,  120,   20,  101,2,                ,0000000,3, 0,         0,    0,0000000000000000000000000000000000000000,0000000000000000000000010000000000000000,         0,         0,         0,         0,1, 0, 0, 0,A800                          ,   25,         0,0,20181123 18:08:42,                              , 9999, 9999, 9999, 9999,32767,     0,     0
 ED5.2,5200                          ,5212                          ,                    ,7952      ,                ,  101,                    ,                              ,14,0,20181123 18:10:18,    0,         0,         0,65535,65535, 9999,2,                ,0000000,0, 0,         0,    0,0000000000000000000000000000000000000000,0000000000000000000000000000000000000000,         0,         0,         0,         0,1, 0, 0, 0,5200                          ,    0,         0,0,20181123 18:10:18,5212                          ,  101, 9999,  101,  101,    0,     0,     0
 ED5.2,3136674112                    ,3503                          ,IVETT PEREZ BO      ,4466      ,                ,  101,                    ,                              , 0,2,20181123 18:10:52,    0,         0,         0, 2299,   66,  101,2,                ,0010000,2, 1,         0,    0,1000000000000000000000000000000000000000,0000000000000000000000010000000000001000,         0,         0,         0,         0,1, 0, 0, 0,033136674112                  ,    0,         0,0,20181123 18:10:52,3503                          , 9999, 9999, 9999,  101,32767,     0,     0
 ED5.2,3136674112                    ,3503                          ,IVETT PEREZ BO      ,4466      ,                ,  101,                    ,                              , 0,2,20181123 18:11:28,    0,         0,         0, 2299,   66,  101,2,                ,0010000,2, 1,         0,    0,1000000000000000000000000000000000000000,0000000000000000000000010000000000001000,         0,         0,         0,         0,1, 0, 0, 0,033136674112                  ,    0,         0,0,20181123 18:11:28,3503                          , 9999, 9999, 9999,  101,32767,     0,     0
 ED5.2,018000917711                  ,4042                          ,DARIO GOMEZ LO      ,2949      ,                ,  101,                    ,                              , 0,2,20181123 18:13:01,    0,         0,       573, 2395,   15,  101,2,                ,0010000,2, 1,         0,    0,1000000000000000000000000000000000000000,0000000000000000000000010000000000001000,         0,         0,         0,         0,1, 0, 0, 0,018000917711                  ,    0,         0,0,20181123 18:03:28,4042                          , 9999, 9999, 9999,  101,32767,     0,     0
 ED5.2,3023528812                    ,1104                          ,ANGIE CAMILA RUB    ,1426      ,                ,  101,                    ,                              , 0,1,20181123 18:13:20,    0,         0,         7,  378,   21,  101,2,                ,0010000,0, 0,         0,    0,0000000000000000000000000000000000000000,0000000000000000000000010000000000001000,         0,         0,         0,         0,1, 0, 0, 0,033023528812                  ,    0,         0,0,20181123 18:13:13,1104                          , 9999, 9999, 9999,  101,32767,     0,     0
 ED5.2,3023528812                    ,1104                          ,ANGIE CAMILA RUB    ,1426      ,                ,  101,                    ,                              , 0,1,20181123 18:13:47,    0,         0,         7,  377,   21,  101,2,                ,0010000,0, 0,         0,    0,0000000000000000000000000000000000000000,0000000000000000000000010000000000001000,         0,         0,         0,         0,1, 0, 0, 0,033023528812                  ,    0,         0,0,20181123 18:13:40,1104                          , 9999, 9999, 9999,  101,32767,     0,     0
 ED5.2,7420719                       ,FS020                         ,ETB                 ,          ,                ,  101,                    ,                              , 4,2,20181123 18:13:51,    0,         0,        27,  120,   20,  101,2,                ,0000000,3, 0,         0,    0,0000000000000000000000000000000000000000,0000000000000000000000010000000000000000,         0,         0,         0,         0,1, 0, 0, 0,A800                          ,   28,         0,0,20181123 18:13:24,                              , 9999, 9999, 9999, 9999,32767,     0,     0
 ED5.2,4051                          ,4021                          ,                    ,2843      ,                ,  101,                    ,                              ,14,0,20181123 18:14:43,    0,         0,         0,65535,65535, 9999,2,                ,0000000,0, 0,         0,    0,0000000000000000000000000000000000000000,0000000000000000000000000000000000000000,         0,         0,         0,         0,1, 0, 0, 0,4051                          ,    0,         0,0,20181123 18:14:43,4021                          ,  101, 9999,  101,  101,    0,     0,     0
 ED5.2,4046                          ,4021                          ,                    ,2843      ,                ,  101,                    ,                              ,14,0,20181123 18:15:05,    0,         0,         0,65535,65535, 9999,2,                ,0000000,0, 0,         0,    0,0000000000000000000000000000000000000000,0000000000000000000000000000000000000000,         0,         0,         0,         0,1, 0, 0, 0,4046                          ,    0,         0,0,20181123 18:15:05,4021                          ,  101, 9999,  101,  101,    0,     0,     0
 ED5.2,4088                          ,4021                          ,                    ,2843      ,                ,  101,                    ,                              ,14,0,20181123 18:15:06,    0,         0,         0,65535,65535, 9999,2,                ,0000000,0, 0,         0,    0,0000000000000000000000000000000000000000,0000000000000000000000000000000000000000,         0,         0,         0,         0,1, 0, 0, 0,4046                          ,    0,         0,1,20181123 18:15:06,4021                          ,  101, 9999,  101,  101,    0,     0,     0
 ED5.2,3183584289                    ,5110                          ,RECEPCION 2 BQUI    ,3843      ,                ,  101,                    ,                              , 0,1,20181123 18:18:26,    0,         0,        60,  378,   21,  101,2,                ,0010000,0, 0,         0,    0,0000000000000000000000000000000000000000,0000000000000000000000010000000000001000,         0,         0,         0,         0,1, 0, 0, 0,033183584289                  ,    0,         0,0,20181123 18:17:26,5110                          , 9999, 9999, 9999,  101,32767,     0,     0
 ED5.2,2691280                       ,4038                          ,DORA MARLENY BET    ,2952      ,                ,  101,                    ,                              , 0,2,20181123 18:20:35,    0,         0,       116, 2395,   15,  101,2,                ,0010000,2, 1,         0,    0,1000000000000000000000000000000000000000,0000000000000000000000010000000000001000,         0,         0,         0,         0,1, 0, 0, 0,2691280                       ,    0,         0,0,20181123 18:18:39,4038                          , 9999, 9999, 9999,  101,32767,     0,     0
 ED5.2,3723190                       ,3503                          ,IVETT PEREZ BO      ,4466      ,                ,  101,                    ,                              , 4,2,20181123 18:23:53,    0,         0,        90,  292,   62,  101,2,                ,0000000,3, 0,         0,    0,0000000000000000000000000000000000000000,0000000000000000000000010000000000000000,         0,         0,         0,         0,1, 0, 0, 0,A400                          ,   14,        77,0,20181123 18:22:23,                              , 9999, 9999, 9999, 9999,32767,     0,     0
 ED5.2,3036370                       ,3239                          ,JOSE ANTONIO ECH    ,1979      ,                ,  101,                    ,                              , 0,2,20181123 18:29:15,    0,         0,        68, 1951,   11,  101,2,                ,0010000,2, 1,         0,    0,1000000000000000000000000000000000000000,0000000000000000000000010000000000001000,         0,         0,         0,         0,1, 0, 0, 0,3036370                       ,    0,         0,0,20181123 18:28:07,3239                          , 9999, 9999, 9999,  101,32767,     0,     0
 ED5.2,5970272                       ,4040                          ,YURLEY VANES GUA    ,2425      ,                ,  101,                    ,                              , 0,2,20181123 18:34:21,    0,         0,       134, 2395,   15,  101,2,                ,0010000,2, 1,         0,    0,1000000000000000000000000000000000000000,0000000000000000000000010000000000001000,         0,         0,         0,         0,1, 0, 0, 0,5970272                       ,    0,         0,0,20181123 18:32:07,4040                          , 9999, 9999, 9999,  101,32767,     0,     0
 ED5.2,0744806780                    ,4010                          ,ELIZABETH PA GAR    ,2843      ,                ,  101,                    ,                              , 0,2,20181123 18:35:32,    0,         0,         0,  120,   20,  101,2,                ,0010000,2, 1,         0,    0,1000000000000000000000000000000000000000,0000000000000000000000010000000000001000,         0,         0,         0,         0,1, 0, 0, 0,0744806780                    ,    0,         0,0,20181123 18:35:32,4010                          , 9999, 9999, 9999,  101,32767,     0,     0
 ED5.2,6604869                       ,1534                          ,JULY PAULINE SAN    ,1632      ,                ,  101,                    ,                              , 0,2,20181123 18:36:18,    0,         0,       121, 1952,   11,  101,2,                ,0010000,2, 1,         0,    0,1000000000000000000000000000000000000000,0000000000000000000000010000000000001000,         0,         0,         0,         0,1, 0, 0, 0,6604869                       ,    0,         0,0,20181123 18:34:17,1534                          , 9999, 9999, 9999,  101,32767,     0,     0
 ED5.2,3208995198                    ,1456                          ,NILSON FERNA NIN    ,1952      ,                ,  101,                    ,                              , 0,1,20181123 18:36:38,    0,         0,        32,  377,   21,  101,2,                ,0010000,0, 0,         0,    0,0000000000000000000000000000000000000000,0000000000000000000000010000000000001000,         0,         0,         0,         0,1, 0, 0, 0,033208995198                  ,    0,         0,0,20181123 18:36:06,1456                          , 9999, 9999, 9999,  101,32767,     0,     0
 ED5.2,3208995198                    ,1456                          ,NILSON FERNA NIN    ,1952      ,                ,  101,                    ,                              , 0,1,20181123 18:37:17,    0,         0,        25,  378,   21,  101,2,                ,0010000,0, 0,         0,    0,0000000000000000000000000000000000000000,0000000000000000000000010000000000001000,         0,         0,         0,         0,1, 0, 0, 0,033208995198                  ,    0,         0,0,20181123 18:36:52,1456                          , 9999, 9999, 9999,  101,32767,     0,     0
 ED5.2,53730415                      ,5136                          ,RECEPCION 3 BQUI    ,3635      ,                ,  101,                    ,                              , 4,2,20181123 18:41:28,    0,         0,        29, 2815,   82,  101,2,                ,0000000,2, 0,         0,    0,0000000000000000000000000000000000000000,0000000000000000000000010000000000000000,         0,         0,         0,         0,1, 0, 0, 0,A900                          ,   29,         0,1,20181123 18:40:59,                              , 9999, 9999, 9999, 9999,32767,     0,     0
 ED5.2,5520022                       ,3111                          ,LIZETH NATAL PAR    ,1979      ,                ,  101,                    ,                              , 0,2,20181123 18:41:36,    0,         0,       487, 1951,   11,  101,2,                ,0010000,2, 1,         0,    0,1000000000000000000000000000000000000000,0000000000000000000000010000000000001000,         0,         0,         0,         0,1, 0, 0, 0,5520022                       ,    0,         0,0,20181123 18:33:29,3111                          , 9999, 9999, 9999,  101,32767,     0,     0
 ED5.2,663176628976                  ,FS020                         ,ETB                 ,          ,                ,  101,                    ,                              , 4,2,20181123 18:41:47,    0,         0,         3,  120,   20,  101,2,                ,0000000,2, 1,         0,    0,0000000000000000000000000000000000000000,0000000000000000000000010000000000000000,         0,         0,         0,         0,1, 0, 0, 0,A800                          ,    4,         0,0,20181123 18:41:44,                              , 9999, 9999, 9999, 9999,32767,     0,     0
 ED5.2,663173187020                  ,1340                          ,RECEPCION MORATO    ,1635      ,                ,  101,                    ,                              , 4,2,20181123 18:42:41,    0,         0,        36,  120,   20,  101,2,                ,0000000,2, 1,         0,    0,0000000000000000000000000000000000000000,0000000000000000000000010000000000000000,         0,         0,         0,         0,1, 0, 0, 0,A800                          ,   37,         0,1,20181123 18:42:05,                              , 9999, 9999, 9999, 9999,32767,     0,     0
 ED5.2,663174027466                  ,FS020                         ,ETB                 ,          ,                ,  101,                    ,                              , 4,2,20181123 18:43:15,    0,         0,        20,  120,   20,  101,2,                ,0000000,2, 1,         0,    0,0000000000000000000000000000000000000000,0000000000000000000000010000000000000000,         0,         0,         0,         0,1, 0, 0, 0,A800                          ,   20,         0,0,20181123 18:42:55,                              , 9999, 9999, 9999, 9999,32767,     0,     0
 ED5.2,5117                          ,5142                          ,                    ,3638      ,                ,  101,                    ,                              ,14,0,20181123 18:43:23,    0,         0,      1413,65535,65535, 9999,2,                ,0000000,0, 0,         0,    0,0000000000000000000000000000000000000000,0000000000000000000000000000000000000000,         0,         0,         0,         0,1, 0, 0, 0,5117                          ,    0,      1413,0,20181123 18:19:50,5142                          ,  101, 9999,  101,  101,    0,     0,     0
 ED5.2,663155164777                  ,1600                          ,RECEPCION COUNTR    ,1635      ,                ,  101,                    ,                              , 4,2,20181123 18:44:05,    0,         0,        33,  120,   20,  101,2,                ,0000000,2, 1,         0,    0,0000000000000000000000000000000000000000,0000000000000000000000010000000000000000,         0,         0,         0,         0,1, 0, 0, 0,A800                          ,   34,         0,1,20181123 18:43:32,                              , 9999, 9999, 9999, 9999,32767,     0,     0
 ED5.2,6435677                       ,8017                          ,CARMEN SOFIA CAD    ,6952      ,                ,  101,                    ,                              , 0,1,20181123 18:49:15,    0,         0,        34,  401,   80,  101,2,                ,0010000,0, 0,         0,    0,0000000000000000000000000000000000000000,0000000000000000000000010000000000001000,         0,         0,         0,         0,1, 0, 0, 0,6435677                       ,    0,         0,0,20181123 18:48:41,8017                          , 9999, 9999, 9999,  101,32767,     0,     0
 ED5.2,3117362033                    ,4074                          ,MIGUEL ANGEL LOP    ,2952      ,                ,  101,                    ,                              , 0,2,20181123 18:55:32,    0,         0,         0, 2299,   66,  101,2,                ,0010000,2, 1,         0,    0,1000000000000000000000000000000000000000,0000000000000000000000010000000000001000,         0,         0,         0,         0,1, 0, 0, 0,033117362033                  ,    0,         0,0,20181123 18:55:32,4074                          , 9999, 9999, 9999,  101,32767,     0,     0
 ED5.2,3117362033                    ,4074                          ,MIGUEL ANGEL LOP    ,2952      ,                ,  101,                    ,                              , 0,2,20181123 18:56:06,    0,         0,         0, 2299,   66,  101,2,                ,0010000,2, 1,         0,    0,1000000000000000000000000000000000000000,0000000000000000000000010000000000001000,         0,         0,         0,         0,1, 0, 0, 0,033117362033                  ,    0,         0,0,20181123 18:56:06,4074                          , 9999, 9999, 9999,  101,32767,     0,     0
 ED5.2,3205056833                    ,4025                          ,MELISSA CANO MON    ,2952      ,                ,  101,                    ,                              , 0,2,20181123 19:06:03,    0,         0,        30, 2299,   66,  101,2,                ,0010000,2, 1,         0,    0,1000000000000000000000000000000000000000,0000000000000000000000010000000000001000,         0,         0,         0,         0,1, 0, 0, 0,033205056833                  ,    0,         0,0,20181123 19:05:33,4025                          , 9999, 9999, 9999,  101,32767,     0,     0
