 ED5.2,4073419318                    ,FS020                         ,ETB                 ,          ,                ,  101,                    ,                              , 4,2,20181229 09:03:55,    0,         0,        38,  120,   20,  101,2,                ,0000000,3, 0,         0,    0,0000000000000000000000000000000000000000,0000000000000000000000010000000000000000,         0,         0,         0,         0,1, 0, 0, 0,A800                          ,   38,         0,1,20181229 09:03:17,                              , 9999, 9999, 9999, 9999,32767,     0,     0
 ED5.2,------------------------------,******************************,                    ,**********,                ,  101,                    ,******************************, 4,2,20181229 09:12:09,    0,         0,         2,  120,   20,  101,2,                ,0000000,3, 0,         0,    0,0100000000000000000000000000000000000000,0000000000000000000000010000000000000000,         0,         0,         0,         0,1, 0, 0, 0,------------------------------,   16,         2,1,20181229 09:12:07,******************************, 9999, 9999, 9999, 9999,32767,     0,     0
 ED5.2,7458030                       ,1014                          ,RECEPCION LO COU    ,1635      ,                ,  101,                    ,                              , 4,2,20181229 09:16:45,    0,         0,        63,  120,   20,  101,2,                ,0000000,3, 0,         0,    0,0000000000000000000000000000000000000000,0000000000000000000000010000000000000000,         0,         0,         0,         0,1, 0, 0, 0,A800                          ,   63,         0,1,20181229 09:15:42,                              , 9999, 9999, 9999, 9999,32767,     0,     0
 ED5.2,3010301                       ,1210                          ,NANCY BELISA MAH    ,1215      ,                ,  101,                    ,                              , 0,2,20181229 09:17:07,    0,         0,       161,10001,   11,  101,2,                ,0010000,2, 1,         0,    0,1000000000000000000000000000000000000000,0000000000000000000000010000000000001000,         0,         0,         0,         0,1, 0, 0, 0,3010301                       ,    0,         0,0,20181229 09:14:26,1210                          , 9999, 9999, 9999,  101,32767,     0,     0
 ED5.2,663187520822                  ,FS065                         ,Fidu-Cali           ,          ,                ,  101,                    ,                              , 4,2,20181229 09:22:51,    0,         0,        13,  318,   65,  101,2,                ,0000000,3, 0,         0,    0,0000000000000000000000000000000000000000,0000000000000000000000010000000000000000,         0,         0,         0,         0,1, 0, 0, 0,A600                          ,   14,         0,0,20181229 09:22:38,                              , 9999, 9999, 9999, 9999,32767,     0,     0
 ED5.2,5801311                       ,FS082                         ,SIPsalida           ,          ,                ,  101,                    ,                              , 4,2,20181229 09:25:14,    0,         0,         4,10865,   82,  101,2,                ,0000000,2, 0,         0,    0,0000000000000000000000000000000000000000,0000000000000000000000010000000000000000,         0,         0,         0,         0,1, 0, 0, 0,A500                          ,    4,         0,0,20181229 09:25:10,                              , 9999, 9999, 9999, 9999,32767,     0,     0
 ED5.2,663206887748                  ,4020                          ,MARISOL BETANCUR    ,2952      ,                ,  101,                    ,                              , 4,2,20181229 09:27:38,    0,         0,        88,10445,   15,  101,2,                ,0000000,2, 0,         0,    0,0000000000000000000000000000000000000000,0000000000000000000000010000000000000000,         0,         0,         0,         0,1, 0, 0, 0,A800                          ,   89,         0,1,20181229 09:26:10,                              , 9999, 9999, 9999, 9999,32767,     0,     0
 ED5.2,033187520822                  ,2020                          ,ESTEFANI XIO MON    ,4635      ,                ,  101,                    ,                              , 4,2,20181229 09:29:08,    0,         0,       372,  319,   65,  101,2,                ,0000000,3, 0,         0,    0,0000000000000000000000000000000000000000,0000000000000000000000010000000000000000,         0,         0,         0,         0,1, 0, 0, 0,A600                          ,  372,         0,0,20181229 09:22:56,                              , 9999, 9999, 9999, 9999,32767,     0,     0
 ED5.2,663206887748                  ,4000                          ,RECEPCION MEDELL    ,2952      ,                ,  101,                    ,                              , 4,2,20181229 09:29:13,    0,         0,        88,10445,   15,  101,2,                ,0000000,2, 0,         0,    0,0000000000000000000000000000000000000000,0000000000000000000000010000000000000000,         0,         0,         0,         0,1, 0, 0, 0,A800                          ,   88,         0,1,20181229 09:27:45,                              , 9999, 9999, 9999, 9999,32767,     0,     0
 ED5.2,663187520822                  ,FS065                         ,Fidu-Cali           ,          ,                ,  101,                    ,                              , 4,2,20181229 09:29:25,    0,         0,        10,  320,   65,  101,2,                ,0000000,3, 0,         0,    0,0000000000000000000000000000000000000000,0000000000000000000000010000000000000000,         0,         0,         0,         0,1, 0, 0, 0,A600                          ,   10,         0,0,20181229 09:29:15,                              , 9999, 9999, 9999, 9999,32767,     0,     0
 ED5.2,033187520822                  ,2020                          ,ESTEFANI XIO MON    ,4635      ,                ,  101,                    ,                              , 4,2,20181229 09:31:02,    0,         0,        91,  321,   65,  101,2,                ,0000000,3, 0,         0,    0,0000000000000000000000000000000000000000,0000000000000000000000010000000000000000,         0,         0,         0,         0,1, 0, 0, 0,A600                          ,   92,         0,0,20181229 09:29:31,                              , 9999, 9999, 9999, 9999,32767,     0,     0
 ED5.2,1414                          ,1545                          ,                    ,1214      ,                ,  101,                    ,                              ,14,0,20181229 09:40:35,    0,         0,         0,65535,65535, 9999,2,                ,0000000,0, 0,         0,    0,0000000000000000000000000000000000000000,0000000000000000000000000000000000000000,         0,         0,         0,         0,1, 0, 0, 0,1414                          ,    0,         0,0,20181229 09:40:35,1545                          ,  101, 9999,  101,  101,    0,     0,     0
 ED5.2,1305                          ,1545                          ,                    ,1214      ,                ,  101,                    ,                              ,14,0,20181229 09:40:51,    0,         0,         0,65535,65535, 9999,2,                ,0000000,0, 0,         0,    0,0000000000000000000000000000000000000000,0000000000000000000000000000000000000000,         0,         0,         0,         0,1, 0, 0, 0,1414                          ,    0,         0,1,20181229 09:40:51,1545                          ,  101, 9999,  101,  101,    0,     0,     0
 ED5.2,1414                          ,1545                          ,                    ,1214      ,                ,  101,                    ,                              ,14,0,20181229 09:41:06,    0,         0,         0,65535,65535, 9999,2,                ,0000000,0, 0,         0,    0,0000000000000000000000000000000000000000,0000000000000000000000000000000000000000,         0,         0,         0,         0,1, 0, 0, 0,1414                          ,    0,         0,1,20181229 09:41:06,1545                          ,  101, 9999,  101,  101,    0,     0,     0
 ED5.2,1305                          ,1545                          ,                    ,1214      ,                ,  101,                    ,                              ,14,0,20181229 09:41:22,    0,         0,         0,65535,65535, 9999,2,                ,0000000,0, 0,         0,    0,0000000000000000000000000000000000000000,0000000000000000000000000000000000000000,         0,         0,         0,         0,1, 0, 0, 0,1414                          ,    0,         0,1,20181229 09:41:22,1545                          ,  101, 9999,  101,  101,    0,     0,     0
 ED5.2,1414                          ,1545                          ,                    ,1214      ,                ,  101,                    ,                              ,14,0,20181229 09:41:37,    0,         0,         0,65535,65535, 9999,2,                ,0000000,0, 0,         0,    0,0000000000000000000000000000000000000000,0000000000000000000000000000000000000000,         0,         0,         0,         0,1, 0, 0, 0,1414                          ,    0,         0,1,20181229 09:41:37,1545                          ,  101, 9999,  101,  101,    0,     0,     0
 ED5.2,1305                          ,1545                          ,                    ,1214      ,                ,  101,                    ,                              ,14,0,20181229 09:41:45,    0,         0,         0,65535,65535, 9999,2,                ,0000000,0, 0,         0,    0,0000000000000000000000000000000000000000,0000000000000000000000000000000000000000,         0,         0,         0,         0,1, 0, 0, 0,1414                          ,    0,         0,1,20181229 09:41:45,1545                          ,  101, 9999,  101,  101,    0,     0,     0
 ED5.2,663155872081                  ,FS062                         ,CALI                ,          ,                ,  101,                    ,                              , 4,2,20181229 09:42:24,    0,         0,         8,  299,   62,  101,2,                ,0000000,3, 0,         0,    0,0000000000000000000000000000000000000000,0000000000000000000000010000000000000000,         0,         0,         0,         0,1, 0, 0, 0,A400                          ,    8,         0,0,20181229 09:42:16,                              , 9999, 9999, 9999, 9999,32767,     0,     0
 ED5.2,663155872081                  ,FS065                         ,Fidu-Cali           ,          ,                ,  101,                    ,                              , 4,2,20181229 09:42:34,    0,         0,         6,  322,   65,  101,2,                ,0000000,3, 0,         0,    0,0000000000000000000000000000000000000000,0000000000000000000000010000000000000000,         0,         0,         0,         0,1, 0, 0, 0,A600                          ,    7,         0,0,20181229 09:42:28,                              , 9999, 9999, 9999, 9999,32767,     0,     0
 ED5.2,3046743783                    ,5110                          ,RECEPCION 2 BQUI    ,3843      ,                ,  101,                    ,                              , 0,1,20181229 09:45:48,    0,         0,        23,  377,   21,  101,2,                ,0010000,0, 0,         0,    0,0000000000000000000000000000000000000000,0000000000000000000000010000000000001000,         0,         0,         0,         0,1, 0, 0, 0,033046743783                  ,    0,         0,0,20181229 09:45:25,5110                          , 9999, 9999, 9999,  101,32767,     0,     0
 ED5.2,3851819                       ,5108                          ,DIANA CAROLI HER    ,3952      ,                ,  101,                    ,                              , 0,2,20181229 09:47:42,    0,         0,       125,10865,   82,  101,2,                ,0010000,2, 1,         0,    0,1000000000000000000000000000000000000000,0000000000000000000000010000000000001000,         0,         0,         0,         0,1, 0, 0, 0,3851819                       ,    0,         0,0,20181229 09:45:37,5108                          , 9999, 9999, 9999,  101,32767,     0,     0
 ED5.2,3122711                       ,4055                          ,MARTHA LILLY HER    ,2635      ,                ,  101,                    ,                              , 0,2,20181229 09:52:09,    0,         0,         2,10445,   15,  101,2,                ,0010000,2, 1,         0,    0,1000000000000000000000000000000000000000,0000000000000000000000010000000000001000,         0,         0,         0,         0,1, 0, 0, 0,3122711                       ,    0,         0,0,20181229 09:52:07,4055                          , 9999, 9999, 9999,  101,32767,     0,     0
 ED5.2,1062                          ,88                            ,                    ,          ,                ,  101,                    ,                              ,14,0,20181229 09:53:39,    0,         0,         0,65535,65535, 9999,2,                ,0000000,0, 0,         0,    0,0000000000000000000000000000000000000000,0000000000000000000000000000000000000000,         0,         0,         0,         0,1, 0, 0, 0,1062                          ,    0,         0,0,20181229 09:53:39,88                            ,  101, 9999,  101,  101,    0,     0,     0
 ED5.2,1994                          ,88                            ,                    ,          ,                ,  101,                    ,                              ,14,0,20181229 09:54:23,    0,         0,         0,65535,65535, 9999,2,                ,0000000,0, 0,         0,    0,0000000000000000000000000000000000000000,0000000000000000000000000000000000000000,         0,         0,         0,         0,1, 0, 0, 0,1062                          ,    0,         0,1,20181229 09:54:23,88                            ,  101, 9999,  101,  101,    0,     0,     0
 ED5.2,1062                          ,88                            ,                    ,          ,                ,  101,                    ,                              ,14,0,20181229 09:54:38,    0,         0,         0,65535,65535, 9999,2,                ,0000000,0, 0,         0,    0,0000000000000000000000000000000000000000,0000000000000000000000000000000000000000,         0,         0,         0,         0,1, 0, 0, 0,1062                          ,    0,         0,0,20181229 09:54:38,88                            ,  101, 9999,  101,  101,    0,     0,     0
 ED5.2,------------------------------,******************************,                    ,**********,                ,  101,                    ,******************************, 4,2,20181229 09:55:04,    0,         0,       178,  120,   20,  101,2,                ,0000000,2, 0,         0,    0,0000000000000000000000000000000000000000,0000000000000000000000010000000000000000,         0,         0,         0,         0,1, 0, 0, 0,------------------------------,   53,       125,1,20181229 09:52:06,******************************, 9999, 9999, 9999, 9999,32767,     0,     0
 ED5.2,1994                          ,88                            ,                    ,          ,                ,  101,                    ,                              ,14,0,20181229 09:55:04,    0,         0,         0,65535,65535, 9999,2,                ,0000000,0, 0,         0,    0,0000000000000000000000000000000000000000,0000000000000000000000000000000000000000,         0,         0,         0,         0,1, 0, 0, 0,1062                          ,    0,         0,1,20181229 09:55:04,88                            ,  101, 9999,  101,  101,    0,     0,     0
 ED5.2,                              ,3606                          ,JUAN PABLO NAVAR    ,3466      ,                ,  101,                    ,                              , 4,1,20181229 09:55:46,    0,         0,         0,  426,   90,  101,2,                ,0000000,0, 0,         0,    0,0000000000000000000000000000000000000000,0000000000000000000000010000000000000000,         0,         0,         0,         0,1, 0, 0, 0,                              ,   21,         0,1,20181229 09:55:46,                              , 9999, 9999, 9999, 9999,32767,     0,     0
 ED5.2,663128103357                  ,1600                          ,RECEPCION COUNTR    ,1635      ,                ,  101,                    ,                              , 4,2,20181229 09:56:44,    0,         0,        93,  120,   20,  101,2,                ,0000000,2, 0,         0,    0,0000000000000000000000000000000000000000,0000000000000000000000010000000000000000,         0,         0,         0,         0,1, 0, 0, 0,A800                          ,   93,         0,1,20181229 09:55:11,                              , 9999, 9999, 9999, 9999,32767,     0,     0
 ED5.2,663212045628                  ,FS082                         ,SIPsalida           ,          ,                ,  101,                    ,                              , 4,2,20181229 09:58:59,    0,         0,        34,10865,   82,  101,2,                ,0000000,2, 0,         0,    0,0000000000000000000000000000000000000000,0000000000000000000000010000000000000000,         0,         0,         0,         0,1, 0, 0, 0,A500                          ,   35,         0,1,20181229 09:58:25,                              , 9999, 9999, 9999, 9999,32767,     0,     0
 ED5.2,663013306211                  ,FS082                         ,SIPsalida           ,          ,                ,  101,                    ,                              , 4,2,20181229 10:00:11,    0,         0,        41,10865,   82,  101,2,                ,0000000,2, 0,         0,    0,0000000000000000000000000000000000000000,0000000000000000000000010000000000000000,         0,         0,         0,         0,1, 0, 0, 0,7755                          ,   41,         0,1,20181229 09:59:30,                              , 9999, 9999, 9999, 9999,32767,     0,     0
