 ED5.2,1153                          ,1222                          ,                    ,1632      ,                ,  101,                    ,                              ,14,0,20190111 20:09:26,    0,         0,         0,65535,65535, 9999,2,                ,0000000,0, 0,         0,    0,0000000000000000000000000000000000000000,0000000000000000000000000000000000000000,         0,         0,         0,         0,1, 0, 0, 0,1153                          ,    0,         0,0,20190111 20:09:26,1222                          ,  101, 9999,  101,  101,    0,     0,     0
 ED5.2,1170                          ,1222                          ,                    ,1632      ,                ,  101,                    ,                              ,14,0,20190111 20:09:42,    0,         0,         0,65535,65535, 9999,2,                ,0000000,0, 0,         0,    0,0000000000000000000000000000000000000000,0000000000000000000000000000000000000000,         0,         0,         0,         0,1, 0, 0, 0,1153                          ,    0,         0,1,20190111 20:09:42,1222                          ,  101, 9999,  101,  101,    0,     0,     0
 ED5.2,1168                          ,1222                          ,                    ,1632      ,                ,  101,                    ,                              ,14,0,20190111 20:09:56,    0,         0,         0,65535,65535, 9999,2,                ,0000000,0, 0,         0,    0,0000000000000000000000000000000000000000,0000000000000000000000000000000000000000,         0,         0,         0,         0,1, 0, 0, 0,1153                          ,    0,         0,1,20190111 20:09:56,1222                          ,  101, 9999,  101,  101,    0,     0,     0
 ED5.2,1324                          ,5143                          ,                    ,3952      ,                ,  101,                    ,                              ,14,0,20190111 20:12:29,    0,         0,       135,65535,65535, 9999,2,                ,0000000,0, 0,         0,    0,0000000000000000000000000000000000000000,0000000000000000000000000000000000000000,         0,         0,         0,         0,1, 0, 0, 0,1324                          ,    0,       135,0,20190111 20:10:14,5143                          ,  101, 9999,  101,  101,    0,     0,     0
 ED5.2,1763                          ,1737                          ,                    ,1635      ,                ,  101,                    ,                              ,14,0,20190111 20:12:56,    0,         0,         8,65535,65535, 9999,2,                ,0000000,0, 0,         0,    0,0000000000000000000000000000000000000000,0000000000000000000000000000000000000000,         0,         0,         0,         0,1, 0, 0, 0,1763                          ,    0,         8,0,20190111 20:12:48,1737                          ,  101, 9999,  101,  101,    0,     0,     0
 ED5.2,3138895485                    ,1320                          ,NINY JOHANA RODR    ,1952      ,                ,  101,                    ,                              , 0,1,20190111 20:12:58,    0,         0,        32,  378,   21,  101,2,                ,0010000,0, 0,         0,    0,0000000000000000000000000000000000000000,0000000000000000000000010000000000001000,         0,         0,         0,         0,1, 0, 0, 0,033138895485                  ,    0,         0,0,20190111 20:12:26,1320                          , 9999, 9999, 9999,  101,32767,     0,     0
 ED5.2,1534                          ,6107                          ,                    ,5952      ,                ,  101,                    ,                              ,14,0,20190111 20:13:08,    0,         0,        87,65535,65535, 9999,2,                ,0000000,0, 0,         0,    0,0000000000000000000000000000000000000000,0000000000000000000000000000000000000000,         0,         0,         0,         0,1, 0, 0, 0,1534                          ,    0,        87,0,20190111 20:11:41,6107                          ,  101, 9999,  101,  101,    0,     0,     0
 ED5.2,1369                          ,6105                          ,                    ,5952      ,                ,  101,                    ,                              ,14,0,20190111 20:14:11,    0,         0,        80,65535,65535, 9999,2,                ,0000000,0, 0,         0,    0,0000000000000000000000000000000000000000,0000000000000000000000000000000000000000,         0,         0,         0,         0,1, 0, 0, 0,1369                          ,    0,        80,0,20190111 20:12:51,6105                          ,  101, 9999,  101,  101,    0,     0,     0
 ED5.2,072972231                     ,4003                          ,JUDY FRANCEL JAR    ,2952      ,                ,  101,                    ,                              , 4,2,20190111 20:14:37,    0,         0,        50,10445,   15,  101,2,                ,0000000,2, 0,         0,    0,0000000000000000000000000000000000000000,0000000000000000000000010000000000000000,         0,         0,         0,         0,1, 0, 0, 0,A800                          ,   50,         0,1,20190111 20:13:47,                              , 9999, 9999, 9999, 9999,32767,     0,     0
 ED5.2,3138895485                    ,1320                          ,NINY JOHANA RODR    ,1952      ,                ,  101,                    ,                              , 0,1,20190111 20:14:41,    0,         0,        31,  377,   21,  101,2,                ,0010000,0, 0,         0,    0,0000000000000000000000000000000000000000,0000000000000000000000010000000000001000,         0,         0,         0,         0,1, 0, 0, 0,033138895485                  ,    0,         0,0,20190111 20:14:10,1320                          , 9999, 9999, 9999,  101,32767,     0,     0
 ED5.2,1129                          ,1357                          ,                    ,1632      ,                ,  101,                    ,                              ,14,0,20190111 20:14:55,    0,         0,         0,65535,65535, 9999,2,                ,0000000,0, 0,         0,    0,0000000000000000000000000000000000000000,0000000000000000000000000000000000000000,         0,         0,         0,         0,1, 0, 0, 0,1129                          ,    0,         0,0,20190111 20:14:55,1357                          ,  101, 9999,  101,  101,    0,     0,     0
 ED5.2,4087                          ,4077                          ,                    ,2952      ,                ,  101,                    ,                              ,14,0,20190111 20:15:53,    0,         0,         0,65535,65535, 9999,2,                ,0000000,0, 0,         0,    0,0000000000000000000000000000000000000000,0000000000000000000000000000000000000000,         0,         0,         0,         0,1, 0, 0, 0,4087                          ,    0,         0,0,20190111 20:15:53,4077                          ,  101, 9999,  101,  101,    0,     0,     0
 ED5.2,3243                          ,1032                          ,                    ,1632      ,                ,  101,                    ,                              ,14,0,20190111 20:16:43,    0,         0,        16,65535,65535, 9999,2,                ,0000000,0, 0,         0,    0,0000000000000000000000000000000000000000,0000000000000000000000000000000000000000,         0,         0,         0,         0,1, 0, 0, 0,3243                          ,    0,        16,0,20190111 20:16:27,1032                          ,  101, 9999,  101,  101,    0,     0,     0
 ED5.2,5254563                       ,1532                          ,ESTEPHANIA CARO     ,1632      ,                ,  101,                    ,                              , 0,2,20190111 20:16:47,    0,         0,      2598,10003,   11,  101,2,                ,0010000,2, 1,         0,    0,1000000000000000000000000000000000000000,0000000000000000000000010000000000001000,         0,         0,         0,         0,1, 0, 0, 0,5254563                       ,    0,         0,0,20190111 19:33:29,1532                          , 9999, 9999, 9999,  101,32767,     0,     0
 ED5.2,4077                          ,4087                          ,                    ,2952      ,                ,  101,                    ,                              ,14,0,20190111 20:17:29,    0,         0,        69,65535,65535, 9999,2,                ,0000000,0, 0,         0,    0,0000000000000000000000000000000000000000,0000000000000000000000000000000000000000,         0,         0,         0,         0,1, 0, 0, 0,4077                          ,    0,        69,0,20190111 20:16:20,4087                          ,  101, 9999,  101,  101,    0,     0,     0
 ED5.2,1747                          ,1737                          ,                    ,1635      ,                ,  101,                    ,                              ,14,0,20190111 20:18:24,    0,         0,         0,65535,65535, 9999,2,                ,0000000,0, 0,         0,    0,0000000000000000000000000000000000000000,0000000000000000000000000000000000000000,         0,         0,         0,         0,1, 0, 0, 0,1747                          ,    0,         0,0,20190111 20:18:24,1737                          ,  101, 9999,  101,  101,    0,     0,     0
 ED5.2,3138895485                    ,1320                          ,NINY JOHANA RODR    ,1952      ,                ,  101,                    ,                              , 0,1,20190111 20:18:36,    0,         0,       174,  378,   21,  101,2,                ,0010000,0, 0,         0,    0,0000000000000000000000000000000000000000,0000000000000000000000010000000000001000,         0,         0,         0,         0,1, 0, 0, 0,033138895485                  ,    0,         0,0,20190111 20:15:42,1320                          , 9999, 9999, 9999,  101,32767,     0,     0
 ED5.2,6105                          ,1364                          ,                    ,1632      ,                ,  101,                    ,                              ,14,0,20190111 20:20:24,    0,         0,       223,65535,65535, 9999,2,                ,0000000,0, 0,         0,    0,0000000000000000000000000000000000000000,0000000000000000000000000000000000000000,         0,         0,         0,         0,1, 0, 0, 0,6105                          ,    0,       223,0,20190111 20:16:41,1364                          ,  101, 9999,  101,  101,    0,     0,     0
 ED5.2,6604869                       ,1009                          ,NANCY MARIA PELA    ,1154      ,                ,  101,                    ,                              , 0,2,20190111 20:21:06,    0,         0,         0,10002,   11,  101,2,                ,0010000,2, 1,         0,    0,1000000000000000000000000000000000000000,0000000000000000000000010000000000001000,         0,         0,         0,         0,1, 0, 0, 0,6604869                       ,    0,         0,0,20190111 20:21:06,1009                          , 9999, 9999, 9999,  101,32767,     0,     0
 ED5.2,3112475192                    ,1320                          ,NINY JOHANA RODR    ,1952      ,                ,  101,                    ,                              , 0,1,20190111 20:21:08,    0,         0,        30,  377,   21,  101,2,                ,0010000,0, 0,         0,    0,0000000000000000000000000000000000000000,0000000000000000000000010000000000001000,         0,         0,         0,         0,1, 0, 0, 0,033112475192                  ,    0,         0,0,20190111 20:20:38,1320                          , 9999, 9999, 9999,  101,32767,     0,     0
 ED5.2,3112475192                    ,1320                          ,NINY JOHANA RODR    ,1952      ,                ,  101,                    ,                              , 0,1,20190111 20:21:22,    0,         0,         3,  378,   21,  101,2,                ,0010000,0, 0,         0,    0,0000000000000000000000000000000000000000,0000000000000000000000010000000000001000,         0,         0,         0,         0,1, 0, 0, 0,033112475192                  ,    0,         0,0,20190111 20:21:19,1320                          , 9999, 9999, 9999,  101,32767,     0,     0
 ED5.2,1132                          ,1763                          ,                    ,1843      ,                ,  101,                    ,                              ,14,0,20190111 20:21:35,    0,         0,        36,65535,65535, 9999,2,                ,0000000,0, 0,         0,    0,0000000000000000000000000000000000000000,0000000000000000000000000000000000000000,         0,         0,         0,         0,1, 0, 0, 0,1132                          ,    0,        36,0,20190111 20:20:59,1763                          ,  101, 9999,  101,  101,    0,     0,     0
 ED5.2,3112475192                    ,1320                          ,NINY JOHANA RODR    ,1952      ,                ,  101,                    ,                              , 0,1,20190111 20:21:38,    0,         0,         4,  377,   21,  101,2,                ,0010000,0, 0,         0,    0,0000000000000000000000000000000000000000,0000000000000000000000010000000000001000,         0,         0,         0,         0,1, 0, 0, 0,033112475192                  ,    0,         0,0,20190111 20:21:34,1320                          , 9999, 9999, 9999,  101,32767,     0,     0
 ED5.2,1324                          ,1736                          ,                    ,1635      ,                ,  101,                    ,                              ,14,0,20190111 20:21:53,    0,         0,         5,65535,65535, 9999,2,                ,0000000,0, 0,         0,    0,0000000000000000000000000000000000000000,0000000000000000000000000000000000000000,         0,         0,         0,         0,1, 0, 0, 0,1324                          ,    0,         5,0,20190111 20:21:48,1736                          ,  101, 9999,  101,  101,    0,     0,     0
 ED5.2,6604869                       ,1009                          ,NANCY MARIA PELA    ,1154      ,                ,  101,                    ,                              , 0,2,20190111 20:21:55,    0,         0,         0,10002,   11,  101,2,                ,0010000,2, 1,         0,    0,1000000000000000000000000000000000000000,0000000000000000000000010000000000001000,         0,         0,         0,         0,1, 0, 0, 0,6604869                       ,    0,         0,0,20190111 20:21:55,1009                          , 9999, 9999, 9999,  101,32767,     0,     0
 ED5.2,8477777                       ,1745                          ,JOEL SAMMIR BONI    ,1952      ,                ,  101,                    ,                              , 0,2,20190111 20:21:58,    0,         0,         0,10003,   11,  101,2,                ,0010000,2, 1,         0,    0,1000000000000000000000000000000000000000,0000000000000000000000010000000000001000,         0,         0,         0,         0,1, 0, 0, 0,8477777                       ,    0,         0,0,20190111 20:21:58,1745                          , 9999, 9999, 9999,  101,32767,     0,     0
 ED5.2,1896                          ,1554                          ,                    ,1154      ,                ,  101,                    ,                              ,14,0,20190111 20:22:09,    0,         0,         0,65535,65535, 9999,2,                ,0000000,0, 0,         0,    0,0000000000000000000000000000000000000000,0000000000000000000000000000000000000000,         0,         0,         0,         0,1, 0, 0, 0,1042                          ,    0,         0,1,20190111 20:22:09,1554                          ,  101, 9999,  101,  101,    0,     0,     0
 ED5.2,1468                          ,1736                          ,                    ,1635      ,                ,  101,                    ,                              ,14,0,20190111 20:22:12,    0,         0,         6,65535,65535, 9999,2,                ,0000000,0, 0,         0,    0,0000000000000000000000000000000000000000,0000000000000000000000000000000000000000,         0,         0,         0,         0,1, 0, 0, 0,1468                          ,    0,         6,0,20190111 20:22:06,1736                          ,  101, 9999,  101,  101,    0,     0,     0
 ED5.2,1896                          ,1554                          ,                    ,1154      ,                ,  101,                    ,                              ,14,0,20190111 20:22:18,    0,         0,         0,65535,65535, 9999,2,                ,0000000,0, 0,         0,    0,0000000000000000000000000000000000000000,0000000000000000000000000000000000000000,         0,         0,         0,         0,1, 0, 0, 0,1042                          ,    0,         0,1,20190111 20:22:18,1554                          ,  101, 9999,  101,  101,    0,     0,     0
 ED5.2,6604869                       ,1009                          ,NANCY MARIA PELA    ,1154      ,                ,  101,                    ,                              , 0,2,20190111 20:22:53,    0,         0,         0,10002,   11,  101,2,                ,0010000,2, 1,         0,    0,1000000000000000000000000000000000000000,0000000000000000000000010000000000001000,         0,         0,         0,         0,1, 0, 0, 0,6604869                       ,    0,         0,0,20190111 20:22:53,1009                          , 9999, 9999, 9999,  101,32767,     0,     0
 ED5.2,1896                          ,1554                          ,                    ,1154      ,                ,  101,                    ,                              ,14,0,20190111 20:22:58,    0,         0,         0,65535,65535, 9999,2,                ,0000000,0, 0,         0,    0,0000000000000000000000000000000000000000,0000000000000000000000000000000000000000,         0,         0,         0,         0,1, 0, 0, 0,1042                          ,    0,         0,1,20190111 20:22:58,1554                          ,  101, 9999,  101,  101,    0,     0,     0
 ED5.2,1357                          ,1129                          ,                    ,1632      ,                ,  101,                    ,                              ,14,0,20190111 20:23:39,    0,         0,         0,65535,65535, 9999,2,                ,0000000,0, 0,         0,    0,0000000000000000000000000000000000000000,0000000000000000000000000000000000000000,         0,         0,         0,         0,1, 0, 0, 0,1357                          ,    0,         0,0,20190111 20:23:39,1129                          ,  101, 9999,  101,  101,    0,     0,     0
 ED5.2,1893                          ,1736                          ,                    ,1635      ,                ,  101,                    ,                              ,14,0,20190111 20:23:58,    0,         0,         8,65535,65535, 9999,2,                ,0000000,0, 0,         0,    0,0000000000000000000000000000000000000000,0000000000000000000000000000000000000000,         0,         0,         0,         0,1, 0, 0, 0,1893                          ,    0,         8,0,20190111 20:23:50,1736                          ,  101, 9999,  101,  101,    0,     0,     0
 ED5.2,6604869                       ,1009                          ,NANCY MARIA PELA    ,1154      ,                ,  101,                    ,                              , 0,2,20190111 20:24:01,    0,         0,         0,10002,   11,  101,2,                ,0010000,2, 1,         0,    0,1000000000000000000000000000000000000000,0000000000000000000000010000000000001000,         0,         0,         0,         0,1, 0, 0, 0,6604869                       ,    0,         0,0,20190111 20:24:01,1009                          , 9999, 9999, 9999,  101,32767,     0,     0
 ED5.2,1334                          ,1736                          ,                    ,1635      ,                ,  101,                    ,                              ,14,0,20190111 20:24:09,    0,         0,         6,65535,65535, 9999,2,                ,0000000,0, 0,         0,    0,0000000000000000000000000000000000000000,0000000000000000000000000000000000000000,         0,         0,         0,         0,1, 0, 0, 0,1334                          ,    0,         6,0,20190111 20:24:03,1736                          ,  101, 9999,  101,  101,    0,     0,     0
 ED5.2,1382                          ,1320                          ,                    ,1952      ,                ,  101,                    ,                              ,14,0,20190111 20:24:34,    0,         0,         0,65535,65535, 9999,2,                ,0000000,0, 0,         0,    0,0000000000000000000000000000000000000000,0000000000000000000000000000000000000000,         0,         0,         0,         0,1, 0, 0, 0,1382                          ,    0,         0,0,20190111 20:24:34,1320                          ,  101, 9999,  101,  101,    0,     0,     0
 ED5.2,3112475192                    ,1320                          ,NINY JOHANA RODR    ,1952      ,                ,  101,                    ,                              , 0,1,20190111 20:24:34,    0,         0,       109,  378,   21,  101,2,                ,0010000,0, 0,         0,    0,0000000000000000000000000000000000000000,0000000000000000000000010000000000001000,         0,         0,         0,         0,1, 0, 0, 0,033112475192                  ,    0,         0,0,20190111 20:22:45,1320                          , 9999, 9999, 9999,  101,32767,     0,     0
 ED5.2,1593                          ,5123                          ,                    ,3952      ,                ,  101,                    ,                              ,14,0,20190111 20:24:59,    0,         0,         0,65535,65535, 9999,2,                ,0000000,0, 0,         0,    0,0000000000000000000000000000000000000000,0000000000000000000000000000000000000000,         0,         0,         0,         0,1, 0, 0, 0,1593                          ,    0,         0,0,20190111 20:24:59,5123                          ,  101, 9999,  101,  101,    0,     0,     0
 ED5.2,1594                          ,5123                          ,                    ,3952      ,                ,  101,                    ,                              ,14,0,20190111 20:25:01,    0,         0,         0,65535,65535, 9999,2,                ,0000000,0, 0,         0,    0,0000000000000000000000000000000000000000,0000000000000000000000000000000000000000,         0,         0,         0,         0,1, 0, 0, 0,1593                          ,    0,         0,1,20190111 20:25:01,5123                          ,  101, 9999,  101,  101,    0,     0,     0
 ED5.2,3112475192                    ,1382                          ,WILMER LEONA BAQ    ,1952      ,                ,  101,                    ,                              , 0,1,20190111 20:25:18,    0,         0,        44,  378,   21,  101,2,                ,0010000,0, 0,         0,    0,0000000000000000000000000000000000000000,0000000010000000000000010000000000001000,         0,         0,         0,         0,1, 0, 0, 0,033112475192                  ,  142,        35,0,20190111 20:24:34,1382                          , 9999, 9999, 9999,  101,32767,     0,     0
 ED5.2,1312                          ,1176                          ,                    ,1632      ,                ,  101,                    ,                              ,14,0,20190111 20:25:25,    0,         0,        31,65535,65535, 9999,2,                ,0000000,0, 0,         0,    0,0000000000000000000000000000000000000000,0000000000000000000000000000000000000000,         0,         0,         0,         0,1, 0, 0, 0,1312                          ,    0,        31,0,20190111 20:24:54,1176                          ,  101, 9999,  101,  101,    0,     0,     0
 ED5.2,6604869                       ,1009                          ,NANCY MARIA PELA    ,1154      ,                ,  101,                    ,                              , 0,2,20190111 20:25:41,    0,         0,        25,10002,   11,  101,2,                ,0010000,2, 1,         0,    0,1000000000000000000000000000000000000000,0000000000000000000000010000000000001000,         0,         0,         0,         0,1, 0, 0, 0,6604869                       ,    0,         0,0,20190111 20:25:16,1009                          , 9999, 9999, 9999,  101,32767,     0,     0
 ED5.2,1359                          ,1478                          ,                    ,1952      ,                ,  101,                    ,                              ,14,0,20190111 20:26:39,    0,         0,        25,65535,65535, 9999,2,                ,0000000,0, 0,         0,    0,0000000000000000000000000000000000000000,0000000000000000000000000000000000000000,         0,         0,         0,         0,1, 0, 0, 0,1359                          ,    0,        25,0,20190111 20:26:14,1478                          ,  101, 9999,  101,  101,    0,     0,     0
 ED5.2,4016                          ,1359                          ,                    ,1952      ,                ,  101,                    ,                              ,14,0,20190111 20:27:13,    0,         0,        17,65535,65535, 9999,2,                ,0000000,0, 0,         0,    0,0000000000000000000000000000000000000000,0000000000000000000000000000000000000000,         0,         0,         0,         0,1, 0, 0, 0,4016                          ,    0,        17,0,20190111 20:26:56,1359                          ,  101, 9999,  101,  101,    0,     0,     0
 ED5.2,                              ,7500                          ,Recep Bogota        ,          ,                ,  101,                    ,                              , 4,1,20190111 20:27:17,    0,         0,         0,  377,   21,  101,2,                ,0000000,0, 0,         0,    0,0000000000000000000000000000000000000000,0000000000000000000000010000000000000000,         0,         0,         0,         0,1, 0, 0, 0,                              ,   23,         0,1,20190111 20:27:17,                              , 9999, 9999, 9999, 9999,32767,     0,     0
 ED5.2,4016                          ,1359                          ,                    ,1952      ,                ,  101,                    ,                              ,14,0,20190111 20:27:32,    0,         0,         8,65535,65535, 9999,2,                ,0000000,0, 0,         0,    0,0000000000000000000000000000000000000000,0000000000000000000000000000000000000000,         0,         0,         0,         0,1, 0, 0, 0,4016                          ,    0,         8,0,20190111 20:27:24,1359                          ,  101, 9999,  101,  101,    0,     0,     0
 ED5.2,4877777                       ,1745                          ,JOEL SAMMIR BONI    ,1952      ,                ,  101,                    ,                              , 0,2,20190111 20:27:35,    0,         0,       320,10003,   11,  101,2,                ,0010000,2, 1,         0,    0,1000000000000000000000000000000000000000,0000000000000000000000010000000000001000,         0,         0,         0,         0,1, 0, 0, 0,4877777                       ,    0,         0,0,20190111 20:22:15,1745                          , 9999, 9999, 9999,  101,32767,     0,     0
 ED5.2,6105                          ,1359                          ,                    ,1952      ,                ,  101,                    ,                              ,14,0,20190111 20:28:27,    0,         0,        52,65535,65535, 9999,2,                ,0000000,0, 0,         0,    0,0000000000000000000000000000000000000000,0000000000000000000000000000000000000000,         0,         0,         0,         0,1, 0, 0, 0,6105                          ,    0,        52,0,20190111 20:27:35,1359                          ,  101, 9999,  101,  101,    0,     0,     0
 ED5.2,1312                          ,1176                          ,                    ,1632      ,                ,  101,                    ,                              ,14,0,20190111 20:29:05,    0,         0,        14,65535,65535, 9999,2,                ,0000000,0, 0,         0,    0,0000000000000000000000000000000000000000,0000000000000000000000000000000000000000,         0,         0,         0,         0,1, 0, 0, 0,1312                          ,    0,        14,0,20190111 20:28:51,1176                          ,  101, 9999,  101,  101,    0,     0,     0
 ED5.2,2123505                       ,1009                          ,NANCY MARIA PELA    ,1154      ,                ,  101,                    ,                              , 0,2,20190111 20:30:12,    0,         0,       161,10002,   11,  101,2,                ,0010000,2, 1,         0,    0,1000000000000000000000000000000000000000,0000000000000000000000010000000000001000,         0,         0,         0,         0,1, 0, 0, 0,2123505                       ,    0,         0,0,20190111 20:27:31,1009                          , 9999, 9999, 9999,  101,32767,     0,     0
 ED5.2,2564520                       ,1745                          ,JOEL SAMMIR BONI    ,1952      ,                ,  101,                    ,                              , 0,2,20190111 20:30:23,    0,         0,       155,10003,   11,  101,2,                ,0010000,2, 1,         0,    0,1000000000000000000000000000000000000000,0000000000000000000000010000000000001000,         0,         0,         0,         0,1, 0, 0, 0,2564520                       ,    0,         0,0,20190111 20:27:48,1745                          , 9999, 9999, 9999,  101,32767,     0,     0
 ED5.2,2538534                       ,4017                          ,JUAN FERNAND SOL    ,2843      ,                ,  101,                    ,                              , 0,2,20190111 20:30:44,    0,         0,       238,10445,   15,  101,2,                ,0010000,2, 1,         0,    0,1000000000000000000000000000000000000000,0000000000000000000000010000000000001000,         0,         0,         0,         0,1, 0, 0, 0,2538534                       ,    0,         0,0,20190111 20:26:46,4017                          , 9999, 9999, 9999,  101,32767,     0,     0
 ED5.2,6608500                       ,1534                          ,JULY PAULINE SAN    ,1632      ,                ,  101,                    ,                              , 0,2,20190111 20:30:55,    0,         0,         0,10002,   11,  101,2,                ,0010000,2, 1,         0,    0,1000000000000000000000000000000000000000,0000000000000000000000010000000000001000,         0,         0,         0,         0,1, 0, 0, 0,6608500                       ,    0,         0,0,20190111 20:30:55,1534                          , 9999, 9999, 9999,  101,32767,     0,     0
 ED5.2,1180                          ,1452                          ,                    ,1632      ,                ,  101,                    ,                              ,14,0,20190111 20:31:27,    0,         0,        60,65535,65535, 9999,2,                ,0000000,0, 0,         0,    0,0000000000000000000000000000000000000000,0000000000000000000000000000000000000000,         0,         0,         0,         0,1, 0, 0, 0,1180                          ,    0,        60,0,20190111 20:30:27,1452                          ,  101, 9999,  101,  101,    0,     0,     0
 ED5.2,1359                          ,1478                          ,                    ,1952      ,                ,  101,                    ,                              ,14,0,20190111 20:31:29,    0,         0,         0,65535,65535, 9999,2,                ,0000000,0, 0,         0,    0,0000000000000000000000000000000000000000,0000000000000000000000000000000000000000,         0,         0,         0,         0,1, 0, 0, 0,1359                          ,    0,         0,0,20190111 20:31:29,1478                          ,  101, 9999,  101,  101,    0,     0,     0
 ED5.2,1359                          ,4016                          ,                    ,2952      ,                ,  101,                    ,                              ,14,0,20190111 20:31:39,    0,         0,       173,65535,65535, 9999,2,                ,0000000,0, 0,         0,    0,0000000000000000000000000000000000000000,0000000000000000000000000000000000000000,         0,         0,         0,         0,1, 0, 0, 0,1359                          ,    0,       173,0,20190111 20:28:46,4016                          ,  101, 9999,  101,  101,    0,     0,     0
 ED5.2,8777777                       ,1745                          ,JOEL SAMMIR BONI    ,1952      ,                ,  101,                    ,                              , 0,2,20190111 20:31:43,    0,         0,         0,10002,   11,  101,2,                ,0010000,2, 1,         0,    0,1000000000000000000000000000000000000000,0000000000000000000000010000000000001000,         0,         0,         0,         0,1, 0, 0, 0,8777777                       ,    0,         0,0,20190111 20:31:43,1745                          , 9999, 9999, 9999,  101,32767,     0,     0
 ED5.2,660486                        ,1534                          ,JULY PAULINE SAN    ,1632      ,                ,  101,                    ,                              , 0,2,20190111 20:31:55,    0,         0,         0,10003,   11,  101,2,                ,0010000,2, 1,         0,    0,1000000000000000000000000000000000000000,0000000000000000000000010000000000001000,         0,         0,         0,         0,1, 0, 0, 0,660486                        ,    0,         0,0,20190111 20:31:55,1534                          , 9999, 9999, 9999,  101,32767,     0,     0
 ED5.2,1176                          ,1532                          ,                    ,1632      ,                ,  101,                    ,                              ,14,0,20190111 20:32:00,    0,         0,        82,65535,65535, 9999,2,                ,0000000,0, 0,         0,    0,0000000000000000000000000000000000000000,0000000000000000000000000000000000000000,         0,         0,         0,         0,1, 0, 0, 0,1176                          ,    0,        82,0,20190111 20:30:38,1532                          ,  101, 9999,  101,  101,    0,     0,     0
 ED5.2,1478                          ,1359                          ,                    ,1952      ,                ,  101,                    ,                              ,14,0,20190111 20:32:05,    0,         0,         0,65535,65535, 9999,2,                ,0000000,0, 0,         0,    0,0000000000000000000000000000000000000000,0000000000000000000000000000000000000000,         0,         0,         0,         0,1, 0, 0, 0,1478                          ,    0,         0,0,20190111 20:32:05,1359                          ,  101, 9999,  101,  101,    0,     0,     0
 ED5.2,1169                          ,1359                          ,                    ,1952      ,                ,  101,                    ,                              ,14,0,20190111 20:32:27,    0,         0,         0,65535,65535, 9999,2,                ,0000000,0, 0,         0,    0,0000000000000000000000000000000000000000,0000000000000000000000000000000000000000,         0,         0,         0,         0,1, 0, 0, 0,1478                          ,    0,         0,1,20190111 20:32:27,1359                          ,  101, 9999,  101,  101,    0,     0,     0
 ED5.2,6604869                       ,1534                          ,JULY PAULINE SAN    ,1632      ,                ,  101,                    ,                              , 0,2,20190111 20:32:46,    0,         0,        27,10003,   11,  101,2,                ,0010000,2, 1,         0,    0,1000000000000000000000000000000000000000,0000000000000000000000010000000000001000,         0,         0,         0,         0,1, 0, 0, 0,6604869                       ,    0,         0,0,20190111 20:32:19,1534                          , 9999, 9999, 9999,  101,32767,     0,     0
 ED5.2,4058                          ,4033                          ,                    ,2632      ,                ,  101,                    ,                              ,14,0,20190111 20:32:50,    0,         0,       178,65535,65535, 9999,2,                ,0000000,0, 0,         0,    0,0000000000000000000000000000000000000000,0000000000000000000000000000000000000000,         0,         0,         0,         0,1, 0, 0, 0,4058                          ,    0,       178,0,20190111 20:29:52,4033                          ,  101, 9999,  101,  101,    0,     0,     0
 ED5.2,6104                          ,1369                          ,                    ,1632      ,                ,  101,                    ,                              ,14,0,20190111 20:34:21,    0,         0,         0,65535,65535, 9999,2,                ,0000000,0, 0,         0,    0,0000000000000000000000000000000000000000,0000000000000000000000000000000000000000,         0,         0,         0,         0,1, 0, 0, 0,6104                          ,    0,         0,0,20190111 20:34:21,1369                          ,  101, 9999,  101,  101,    0,     0,     0
 ED5.2,1359                          ,1285                          ,                    ,1945      ,                ,  101,                    ,                              ,14,0,20190111 20:34:44,    0,         0,        17,65535,65535, 9999,2,                ,0000000,0, 0,         0,    0,0000000000000000000000000000000000000000,0000000000000000000000000000000000000000,         0,         0,         0,         0,1, 0, 0, 0,1359                          ,    0,        17,0,20190111 20:34:27,1285                          ,  101, 9999,  101,  101,    0,     0,     0
 ED5.2,6604869                       ,3243                          ,FERMIN ORDONEZ      ,1949      ,                ,  101,                    ,                              , 0,2,20190111 20:35:11,    0,         0,        26,10003,   11,  101,2,                ,0010000,2, 1,         0,    0,1000000000000000000000000000000000000000,0000000000000000000000010000000000001000,         0,         0,         0,         0,1, 0, 0, 0,6604869                       ,    0,         0,0,20190111 20:34:45,3243                          , 9999, 9999, 9999,  101,32767,     0,     0
 ED5.2,3222869046                    ,1009                          ,NANCY MARIA PELA    ,1154      ,                ,  101,                    ,                              , 0,1,20190111 20:35:23,    0,         0,        40,  377,   21,  101,2,                ,0010000,0, 0,         0,    0,0000000000000000000000000000000000000000,0000000000000000000000010000000000001000,         0,         0,         0,         0,1, 0, 0, 0,033222869046                  ,    0,         0,0,20190111 20:34:43,1009                          , 9999, 9999, 9999,  101,32767,     0,     0
 ED5.2,5143                          ,1324                          ,                    ,1952      ,                ,  101,                    ,                              ,14,0,20190111 20:35:27,    0,         0,        34,65535,65535, 9999,2,                ,0000000,0, 0,         0,    0,0000000000000000000000000000000000000000,0000000000000000000000000000000000000000,         0,         0,         0,         0,1, 0, 0, 0,5143                          ,    0,        34,0,20190111 20:34:53,1324                          ,  101, 9999,  101,  101,    0,     0,     0
 ED5.2,1211                          ,1038                          ,                    ,1632      ,                ,  101,                    ,                              ,14,0,20190111 20:37:34,    0,         0,         0,65535,65535, 9999,2,                ,0000000,0, 0,         0,    0,0000000000000000000000000000000000000000,0000000000000000000000000000000000000000,         0,         0,         0,         0,1, 0, 0, 0,1211                          ,    0,         0,0,20190111 20:37:34,1038                          ,  101, 9999,  101,  101,    0,     0,     0
 ED5.2,1867                          ,1038                          ,                    ,1632      ,                ,  101,                    ,                              ,14,0,20190111 20:37:41,    0,         0,         0,65535,65535, 9999,2,                ,0000000,0, 0,         0,    0,0000000000000000000000000000000000000000,0000000000000000000000000000000000000000,         0,         0,         0,         0,1, 0, 0, 0,1211                          ,    0,         0,1,20190111 20:37:41,1038                          ,  101, 9999,  101,  101,    0,     0,     0
 ED5.2,1382                          ,1320                          ,                    ,1952      ,                ,  101,                    ,                              ,14,0,20190111 20:37:44,    0,         0,         0,65535,65535, 9999,2,                ,0000000,0, 0,         0,    0,0000000000000000000000000000000000000000,0000000000000000000000000000000000000000,         0,         0,         0,         0,1, 0, 0, 0,1382                          ,    0,         0,0,20190111 20:37:44,1320                          ,  101, 9999,  101,  101,    0,     0,     0
 ED5.2,4069                          ,4055                          ,                    ,2635      ,                ,  101,                    ,                              ,14,0,20190111 20:37:45,    0,         0,        65,65535,65535, 9999,2,                ,0000000,0, 0,         0,    0,0000000000000000000000000000000000000000,0000000000000000000000000000000000000000,         0,         0,         0,         0,1, 0, 0, 0,4069                          ,    0,        65,0,20190111 20:36:40,4055                          ,  101, 9999,  101,  101,    0,     0,     0
 ED5.2,4877777                       ,1745                          ,JOEL SAMMIR BONI    ,1952      ,                ,  101,                    ,                              , 0,2,20190111 20:37:58,    0,         0,       365,10002,   11,  101,2,                ,0010000,2, 1,         0,    0,1000000000000000000000000000000000000000,0000000000000000000000010000000000001000,         0,         0,         0,         0,1, 0, 0, 0,4877777                       ,    0,         0,0,20190111 20:31:53,1745                          , 9999, 9999, 9999,  101,32767,     0,     0
 ED5.2,6103015                       ,1745                          ,JOEL SAMMIR BONI    ,1952      ,                ,  101,                    ,                              , 0,2,20190111 20:38:06,    0,         0,         0,10002,   11,  101,2,                ,0010000,2, 1,         0,    0,1000000000000000000000000000000000000000,0000000000000000000000010000000000001000,         0,         0,         0,         0,1, 0, 0, 0,6103015                       ,    0,         0,0,20190111 20:38:06,1745                          , 9999, 9999, 9999,  101,32767,     0,     0
 ED5.2,6103842                       ,1745                          ,JOEL SAMMIR BONI    ,1952      ,                ,  101,                    ,                              , 0,2,20190111 20:38:17,    0,         0,         0,10002,   11,  101,2,                ,0010000,2, 1,         0,    0,1000000000000000000000000000000000000000,0000000000000000000000010000000000001000,         0,         0,         0,         0,1, 0, 0, 0,6103842                       ,    0,         0,0,20190111 20:38:17,1745                          , 9999, 9999, 9999,  101,32767,     0,     0
 ED5.2,6103842                       ,1745                          ,JOEL SAMMIR BONI    ,1952      ,                ,  101,                    ,                              , 0,2,20190111 20:38:30,    0,         0,         0,10002,   11,  101,2,                ,0010000,2, 1,         0,    0,1000000000000000000000000000000000000000,0000000000000000000000010000000000001000,         0,         0,         0,         0,1, 0, 0, 0,6103842                       ,    0,         0,0,20190111 20:38:30,1745                          , 9999, 9999, 9999,  101,32767,     0,     0
 ED5.2,7101                          ,1745                          ,                    ,1952      ,                ,  101,                    ,                              ,14,0,20190111 20:38:38,    0,         0,         0,65535,65535, 9999,2,                ,0000000,0, 0,         0,    0,0000000000000000000000000000000000000000,0000000000000000000000000000000000000000,         0,         0,         0,         0,1, 0, 0, 0,6103                          ,    0,         0,1,20190111 20:38:38,1745                          ,  101, 9999,  101,  101,    0,     0,     0
 ED5.2,6103015                       ,1745                          ,JOEL SAMMIR BONI    ,1952      ,                ,  101,                    ,                              , 0,2,20190111 20:38:45,    0,         0,         0,10002,   11,  101,2,                ,0010000,2, 1,         0,    0,1000000000000000000000000000000000000000,0000000000000000000000010000000000001000,         0,         0,         0,         0,1, 0, 0, 0,6103015                       ,    0,         0,0,20190111 20:38:45,1745                          , 9999, 9999, 9999,  101,32767,     0,     0
 ED5.2,1085                          ,1334                          ,                    ,1949      ,                ,  101,                    ,                              ,14,0,20190111 20:39:53,    0,         0,         0,65535,65535, 9999,2,                ,0000000,0, 0,         0,    0,0000000000000000000000000000000000000000,0000000000000000000000000000000000000000,         0,         0,         0,         0,1, 0, 0, 0,1085                          ,    0,         0,0,20190111 20:39:53,1334                          ,  101, 9999,  101,  101,    0,     0,     0
 ED5.2,1855                          ,1334                          ,                    ,1949      ,                ,  101,                    ,                              ,14,0,20190111 20:39:55,    0,         0,         0,65535,65535, 9999,2,                ,0000000,0, 0,         0,    0,0000000000000000000000000000000000000000,0000000000000000000000000000000000000000,         0,         0,         0,         0,1, 0, 0, 0,1855                          ,    0,         0,0,20190111 20:39:55,1334                          ,  101, 9999,  101,  101,    0,     0,     0
 ED5.2,4877777                       ,1745                          ,JOEL SAMMIR BONI    ,1952      ,                ,  101,                    ,                              , 0,2,20190111 20:40:04,    0,         0,        61,10002,   11,  101,2,                ,0010000,2, 1,         0,    0,1000000000000000000000000000000000000000,0000000000000000000000010000000000001000,         0,         0,         0,         0,1, 0, 0, 0,4877777                       ,    0,         0,0,20190111 20:39:03,1745                          , 9999, 9999, 9999,  101,32767,     0,     0
 ED5.2,1312                          ,1532                          ,                    ,1632      ,                ,  101,                    ,                              ,14,0,20190111 20:40:06,    0,         0,        27,65535,65535, 9999,2,                ,0000000,0, 0,         0,    0,0000000000000000000000000000000000000000,0000000000000000000000000000000000000000,         0,         0,         0,         0,1, 0, 0, 0,1312                          ,    0,        27,0,20190111 20:39:39,1532                          ,  101, 9999,  101,  101,    0,     0,     0
 ED5.2,1452                          ,1180                          ,                    ,1952      ,                ,  101,                    ,                              ,14,0,20190111 20:40:41,    0,         0,         0,65535,65535, 9999,2,                ,0000000,0, 0,         0,    0,0000000000000000000000000000000000000000,0000000000000000000000000000000000000000,         0,         0,         0,         0,1, 0, 0, 0,1452                          ,    0,         0,0,20190111 20:40:41,1180                          ,  101, 9999,  101,  101,    0,     0,     0
 ED5.2,1222                          ,1180                          ,                    ,1952      ,                ,  101,                    ,                              ,14,0,20190111 20:41:22,    0,         0,        31,65535,65535, 9999,2,                ,0000000,0, 0,         0,    0,0000000000000000000000000000000000000000,0000000000000000000000000000000000000000,         0,         0,         0,         0,1, 0, 0, 0,1222                          ,    0,        31,0,20190111 20:40:51,1180                          ,  101, 9999,  101,  101,    0,     0,     0
 ED5.2,1852                          ,1334                          ,                    ,1949      ,                ,  101,                    ,                              ,14,0,20190111 20:41:34,    0,         0,         0,65535,65535, 9999,2,                ,0000000,0, 0,         0,    0,0000000000000000000000000000000000000000,0000000000000000000000000000000000000000,         0,         0,         0,         0,1, 0, 0, 0,1852                          ,    0,         0,0,20190111 20:41:34,1334                          ,  101, 9999,  101,  101,    0,     0,     0
 ED5.2,1852                          ,1334                          ,                    ,1949      ,                ,  101,                    ,                              ,14,0,20190111 20:41:49,    0,         0,         0,65535,65535, 9999,2,                ,0000000,0, 0,         0,    0,0000000000000000000000000000000000000000,0000000000000000000000000000000000000000,         0,         0,         0,         0,1, 0, 0, 0,1852                          ,    0,         0,0,20190111 20:41:49,1334                          ,  101, 9999,  101,  101,    0,     0,     0
 ED5.2,3112475192                    ,1382                          ,WILMER LEONA BAQ    ,1952      ,                ,  101,                    ,                              , 0,1,20190111 20:42:31,    0,         0,       200,  378,   21,  101,2,                ,0010000,0, 0,         0,    0,0000000000000000000000000000000000000000,0000000000000000000000010000000000001000,         0,         0,         0,         0,1, 0, 0, 0,033112475192                  ,    0,         0,0,20190111 20:39:11,1382                          , 9999, 9999, 9999,  101,32767,     0,     0
 ED5.2,3243                          ,1032                          ,                    ,1632      ,                ,  101,                    ,                              ,14,0,20190111 20:43:10,    0,         0,        73,65535,65535, 9999,2,                ,0000000,0, 0,         0,    0,0000000000000000000000000000000000000000,0000000000000000000000000000000000000000,         0,         0,         0,         0,1, 0, 0, 0,3243                          ,    0,        73,0,20190111 20:41:57,1032                          ,  101, 9999,  101,  101,    0,     0,     0
 ED5.2,4877777                       ,1745                          ,JOEL SAMMIR BONI    ,1952      ,                ,  101,                    ,                              , 0,2,20190111 20:44:31,    0,         0,       249,10002,   11,  101,2,                ,0010000,2, 1,         0,    0,1000000000000000000000000000000000000000,0000000000000000000000010000000000001000,         0,         0,         0,         0,1, 0, 0, 0,4877777                       ,    0,         0,0,20190111 20:40:22,1745                          , 9999, 9999, 9999,  101,32767,     0,     0
 ED5.2,4857258                       ,1745                          ,JOEL SAMMIR BONI    ,1952      ,                ,  101,                    ,                              , 0,2,20190111 20:44:53,    0,         0,         0,10002,   11,  101,2,                ,0010000,2, 1,         0,    0,1000000000000000000000000000000000000000,0000000000000000000000010000000000001000,         0,         0,         0,         0,1, 0, 0, 0,4857258                       ,    0,         0,0,20190111 20:44:53,1745                          , 9999, 9999, 9999,  101,32767,     0,     0
 ED5.2,663115168579                  ,FS020                         ,ETB                 ,          ,                ,  101,                    ,                              , 4,2,20190111 20:44:55,    0,         0,         1,  120,   20,  101,2,                ,0000000,2, 1,         0,    0,0000000000000000000000000000000000000000,0000000000000000000000010000000000000000,         0,         0,         0,         0,1, 0, 0, 0,A800                          ,    1,         0,0,20190111 20:44:54,                              , 9999, 9999, 9999, 9999,32767,     0,     0
 ED5.2,1175                          ,1334                          ,                    ,1949      ,                ,  101,                    ,                              ,14,0,20190111 20:45:02,    0,         0,       150,65535,65535, 9999,2,                ,0000000,0, 0,         0,    0,0000000000000000000000000000000000000000,0000000000000000000000000000000000000000,         0,         0,         0,         0,1, 0, 0, 0,1175                          ,    0,       150,0,20190111 20:42:32,1334                          ,  101, 9999,  101,  101,    0,     0,     0
 ED5.2,4857258                       ,1745                          ,JOEL SAMMIR BONI    ,1952      ,                ,  101,                    ,                              , 0,2,20190111 20:45:16,    0,         0,         0,10865,   82,  101,2,                ,0010000,2, 1,         0,    0,1000000000000000000000000000000000000000,0000000000000000000000010000000000001000,         0,         0,         0,         0,1, 0, 0, 0,4857258                       ,    0,         0,0,20190111 20:45:16,1745                          , 9999, 9999, 9999,  101,32767,     0,     0
 ED5.2,1549                          ,1502                          ,                    ,1952      ,                ,  101,                    ,                              ,14,0,20190111 20:46:38,    0,         0,        15,65535,65535, 9999,2,                ,0000000,0, 0,         0,    0,0000000000000000000000000000000000000000,0000000000000000000000000000000000000000,         0,         0,         0,         0,1, 0, 0, 0,1549                          ,    0,        15,0,20190111 20:46:23,1502                          ,  101, 9999,  101,  101,    0,     0,     0
 ED5.2,3871123                       ,1042                          ,SANDY MILENA VAR    ,1632      ,                ,  101,                    ,                              , 0,2,20190111 20:46:41,    0,         0,      1852,10001,   11,  101,2,                ,0010000,2, 1,         0,    0,1000000000000000000000000000000000000000,0000000000000000000000010000000000001000,         0,         0,         0,         0,1, 0, 0, 0,3871123                       ,    0,         0,0,20190111 20:15:49,1042                          , 9999, 9999, 9999,  101,32767,     0,     0
 ED5.2,6105                          ,1369                          ,                    ,1632      ,                ,  101,                    ,                              ,14,0,20190111 20:47:18,    0,         0,       774,65535,65535, 9999,2,                ,0000000,0, 0,         0,    0,0000000000000000000000000000000000000000,0000000000000000000000000000000000000000,         0,         0,         0,         0,1, 0, 0, 0,6105                          ,    0,       774,0,20190111 20:34:24,1369                          ,  101, 9999,  101,  101,    0,     0,     0
 ED5.2,7740089                       ,1132                          ,MARIA AMPARO PER    ,1843      ,                ,  101,                    ,                              , 0,2,20190111 20:47:48,    0,         0,         0,10001,   11,  101,2,                ,0010000,2, 1,         0,    0,1000000000000000000000000000000000000000,0000000000000000000000010000000000001000,         0,         0,         0,         0,1, 0, 0, 0,7740089                       ,    0,         0,0,20190111 20:47:48,1132                          , 9999, 9999, 9999,  101,32767,     0,     0
 ED5.2,1009                          ,1340                          ,                    ,1635      ,                ,  101,                    ,                              ,14,0,20190111 20:49:01,    0,         0,        27,65535,65535, 9999,2,                ,0000000,0, 0,         0,    0,0000000000000000000000000000000000000000,0000000000000000000000000000000000000000,         0,         0,         0,         0,1, 0, 0, 0,1009                          ,    0,        27,0,20190111 20:48:34,1340                          ,  101, 9999,  101,  101,    0,     0,     0
 ED5.2,1359                          ,6105                          ,                    ,5952      ,                ,  101,                    ,                              ,14,0,20190111 20:49:57,    0,         0,         0,65535,65535, 9999,2,                ,0000000,0, 0,         0,    0,0000000000000000000000000000000000000000,0000000000000000000000000000000000000000,         0,         0,         0,         0,1, 0, 0, 0,1359                          ,    0,         0,0,20190111 20:49:57,6105                          ,  101, 9999,  101,  101,    0,     0,     0
 ED5.2,1486                          ,6105                          ,                    ,5952      ,                ,  101,                    ,                              ,14,0,20190111 20:49:59,    0,         0,         0,65535,65535, 9999,2,                ,0000000,0, 0,         0,    0,0000000000000000000000000000000000000000,0000000000000000000000000000000000000000,         0,         0,         0,         0,1, 0, 0, 0,1359                          ,    0,         0,1,20190111 20:49:59,6105                          ,  101, 9999,  101,  101,    0,     0,     0
 ED5.2,1150                          ,1736                          ,                    ,1635      ,                ,  101,                    ,                              ,14,0,20190111 20:50:17,    0,         0,         6,65535,65535, 9999,2,                ,0000000,0, 0,         0,    0,0000000000000000000000000000000000000000,0000000000000000000000000000000000000000,         0,         0,         0,         0,1, 0, 0, 0,1150                          ,    0,         6,0,20190111 20:50:11,1736                          ,  101, 9999,  101,  101,    0,     0,     0
 ED5.2,1324                          ,5143                          ,                    ,3952      ,                ,  101,                    ,                              ,14,0,20190111 20:51:34,    0,         0,         0,65535,65535, 9999,2,                ,0000000,0, 0,         0,    0,0000000000000000000000000000000000000000,0000000000000000000000000000000000000000,         0,         0,         0,         0,1, 0, 0, 0,1324                          ,    0,         0,0,20190111 20:51:34,5143                          ,  101, 9999,  101,  101,    0,     0,     0
 ED5.2,1542                          ,5143                          ,                    ,3952      ,                ,  101,                    ,                              ,14,0,20190111 20:51:50,    0,         0,         0,65535,65535, 9999,2,                ,0000000,0, 0,         0,    0,0000000000000000000000000000000000000000,0000000000000000000000000000000000000000,         0,         0,         0,         0,1, 0, 0, 0,1324                          ,    0,         0,1,20190111 20:51:50,5143                          ,  101, 9999,  101,  101,    0,     0,     0
 ED5.2,1476                          ,5143                          ,                    ,3952      ,                ,  101,                    ,                              ,14,0,20190111 20:51:57,    0,         0,         0,65535,65535, 9999,2,                ,0000000,0, 0,         0,    0,0000000000000000000000000000000000000000,0000000000000000000000000000000000000000,         0,         0,         0,         0,1, 0, 0, 0,1324                          ,    0,         0,1,20190111 20:51:57,5143                          ,  101, 9999,  101,  101,    0,     0,     0
 ED5.2,3057475414                    ,1132                          ,MARIA AMPARO PER    ,1843      ,                ,  101,                    ,                              , 0,1,20190111 20:52:01,    0,         0,       134,  377,   21,  101,2,                ,0010000,0, 0,         0,    0,0000000000000000000000000000000000000000,0000000000000000000000010000000000001000,         0,         0,         0,         0,1, 0, 0, 0,033057475414                  ,    0,         0,0,20190111 20:49:47,1132                          , 9999, 9999, 9999,  101,32767,     0,     0
 ED5.2,3243                          ,1736                          ,                    ,1635      ,                ,  101,                    ,                              ,14,0,20190111 20:52:12,    0,         0,         5,65535,65535, 9999,2,                ,0000000,0, 0,         0,    0,0000000000000000000000000000000000000000,0000000000000000000000000000000000000000,         0,         0,         0,         0,1, 0, 0, 0,3243                          ,    0,         5,0,20190111 20:52:07,1736                          ,  101, 9999,  101,  101,    0,     0,     0
 ED5.2,1359                          ,4016                          ,                    ,2952      ,                ,  101,                    ,                              ,14,0,20190111 20:52:14,    0,         0,         0,65535,65535, 9999,2,                ,0000000,0, 0,         0,    0,0000000000000000000000000000000000000000,0000000000000000000000000000000000000000,         0,         0,         0,         0,1, 0, 0, 0,1359                          ,    0,         0,0,20190111 20:52:14,4016                          ,  101, 9999,  101,  101,    0,     0,     0
 ED5.2,1486                          ,4016                          ,                    ,2952      ,                ,  101,                    ,                              ,14,0,20190111 20:52:22,    0,         0,         0,65535,65535, 9999,2,                ,0000000,0, 0,         0,    0,0000000000000000000000000000000000000000,0000000000000000000000000000000000000000,         0,         0,         0,         0,1, 0, 0, 0,1359                          ,    0,         0,1,20190111 20:52:22,4016                          ,  101, 9999,  101,  101,    0,     0,     0
 ED5.2,4877777                       ,1745                          ,JOEL SAMMIR BONI    ,1952      ,                ,  101,                    ,                              , 0,2,20190111 20:53:45,    0,         0,       499,10002,   11,  101,2,                ,0010000,2, 1,         0,    0,1000000000000000000000000000000000000000,0000000000000000000000010000000000001000,         0,         0,         0,         0,1, 0, 0, 0,4877777                       ,    0,         0,0,20190111 20:45:26,1745                          , 9999, 9999, 9999,  101,32767,     0,     0
 ED5.2,1534                          ,1736                          ,                    ,1635      ,                ,  101,                    ,                              ,14,0,20190111 20:53:53,    0,         0,         5,65535,65535, 9999,2,                ,0000000,0, 0,         0,    0,0000000000000000000000000000000000000000,0000000000000000000000000000000000000000,         0,         0,         0,         0,1, 0, 0, 0,1534                          ,    0,         5,0,20190111 20:53:48,1736                          ,  101, 9999,  101,  101,    0,     0,     0
 ED5.2,1534                          ,1736                          ,                    ,1635      ,                ,  101,                    ,                              ,14,0,20190111 20:56:21,    0,         0,         0,65535,65535, 9999,2,                ,0000000,0, 0,         0,    0,0000000000000000000000000000000000000000,0000000000000000000000000000000000000000,         0,         0,         0,         0,1, 0, 0, 0,1534                          ,    0,         0,0,20190111 20:56:21,1736                          ,  101, 9999,  101,  101,    0,     0,     0
 ED5.2,1324                          ,5143                          ,                    ,3952      ,                ,  101,                    ,                              ,14,0,20190111 20:57:04,    0,         0,         0,65535,65535, 9999,2,                ,0000000,0, 0,         0,    0,0000000000000000000000000000000000000000,0000000000000000000000000000000000000000,         0,         0,         0,         0,1, 0, 0, 0,1324                          ,    0,         0,0,20190111 20:57:04,5143                          ,  101, 9999,  101,  101,    0,     0,     0
 ED5.2,1542                          ,5143                          ,                    ,3952      ,                ,  101,                    ,                              ,14,0,20190111 20:57:10,    0,         0,         0,65535,65535, 9999,2,                ,0000000,0, 0,         0,    0,0000000000000000000000000000000000000000,0000000000000000000000000000000000000000,         0,         0,         0,         0,1, 0, 0, 0,1324                          ,    0,         0,1,20190111 20:57:10,5143                          ,  101, 9999,  101,  101,    0,     0,     0
 ED5.2,1288                          ,1167                          ,                    ,1952      ,                ,  101,                    ,                              ,14,0,20190111 20:57:13,    0,         0,        26,65535,65535, 9999,2,                ,0000000,0, 0,         0,    0,0000000000000000000000000000000000000000,0000000000000000000000000000000000000000,         0,         0,         0,         0,1, 0, 0, 0,1288                          ,    0,        26,0,20190111 20:56:47,1167                          ,  101, 9999,  101,  101,    0,     0,     0
 ED5.2,1340                          ,1439                          ,                    ,1632      ,                ,  101,                    ,                              ,14,0,20190111 20:58:15,    0,         0,        37,65535,65535, 9999,2,                ,0000000,0, 0,         0,    0,0000000000000000000000000000000000000000,0000000000000000000000000000000000000000,         0,         0,         0,         0,1, 0, 0, 0,1340                          ,    0,        37,0,20190111 20:57:38,1439                          ,  101, 9999,  101,  101,    0,     0,     0
 ED5.2,5140                          ,5122                          ,                    ,3635      ,                ,  101,                    ,                              ,14,0,20190111 20:58:25,    0,         0,        30,65535,65535, 9999,2,                ,0000000,0, 0,         0,    0,0000000000000000000000000000000000000000,0000000000000000000000000000000000000000,         0,         0,         0,         0,1, 0, 0, 0,5140                          ,    0,        30,0,20190111 20:57:55,5122                          ,  101, 9999,  101,  101,    0,     0,     0
 ED5.2,1549                          ,1502                          ,                    ,1952      ,                ,  101,                    ,                              ,14,0,20190111 20:58:38,    0,         0,         8,65535,65535, 9999,2,                ,0000000,0, 0,         0,    0,0000000000000000000000000000000000000000,0000000000000000000000000000000000000000,         0,         0,         0,         0,1, 0, 0, 0,1549                          ,    0,         8,0,20190111 20:58:30,1502                          ,  101, 9999,  101,  101,    0,     0,     0
 ED5.2,1359                          ,1478                          ,                    ,1952      ,                ,  101,                    ,                              ,14,0,20190111 20:58:39,    0,         0,         0,65535,65535, 9999,2,                ,0000000,0, 0,         0,    0,0000000000000000000000000000000000000000,0000000000000000000000000000000000000000,         0,         0,         0,         0,1, 0, 0, 0,1359                          ,    0,         0,0,20190111 20:58:39,1478                          ,  101, 9999,  101,  101,    0,     0,     0
 ED5.2,1222                          ,1334                          ,                    ,1949      ,                ,  101,                    ,                              ,14,0,20190111 21:00:36,    0,         0,       129,65535,65535, 9999,2,                ,0000000,0, 0,         0,    0,0000000000000000000000000000000000000000,0000000000000000000000000000000000000000,         0,         0,         0,         0,1, 0, 0, 0,1222                          ,    0,       129,0,20190111 20:58:27,1334                          ,  101, 9999,  101,  101,    0,     0,     0
