 ED5.2,1434                          ,1431                          ,                    ,1215      ,                ,  101,                    ,                              ,14,0,20190208 21:04:31,    0,         0,        71,65535,65535, 9999,2,                ,0000000,0, 0,         0,    0,0000000000000000000000000000000000000000,0000000000000000000000000000000000000000,         0,         0,         0,         0,1, 0, 0, 0,1434                          ,    0,        71,0,20190208 21:03:20,1431                          ,  101, 9999,  101,  101,    0,     0,     0
 ED5.2,1032                          ,1350                          ,                    ,1632      ,                ,  101,                    ,                              ,14,0,20190208 21:05:10,    0,         0,        43,65535,65535, 9999,2,                ,0000000,0, 0,         0,    0,0000000000000000000000000000000000000000,0000000000000000000000000000000000000000,         0,         0,         0,         0,1, 0, 0, 0,1032                          ,    0,        43,0,20190208 21:04:27,1350                          ,  101, 9999,  101,  101,    0,     0,     0
 ED5.2,1307                          ,1736                          ,                    ,1635      ,                ,  101,                    ,                              ,14,0,20190208 21:05:51,    0,         0,        39,65535,65535, 9999,2,                ,0000000,0, 0,         0,    0,0000000000000000000000000000000000000000,0000000000000000000000000000000000000000,         0,         0,         0,         0,1, 0, 0, 0,1307                          ,    0,        39,0,20190208 21:05:12,1736                          ,  101, 9999,  101,  101,    0,     0,     0
 ED5.2,1534                          ,1369                          ,                    ,1632      ,                ,  101,                    ,                              ,14,0,20190208 21:07:23,    0,         0,        26,65535,65535, 9999,2,                ,0000000,0, 0,         0,    0,0000000000000000000000000000000000000000,0000000000000000000000000000000000000000,         0,         0,         0,         0,1, 0, 0, 0,1534                          ,    0,        26,0,20190208 21:06:57,1369                          ,  101, 9999,  101,  101,    0,     0,     0
 ED5.2,1551                          ,1515                          ,                    ,1215      ,                ,  101,                    ,                              ,14,0,20190208 21:08:50,    0,         0,        14,65535,65535, 9999,2,                ,0000000,0, 0,         0,    0,0000000000000000000000000000000000000000,0000000000000000000000000000000000000000,         0,         0,         0,         0,1, 0, 0, 0,1551                          ,    0,        14,0,20190208 21:08:36,1515                          ,  101, 9999,  101,  101,    0,     0,     0
 ED5.2,1534                          ,1369                          ,                    ,1632      ,                ,  101,                    ,                              ,14,0,20190208 21:08:54,    0,         0,         7,65535,65535, 9999,2,                ,0000000,0, 0,         0,    0,0000000000000000000000000000000000000000,0000000000000000000000000000000000000000,         0,         0,         0,         0,1, 0, 0, 0,1534                          ,    0,         7,0,20190208 21:08:47,1369                          ,  101, 9999,  101,  101,    0,     0,     0
 ED5.2,1443                          ,1252                          ,                    ,1215      ,                ,  101,                    ,                              ,14,0,20190208 21:12:57,    0,         0,         0,65535,65535, 9999,2,                ,0000000,0, 0,         0,    0,0000000000000000000000000000000000000000,0000000000000000000000000000000000000000,         0,         0,         0,         0,1, 0, 0, 0,1443                          ,    0,         0,0,20190208 21:12:57,1252                          ,  101, 9999,  101,  101,    0,     0,     0
 ED5.2,1210                          ,1583                          ,                    ,1215      ,                ,  101,                    ,                              ,14,0,20190208 21:14:22,    0,         0,         0,65535,65535, 9999,2,                ,0000000,0, 0,         0,    0,0000000000000000000000000000000000000000,0000000000000000000000000000000000000000,         0,         0,         0,         0,1, 0, 0, 0,1210                          ,    0,         0,0,20190208 21:14:22,1583                          ,  101, 9999,  101,  101,    0,     0,     0
 ED5.2,1437                          ,1583                          ,                    ,1215      ,                ,  101,                    ,                              ,14,0,20190208 21:14:26,    0,         0,         0,65535,65535, 9999,2,                ,0000000,0, 0,         0,    0,0000000000000000000000000000000000000000,0000000000000000000000000000000000000000,         0,         0,         0,         0,1, 0, 0, 0,1210                          ,    0,         0,1,20190208 21:14:26,1583                          ,  101, 9999,  101,  101,    0,     0,     0
 ED5.2,9254830                       ,1252                          ,ANA CAROLINA FAJ    ,1215      ,                ,  101,                    ,                              , 0,2,20190208 21:16:47,    0,         0,       204,10865,   82,  101,2,                ,0010000,2, 1,         0,    0,1000000000000000000000000000000000000000,0000000000000000000000010000000000001000,         0,         0,         0,         0,1, 0, 0, 0,9254830                       ,    0,         0,0,20190208 21:13:23,1252                          , 9999, 9999, 9999,  101,32767,     0,     0
 ED5.2,1534                          ,1736                          ,                    ,1635      ,                ,  101,                    ,                              ,14,0,20190208 21:17:53,    0,         0,        19,65535,65535, 9999,2,                ,0000000,0, 0,         0,    0,0000000000000000000000000000000000000000,0000000000000000000000000000000000000000,         0,         0,         0,         0,1, 0, 0, 0,1534                          ,    0,        19,0,20190208 21:17:34,1736                          ,  101, 9999,  101,  101,    0,     0,     0
 ED5.2,1210                          ,1252                          ,                    ,1215      ,                ,  101,                    ,                              ,14,0,20190208 21:19:00,    0,         0,        72,65535,65535, 9999,2,                ,0000000,0, 0,         0,    0,0000000000000000000000000000000000000000,0000000000000000000000000000000000000000,         0,         0,         0,         0,1, 0, 0, 0,1210                          ,    0,        72,0,20190208 21:17:48,1252                          ,  101, 9999,  101,  101,    0,     0,     0
 ED5.2,1369                          ,1736                          ,                    ,1635      ,                ,  101,                    ,                              ,14,0,20190208 21:19:42,    0,         0,        98,65535,65535, 9999,2,                ,0000000,0, 0,         0,    0,0000000000000000000000000000000000000000,0000000000000000000000000000000000000000,         0,         0,         0,         0,1, 0, 0, 0,1369                          ,    0,        98,0,20190208 21:18:04,1736                          ,  101, 9999,  101,  101,    0,     0,     0
 ED5.2,1431                          ,1434                          ,                    ,1215      ,                ,  101,                    ,                              ,14,0,20190208 21:21:30,    0,         0,        15,65535,65535, 9999,2,                ,0000000,0, 0,         0,    0,0000000000000000000000000000000000000000,0000000000000000000000000000000000000000,         0,         0,         0,         0,1, 0, 0, 0,1431                          ,    0,        15,0,20190208 21:21:15,1434                          ,  101, 9999,  101,  101,    0,     0,     0
 ED5.2,3125                          ,1737                          ,                    ,1635      ,                ,  101,                    ,                              ,14,0,20190208 21:23:28,    0,         0,         0,65535,65535, 9999,2,                ,0000000,0, 0,         0,    0,0000000000000000000000000000000000000000,0000000000000000000000000000000000000000,         0,         0,         0,         0,1, 0, 0, 0,3125                          ,    0,         0,0,20190208 21:23:28,1737                          ,  101, 9999,  101,  101,    0,     0,     0
 ED5.2,1039                          ,1737                          ,                    ,1635      ,                ,  101,                    ,                              ,14,0,20190208 21:23:43,    0,         0,         0,65535,65535, 9999,2,                ,0000000,0, 0,         0,    0,0000000000000000000000000000000000000000,0000000000000000000000000000000000000000,         0,         0,         0,         0,1, 0, 0, 0,3125                          ,    0,         0,1,20190208 21:23:43,1737                          ,  101, 9999,  101,  101,    0,     0,     0
 ED5.2,3341                          ,1737                          ,                    ,1635      ,                ,  101,                    ,                              ,14,0,20190208 21:23:46,    0,         0,         0,65535,65535, 9999,2,                ,0000000,0, 0,         0,    0,0000000000000000000000000000000000000000,0000000000000000000000000000000000000000,         0,         0,         0,         0,1, 0, 0, 0,3125                          ,    0,         0,1,20190208 21:23:46,1737                          ,  101, 9999,  101,  101,    0,     0,     0
 ED5.2,8143666                       ,1737                          ,RECEPCION TO ALI    ,1635      ,                ,  101,                    ,                              , 0,2,20190208 21:23:46,    0,         0,       634,10867,   82,  101,2,                ,0010000,2, 1,         0,    0,1000000000000000000000000000000000000000,0000000000000000000000010000000000001000,         0,         0,         0,         0,1, 0, 0, 0,8143666                       ,    0,         0,0,20190208 21:13:12,1737                          , 9999, 9999, 9999,  101,32767,     0,     0
 ED5.2,8143666                       ,3341                          ,LIBRE LIBRE         ,1631      ,                ,  101,                    ,                              , 0,2,20190208 21:23:51,    0,         0,         5,10867,   82,  101,2,                ,0010000,2, 1,         0,    0,0000000000000000000000000000000000000000,0000000010000000000000010000000000001000,         0,         0,         0,         0,1, 0, 0, 0,8143666                       ,  647,         0,0,20190208 21:23:46,3341                          , 9999, 9999, 9999,  101,32767,     0,     0
 ED5.2,3125                          ,1737                          ,                    ,1635      ,                ,  101,                    ,                              ,14,0,20190208 21:24:10,    0,         0,         0,65535,65535, 9999,2,                ,0000000,0, 0,         0,    0,0000000000000000000000000000000000000000,0000000000000000000000000000000000000000,         0,         0,         0,         0,1, 0, 0, 0,3125                          ,    0,         0,0,20190208 21:24:10,1737                          ,  101, 9999,  101,  101,    0,     0,     0
 ED5.2,1039                          ,1737                          ,                    ,1635      ,                ,  101,                    ,                              ,14,0,20190208 21:24:20,    0,         0,         0,65535,65535, 9999,2,                ,0000000,0, 0,         0,    0,0000000000000000000000000000000000000000,0000000000000000000000000000000000000000,         0,         0,         0,         0,1, 0, 0, 0,3125                          ,    0,         0,1,20190208 21:24:20,1737                          ,  101, 9999,  101,  101,    0,     0,     0
 ED5.2,1473                          ,1553                          ,                    ,1215      ,                ,  101,                    ,                              ,14,0,20190208 21:31:48,    0,         0,         0,65535,65535, 9999,2,                ,0000000,0, 0,         0,    0,0000000000000000000000000000000000000000,0000000000000000000000000000000000000000,         0,         0,         0,         0,1, 0, 0, 0,1473                          ,    0,         0,0,20190208 21:31:48,1553                          ,  101, 9999,  101,  101,    0,     0,     0
 ED5.2,663166298632                  ,FS082                         ,SIPsalida           ,          ,                ,  101,                    ,                              , 4,2,20190208 21:34:24,    0,         0,         1,10867,   82,  101,2,                ,0000000,2, 0,         0,    0,0000000000000000000000000000000000000000,0000000000000000000000010000000000000000,         0,         0,         0,         0,1, 0, 0, 0,A500                          ,    1,         0,0,20190208 21:34:23,                              , 9999, 9999, 9999, 9999,32767,     0,     0
 ED5.2,8143666                       ,1737                          ,RECEPCION TO ALI    ,1635      ,                ,  101,                    ,                              , 0,2,20190208 21:34:29,    0,         0,       415,10865,   82,  101,2,                ,0010000,2, 1,         0,    0,1000000000000000000000000000000000000000,0000000000000000000000010000000000001000,         0,         0,         0,         0,1, 0, 0, 0,8143666                       ,    0,         0,0,20190208 21:27:34,1737                          , 9999, 9999, 9999,  101,32767,     0,     0
 ED5.2,8143666                       ,1737                          ,RECEPCION TO ALI    ,1635      ,                ,  101,                    ,                              , 0,2,20190208 21:34:58,    0,         0,         0,10865,   82,  101,2,                ,0010000,2, 1,         0,    0,1000000000000000000000000000000000000000,0000000000000000000000010000000000001000,         0,         0,         0,         0,1, 0, 0, 0,8143666                       ,    0,         0,0,20190208 21:34:58,1737                          , 9999, 9999, 9999,  101,32767,     0,     0
 ED5.2,8143666                       ,1737                          ,RECEPCION TO ALI    ,1635      ,                ,  101,                    ,                              , 0,2,20190208 21:36:25,    0,         0,         0,10865,   82,  101,2,                ,0010000,2, 1,         0,    0,1000000000000000000000000000000000000000,0000000000000000000000010000000000001000,         0,         0,         0,         0,1, 0, 0, 0,8143666                       ,    0,         0,0,20190208 21:36:25,1737                          , 9999, 9999, 9999,  101,32767,     0,     0
 ED5.2,8143666                       ,1737                          ,RECEPCION TO ALI    ,1635      ,                ,  101,                    ,                              , 0,2,20190208 21:37:09,    0,         0,         0,10001,   11,  101,2,                ,0010000,2, 1,         0,    0,1000000000000000000000000000000000000000,0000000000000000000000010000000000001000,         0,         0,         0,         0,1, 0, 0, 0,8143666                       ,    0,         0,0,20190208 21:37:09,1737                          , 9999, 9999, 9999,  101,32767,     0,     0
 ED5.2,8143666                       ,1737                          ,RECEPCION TO ALI    ,1635      ,                ,  101,                    ,                              , 0,2,20190208 21:38:10,    0,         0,         0,10001,   11,  101,2,                ,0010000,2, 1,         0,    0,1000000000000000000000000000000000000000,0000000000000000000000010000000000001000,         0,         0,         0,         0,1, 0, 0, 0,8143666                       ,    0,         0,0,20190208 21:38:10,1737                          , 9999, 9999, 9999,  101,32767,     0,     0
 ED5.2,354287101                     ,1252                          ,ANA CAROLINA FAJ    ,1215      ,                ,  101,                    ,                              , 0,2,20190208 21:39:33,    0,         0,         0,10349,   66,  101,2,                ,0010000,2, 1,         0,    0,1000000000000000000000000000000000000000,0000000000000000000000010000000000001000,         0,         0,         0,         0,1, 0, 0, 0,03354287101                   ,    0,         0,0,20190208 21:39:33,1252                          , 9999, 9999, 9999,  101,32767,     0,     0
 ED5.2,3865992                       ,1164                          ,LINA MARIA VELEZ    ,1945      ,                ,  101,                    ,                              , 0,2,20190208 21:43:50,    0,         0,         6,10001,   11,  101,2,                ,0010000,2, 1,         0,    0,1000000000000000000000000000000000000000,0000000000000000000000010000000000001000,         0,         0,         0,         0,1, 0, 0, 0,3865992                       ,    0,         0,0,20190208 21:43:44,1164                          , 9999, 9999, 9999,  101,32767,     0,     0
 ED5.2,3865992                       ,1164                          ,LINA MARIA VELEZ    ,1945      ,                ,  101,                    ,                              , 0,2,20190208 21:43:59,    0,         0,         0,10001,   11,  101,2,                ,0010000,2, 1,         0,    0,1000000000000000000000000000000000000000,0000000000000000000000010000000000001000,         0,         0,         0,         0,1, 0, 0, 0,3865992                       ,    0,         0,0,20190208 21:43:59,1164                          , 9999, 9999, 9999,  101,32767,     0,     0
 ED5.2,3865992                       ,1164                          ,LINA MARIA VELEZ    ,1945      ,                ,  101,                    ,                              , 0,2,20190208 21:45:25,    0,         0,        20,10001,   11,  101,2,                ,0010000,2, 1,         0,    0,1000000000000000000000000000000000000000,0000000000000000000000010000000000001000,         0,         0,         0,         0,1, 0, 0, 0,3865992                       ,    0,         0,0,20190208 21:45:05,1164                          , 9999, 9999, 9999,  101,32767,     0,     0
 ED5.2,3504287101                    ,1252                          ,ANA CAROLINA FAJ    ,1215      ,                ,  101,                    ,                              , 0,2,20190208 21:46:15,    0,         0,       381,10349,   66,  101,2,                ,0010000,2, 1,         0,    0,1000000000000000000000000000000000000000,0000000000000000000000010000000000001000,         0,         0,         0,         0,1, 0, 0, 0,033504287101                  ,    0,         0,0,20190208 21:39:54,1252                          , 9999, 9999, 9999,  101,32767,     0,     0
 ED5.2,1252                          ,1210                          ,                    ,1215      ,                ,  101,                    ,                              ,14,0,20190208 21:47:49,    0,         0,        88,65535,65535, 9999,2,                ,0000000,0, 0,         0,    0,0000000000000000000000000000000000000000,0000000000000000000000000000000000000000,         0,         0,         0,         0,1, 0, 0, 0,1252                          ,    0,        88,0,20190208 21:46:21,1210                          ,  101, 9999,  101,  101,    0,     0,     0
 ED5.2,1893                          ,1232                          ,                    ,1741      ,                ,  101,                    ,                              ,14,0,20190208 21:49:38,    0,         0,         0,65535,65535, 9999,2,                ,0000000,0, 0,         0,    0,0000000000000000000000000000000000000000,0000000000000000000000000000000000000000,         0,         0,         0,         0,1, 0, 0, 0,1893                          ,    0,         0,0,20190208 21:49:38,1232                          ,  101, 9999,  101,  101,    0,     0,     0
 ED5.2,1071                          ,1431                          ,                    ,1215      ,                ,  101,                    ,                              ,14,0,20190208 21:52:04,    0,         0,        57,65535,65535, 9999,2,                ,0000000,0, 0,         0,    0,0000000000000000000000000000000000000000,0000000000000000000000000000000000000000,         0,         0,         0,         0,1, 0, 0, 0,1071                          ,    0,        57,0,20190208 21:51:07,1431                          ,  101, 9999,  101,  101,    0,     0,     0
 ED5.2,1071                          ,1436                          ,                    ,1318      ,                ,  101,                    ,                              ,14,0,20190208 21:52:53,    0,         0,         0,65535,65535, 9999,2,                ,0000000,0, 0,         0,    0,0000000000000000000000000000000000000000,0000000000000000000000000000000000000000,         0,         0,         0,         0,1, 0, 0, 0,1071                          ,    0,         0,0,20190208 21:52:53,1436                          ,  101, 9999,  101,  101,    0,     0,     0
 ED5.2,1431                          ,1553                          ,                    ,1215      ,                ,  101,                    ,                              ,14,0,20190208 21:57:29,    0,         0,        70,65535,65535, 9999,2,                ,0000000,0, 0,         0,    0,0000000000000000000000000000000000000000,0000000000000000000000000000000000000000,         0,         0,         0,         0,1, 0, 0, 0,1431                          ,    0,        70,0,20190208 21:56:19,1553                          ,  101, 9999,  101,  101,    0,     0,     0
 ED5.2,1298                          ,1191                          ,                    ,1945      ,                ,  101,                    ,                              ,14,0,20190208 21:59:41,    0,         0,         0,65535,65535, 9999,2,                ,0000000,0, 0,         0,    0,0000000000000000000000000000000000000000,0000000000000000000000000000000000000000,         0,         0,         0,         0,1, 0, 0, 0,1298                          ,    0,         0,0,20190208 21:59:41,1191                          ,  101, 9999,  101,  101,    0,     0,     0
 ED5.2,1430                          ,1191                          ,                    ,1945      ,                ,  101,                    ,                              ,14,0,20190208 22:00:16,    0,         0,         0,65535,65535, 9999,2,                ,0000000,0, 0,         0,    0,0000000000000000000000000000000000000000,0000000000000000000000000000000000000000,         0,         0,         0,         0,1, 0, 0, 0,1430                          ,    0,         0,0,20190208 22:00:16,1191                          ,  101, 9999,  101,  101,    0,     0,     0
