 ED5.2,3198850                       ,1340                          ,RECEPCION MORATO    ,1635      ,                ,  101,                    ,                              , 4,2,20190103 07:10:14,    0,         0,        32,  120,   20,  101,2,                ,0000000,2, 0,         0,    0,0000000000000000000000000000000000000000,0000000000000000000000010000000000000000,         0,         0,         0,         0,1, 0, 0, 0,A800                          ,   33,         0,1,20190103 07:09:42,                              , 9999, 9999, 9999, 9999,32767,     0,     0
 ED5.2,1785                          ,1335                          ,                    ,1949      ,                ,  101,                    ,                              , 3,0,20190103 07:14:48,    0,         0,        55,65535,65535, 9999,2,                ,0000000,0, 0,         0,    0,0000000000000000000000000000000000000000,0000000000000000000000000000000000000000,         0,         0,         0,         0,1, 0, 0, 0,7777                          ,    0,        55,0,20190103 07:13:53,1335                          ,  101, 9999,  101,  101,    0,     0,     0
 ED5.2,663134081741                  ,3287                          ,HILDEBRAND A ARI    ,1091      ,                ,  101,                    ,                              , 4,2,20190103 07:14:56,    0,         0,        46,10865,   82,  101,2,                ,0000000,2, 0,         0,    0,1000000000000000000000000000000000000000,0000000000000000000000010000000000000000,         0,         0,         0,         0,1, 0, 0, 0,A500                          ,   47,         0,0,20190103 07:14:10,                              , 9999, 9999, 9999, 9999,32767,     0,     0
 ED5.2,1254                          ,1455                          ,                    ,1952      ,                ,  101,                    ,                              ,14,0,20190103 07:15:31,    0,         0,         0,65535,65535, 9999,2,                ,0000000,0, 0,         0,    0,0000000000000000000000000000000000000000,0000000000000000000000000000000000000000,         0,         0,         0,         0,1, 0, 0, 0,1254                          ,    0,         0,0,20190103 07:15:31,1455                          ,  101, 9999,  101,  101,    0,     0,     0
 ED5.2,663004152139                  ,1543                          ,YENI PATRICI HOY    ,1952      ,                ,  101,                    ,                              , 4,2,20190103 07:16:50,    0,         0,        57,  120,   20,  101,2,                ,0000000,2, 1,         0,    0,0000000000000000000000000000000000000000,0000000000000000000000010000000000000000,         0,         0,         0,         0,1, 0, 0, 0,A800                          ,   57,         0,1,20190103 07:15:53,                              , 9999, 9999, 9999, 9999,32767,     0,     0
 ED5.2,663004152139                  ,FS020                         ,ETB                 ,          ,                ,  101,                    ,                              , 4,2,20190103 07:17:58,    0,         0,        59,  120,   20,  101,2,                ,0000000,2, 1,         0,    0,0000000000000000000000000000000000000000,0000000000000000000000010000000000000000,         0,         0,         0,         0,1, 0, 0, 0,A800                          ,   59,         0,0,20190103 07:16:59,                              , 9999, 9999, 9999, 9999,32767,     0,     0
 ED5.2,663174030171                  ,FS020                         ,ETB                 ,          ,                ,  101,                    ,                              , 4,2,20190103 07:18:35,    0,         0,         4,  121,   20,  101,2,                ,0000000,3, 0,         0,    0,0000000000000000000000000000000000000000,0000000000000000000000010000000000000000,         0,         0,         0,         0,1, 0, 0, 0,A800                          ,    4,         0,0,20190103 07:18:31,                              , 9999, 9999, 9999, 9999,32767,     0,     0
 ED5.2,663004152139                  ,FS020                         ,ETB                 ,          ,                ,  101,                    ,                              , 4,2,20190103 07:19:13,    0,         0,        47,  120,   20,  101,2,                ,0000000,2, 0,         0,    0,0000000000000000000000000000000000000000,0000000000000000000000010000000000000000,         0,         0,         0,         0,1, 0, 0, 0,A800                          ,   48,         0,1,20190103 07:18:26,                              , 9999, 9999, 9999, 9999,32767,     0,     0
 ED5.2,2752605                       ,1401                          ,FREDY ALEXAN URQ    ,1952      ,                ,  101,                    ,                              , 0,2,20190103 07:19:21,    0,         0,       184,10002,   11,  101,2,                ,0010000,2, 1,         0,    0,1000000000000000000000000000000000000000,0000000000000000000000010000000000001000,         0,         0,         0,         0,1, 0, 0, 0,2752605                       ,    0,         0,0,20190103 07:16:17,1401                          , 9999, 9999, 9999,  101,32767,     0,     0
 ED5.2,3723190                       ,3503                          ,IVETT PEREZ BO      ,4466      ,                ,  101,                    ,                              , 0,2,20190103 07:19:57,    0,         0,        27,  299,   62,  101,2,                ,0010000,2, 1,         0,    0,1000000000000000000000000000000000000000,0000000000000000000000010000000000001000,         0,         0,         0,         0,1, 0, 0, 0,3723190                       ,    0,         0,0,20190103 07:19:30,3503                          , 9999, 9999, 9999,  101,32767,     0,     0
 ED5.2,                              ,3600                          ,RECEPCION BARRAN    ,3675      ,                ,  101,                    ,                              , 4,1,20190103 07:21:45,    0,         0,      1816,   94,   91,  101,2,                ,0000000,0, 0,         0,    0,0000000000000000000000000000000000000000,0000000000000000000000010000000000000000,         0,         0,         0,         0,1, 0, 0, 0,                              , 1811,         6,1,20190103 06:51:29,                              , 9999, 9999, 9999, 9999,32767,     0,     0
 ED5.2,3124153453                    ,1600                          ,RECEPCION COUNTR    ,1635      ,                ,  101,                    ,                              , 0,2,20190103 07:22:36,    0,         0,        15,10349,   66,  101,2,                ,0010000,2, 1,         0,    0,1000000000000000000000000000000000000000,0000000000000000000000010000000000001000,         0,         0,         0,         0,1, 0, 0, 0,033124153453                  ,    0,         0,0,20190103 07:22:21,1600                          , 9999, 9999, 9999,  101,32767,     0,     0
 ED5.2,4925000                       ,FS020                         ,ETB                 ,          ,                ,  101,                    ,                              , 4,2,20190103 07:22:58,    0,         0,         6,  120,   20,  101,2,                ,0000000,3, 0,         0,    0,0000000000000000000000000000000000000000,0000000000000000000000010000000000000000,         0,         0,         0,         0,1, 0, 0, 0,A800                          ,    7,         0,0,20190103 07:22:52,                              , 9999, 9999, 9999, 9999,32767,     0,     0
 ED5.2,1472                          ,1736                          ,                    ,1635      ,                ,  101,                    ,                              ,14,0,20190103 07:23:11,    0,         0,        15,65535,65535, 9999,2,                ,0000000,0, 0,         0,    0,0000000000000000000000000000000000000000,0000000000000000000000000000000000000000,         0,         0,         0,         0,1, 0, 0, 0,1472                          ,    0,        15,0,20190103 07:22:56,1736                          ,  101, 9999,  101,  101,    0,     0,     0
 ED5.2,4854555                       ,3220                          ,RADICACION VALOR    ,1675      ,                ,  101,                    ,                              , 0,2,20190103 07:23:15,    0,         0,       443,10001,   11,  101,2,                ,0010000,2, 1,         0,    0,1000000000000000000000000000000000000000,0000000000000000000000010000000000001000,         0,         0,         0,         0,1, 0, 0, 0,4854555                       ,    0,         0,0,20190103 07:15:52,3220                          , 9999, 9999, 9999,  101,32767,     0,     0
 ED5.2,4925000                       ,1680                          ,CESAR AUGUST LIE    ,1425      ,                ,  101,                    ,                              , 4,2,20190103 07:24:10,    0,         0,        66,  120,   20,  101,2,                ,0000000,3, 0,         0,    0,0000000000000000000000000000000000000000,0000000000000000000000010000000000000000,         0,         0,         0,         0,1, 0, 0, 0,A800                          ,    7,        60,0,20190103 07:23:04,                              , 9999, 9999, 9999, 9999,32767,     0,     0
 ED5.2,3077004                       ,3217                          ,JOSE MARIA PENA     ,1675      ,                ,  101,                    ,                              , 0,2,20190103 07:28:36,    0,         0,        13,10003,   11,  101,2,                ,0010000,2, 1,         0,    0,1000000000000000000000000000000000000000,0000000000000000000000010000000000001000,         0,         0,         0,         0,1, 0, 0, 0,3077004                       ,    0,         0,0,20190103 07:28:23,3217                          , 9999, 9999, 9999,  101,32767,     0,     0
 ED5.2,4854555                       ,3220                          ,RADICACION VALOR    ,1675      ,                ,  101,                    ,                              , 0,2,20190103 07:29:14,    0,         0,       290,10001,   11,  101,2,                ,0010000,2, 1,         0,    0,1000000000000000000000000000000000000000,0000000000000000000000010000000000001000,         0,         0,         0,         0,1, 0, 0, 0,4854555                       ,    0,         0,0,20190103 07:24:24,3220                          , 9999, 9999, 9999,  101,32767,     0,     0
 ED5.2,3814500                       ,FS020                         ,ETB                 ,          ,                ,  101,                    ,                              , 4,2,20190103 07:29:15,    0,         0,         2,  120,   20,  101,2,                ,0000000,2, 0,         0,    0,0000000000000000000000000000000000000000,0000000000000000000000010000000000000000,         0,         0,         0,         0,1, 0, 0, 0,A800                          ,    3,         0,0,20190103 07:29:13,                              , 9999, 9999, 9999, 9999,32767,     0,     0
 ED5.2,3077004                       ,3217                          ,JOSE MARIA PENA     ,1675      ,                ,  101,                    ,                              , 0,2,20190103 07:29:18,    0,         0,        32,10003,   11,  101,2,                ,0010000,2, 1,         0,    0,1000000000000000000000000000000000000000,0000000000000000000000010000000000001000,         0,         0,         0,         0,1, 0, 0, 0,3077004                       ,    0,         0,0,20190103 07:28:46,3217                          , 9999, 9999, 9999,  101,32767,     0,     0
 ED5.2,1347                          ,1996                          ,                    ,1946      ,                ,  101,                    ,                              ,14,0,20190103 07:29:19,    0,         0,         0,65535,65535, 9999,2,                ,0000000,0, 0,         0,    0,0000000000000000000000000000000000000000,0000000000000000000000000000000000000000,         0,         0,         0,         0,1, 0, 0, 0,1347                          ,    0,         0,0,20190103 07:29:19,1996                          ,  101, 9999,  101,  101,    0,     0,     0
 ED5.2,3114684352                    ,3167                          ,RAFAEL EDUAR COR    ,1979      ,                ,  101,                    ,                              , 0,1,20190103 07:29:35,    0,         0,        88,  378,   21,  101,2,                ,0010000,0, 0,         0,    0,0000000000000000000000000000000000000000,0000000000000000000000010000000000001000,         0,         0,         0,         0,1, 0, 0, 0,033114684352                  ,    0,         0,0,20190103 07:28:07,3167                          , 9999, 9999, 9999,  101,32767,     0,     0
 ED5.2,1346                          ,1458                          ,                    ,1952      ,                ,  101,                    ,                              ,14,0,20190103 07:29:46,    0,         0,        70,65535,65535, 9999,2,                ,0000000,0, 0,         0,    0,0000000000000000000000000000000000000000,0000000000000000000000000000000000000000,         0,         0,         0,         0,1, 0, 0, 0,1346                          ,    0,        70,0,20190103 07:28:36,1458                          ,  101, 9999,  101,  101,    0,     0,     0
 ED5.2,3765460                       ,3104                          ,VIVIANA ANDR MAR    ,1979      ,                ,  101,                    ,                              , 0,2,20190103 07:29:50,    0,         0,       126,10002,   11,  101,2,                ,0010000,2, 1,         0,    0,1000000000000000000000000000000000000000,0000000000000000000000010000000000001000,         0,         0,         0,         0,1, 0, 0, 0,3765460                       ,    0,         0,0,20190103 07:27:44,3104                          , 9999, 9999, 9999,  101,32767,     0,     0
 ED5.2,7560657                       ,FS020                         ,ETB                 ,          ,                ,  101,                    ,                              , 4,2,20190103 07:30:12,    0,         0,         1,  120,   20,  101,2,                ,0000000,3, 0,         0,    0,0000000000000000000000000000000000000000,0000000000000000000000010000000000000000,         0,         0,         0,         0,1, 0, 0, 0,A800                          ,    2,         0,0,20190103 07:30:11,                              , 9999, 9999, 9999, 9999,32767,     0,     0
 ED5.2,3216929392                    ,3601                          ,RECEPCION BA VAL    ,3675      ,                ,  101,                    ,                              , 0,2,20190103 07:30:17,    0,         0,         0,10349,   66,  101,2,                ,0010000,2, 1,         0,    0,1000000000000000000000000000000000000000,0000000000000000000000010000000000001000,         0,         0,         0,         0,1, 0, 0, 0,033216929392                  ,    0,         0,0,20190103 07:30:17,3601                          , 9999, 9999, 9999,  101,32767,     0,     0
 ED5.2,88                            ,1996                          ,                    ,1946      ,                ,  101,                    ,                              ,14,0,20190103 07:30:22,    0,         0,        63,65535,65535, 9999,2,                ,0000000,0, 0,         0,    0,0000000000000000000000000000000000000000,0000000000000000000000000000000000000000,         0,         0,         0,         0,1, 0, 0, 0,1347                          ,    0,        63,1,20190103 07:29:19,1996                          ,  101, 9999,  101,  101,    0,     0,     0
 ED5.2,3216929392                    ,3601                          ,RECEPCION BA VAL    ,3675      ,                ,  101,                    ,                              , 0,2,20190103 07:30:27,    0,         0,         0,10349,   66,  101,2,                ,0010000,2, 1,         0,    0,1000000000000000000000000000000000000000,0000000000000000000000010000000000001000,         0,         0,         0,         0,1, 0, 0, 0,033216929392                  ,    0,         0,0,20190103 07:30:27,3601                          , 9999, 9999, 9999,  101,32767,     0,     0
 ED5.2,3618                          ,3601                          ,                    ,3675      ,                ,  101,                    ,                              ,14,0,20190103 07:31:32,    0,         0,         3,65535,65535, 9999,2,                ,0000000,0, 0,         0,    0,0000000000000000000000000000000000000000,0000000000000000000000000000000000000000,         0,         0,         0,         0,1, 0, 0, 0,3618                          ,    0,         3,0,20190103 07:31:29,3601                          ,  101, 9999,  101,  101,    0,     0,     0
 ED5.2,3216959392                    ,3601                          ,RECEPCION BA VAL    ,3675      ,                ,  101,                    ,                              , 0,2,20190103 07:31:32,    0,         0,        33,10349,   66,  101,2,                ,0010000,2, 1,         0,    0,1000000000000000000000000000000000000000,0000000000000000000000010000000000001000,         0,         0,         0,         0,1, 0, 0, 0,033216959392                  ,    0,         0,0,20190103 07:30:59,3601                          , 9999, 9999, 9999,  101,32767,     0,     0
 ED5.2,6069339                       ,FS020                         ,ETB                 ,          ,                ,  101,                    ,                              , 4,2,20190103 07:32:09,    0,         0,        11,  120,   20,  101,2,                ,0000000,2, 0,         0,    0,0000000000000000000000000000000000000000,0000000000000000000000010000000000000000,         0,         0,         0,         0,1, 0, 0, 0,A800                          ,   11,         0,0,20190103 07:31:58,                              , 9999, 9999, 9999, 9999,32767,     0,     0
 ED5.2,3876130                       ,2050                          ,YULIANA ANDR TEJ    ,4949      ,                ,  101,                    ,                              , 4,2,20190103 07:32:19,    0,         0,       146,  326,   65,  101,2,                ,0000000,3, 0,         0,    0,0000000000000000000000000000000000000000,0000000000000000000000010000000000000000,         0,         0,         0,         0,1, 0, 0, 0,A600                          ,   25,       121,0,20190103 07:29:53,                              , 9999, 9999, 9999, 9999,32767,     0,     0
 ED5.2,7560657                       ,FS020                         ,ETB                 ,          ,                ,  101,                    ,                              , 4,2,20190103 07:33:36,    0,         0,         2,  120,   20,  101,2,                ,0000000,3, 0,         0,    0,0000000000000000000000000000000000000000,0000000000000000000000010000000000000000,         0,         0,         0,         0,1, 0, 0, 0,A800                          ,    2,         0,0,20190103 07:33:34,                              , 9999, 9999, 9999, 9999,32767,     0,     0
 ED5.2,3216959392                    ,3618                          ,COCINA VALORES      ,3675      ,                ,  101,                    ,                              , 0,2,20190103 07:33:41,    0,         0,       129,10349,   66,  101,2,                ,0010000,2, 1,         0,    0,0000000000000000000000000000000000000000,0000000010000000000000010000000000001000,         0,         0,         0,         0,1, 0, 0, 0,033216959392                  ,   53,       129,0,20190103 07:31:32,3618                          , 9999, 9999, 9999,  101,32767,     0,     0
 ED5.2,7560657                       ,FS020                         ,ETB                 ,          ,                ,  101,                    ,                              , 4,2,20190103 07:33:53,    0,         0,         6,  120,   20,  101,2,                ,0000000,3, 0,         0,    0,0000000000000000000000000000000000000000,0000000000000000000000010000000000000000,         0,         0,         0,         0,1, 0, 0, 0,A800                          ,    6,         0,0,20190103 07:33:47,                              , 9999, 9999, 9999, 9999,32767,     0,     0
 ED5.2,3390                          ,3287                          ,                    ,1091      ,                ,  101,                    ,                              ,14,0,20190103 07:34:07,    0,         0,         0,65535,65535, 9999,2,                ,0000000,0, 0,         0,    0,0000000000000000000000000000000000000000,0000000000000000000000000000000000000000,         0,         0,         0,         0,1, 0, 0, 0,3390                          ,    0,         0,0,20190103 07:34:07,3287                          ,  101, 9999,  101,  101,    0,     0,     0
 ED5.2,1402                          ,1478                          ,                    ,1952      ,                ,  101,                    ,                              ,14,0,20190103 07:34:39,    0,         0,        10,65535,65535, 9999,2,                ,0000000,0, 0,         0,    0,0000000000000000000000000000000000000000,0000000000000000000000000000000000000000,         0,         0,         0,         0,1, 0, 0, 0,1402                          ,    0,        10,0,20190103 07:34:29,1478                          ,  101, 9999,  101,  101,    0,     0,     0
 ED5.2,072767731                     ,4005                          ,YULY ANDREA BARO    ,2952      ,                ,  101,                    ,                              , 4,2,20190103 07:35:33,    0,         0,       112,10445,   15,  101,2,                ,0000000,2, 0,         0,    0,0000000000000000000000000000000000000000,0000000000000000000000010000000000000000,         0,         0,         0,         0,1, 0, 0, 0,A800                          ,  112,         0,1,20190103 07:33:41,                              , 9999, 9999, 9999, 9999,32767,     0,     0
 ED5.2,3906768                       ,3220                          ,RADICACION VALOR    ,1675      ,                ,  101,                    ,                              , 0,2,20190103 07:35:53,    0,         0,        91,10001,   11,  101,2,                ,0010000,2, 1,         0,    0,1000000000000000000000000000000000000000,0000000000000000000000010000000000001000,         0,         0,         0,         0,1, 0, 0, 0,3906768                       ,    0,         0,0,20190103 07:34:22,3220                          , 9999, 9999, 9999,  101,32767,     0,     0
 ED5.2,3291                          ,1318                          ,                    ,1557      ,                ,  101,                    ,                              ,14,0,20190103 07:36:12,    0,         0,         0,65535,65535, 9999,2,                ,0000000,0, 0,         0,    0,0000000000000000000000000000000000000000,0000000000000000000000000000000000000000,         0,         0,         0,         0,1, 0, 0, 0,3291                          ,    0,         0,0,20190103 07:36:12,1318                          ,  101, 9999,  101,  101,    0,     0,     0
 ED5.2,88                            ,1318                          ,                    ,1557      ,                ,  101,                    ,                              ,14,0,20190103 07:36:13,    0,         0,         1,65535,65535, 9999,2,                ,0000000,0, 0,         0,    0,0000000000000000000000000000000000000000,0000000000000000000000000000000000000000,         0,         0,         0,         0,1, 0, 0, 0,3291                          ,    0,         1,1,20190103 07:36:12,1318                          ,  101, 9999,  101,  101,    0,     0,     0
 ED5.2,2010                          ,2045                          ,                    ,4949      ,                ,  101,                    ,                              ,14,0,20190103 07:36:56,    0,         0,        40,65535,65535, 9999,2,                ,0000000,0, 0,         0,    0,0000000000000000000000000000000000000000,0000000000000000000000000000000000000000,         0,         0,         0,         0,1, 0, 0, 0,2010                          ,    0,        40,0,20190103 07:36:16,2045                          ,  101, 9999,  101,  101,    0,     0,     0
 ED5.2,1775                          ,1159                          ,                    ,1952      ,                ,  101,                    ,                              , 3,0,20190103 07:37:00,    0,         0,        39,65535,65535, 9999,2,                ,0000000,0, 0,         0,    0,0000000000000000000000000000000000000000,0000000000000000000000000000000000000000,         0,         0,         0,         0,1, 0, 0, 0,7777                          ,    0,        39,0,20190103 07:36:21,1159                          ,  101, 9999,  101,  101,    0,     0,     0
 ED5.2,1857                          ,1340                          ,                    ,1635      ,                ,  101,                    ,                              ,14,0,20190103 07:37:06,    0,         0,        24,65535,65535, 9999,2,                ,0000000,0, 0,         0,    0,0000000000000000000000000000000000000000,0000000000000000000000000000000000000000,         0,         0,         0,         0,1, 0, 0, 0,1857                          ,    0,        24,0,20190103 07:36:42,1340                          ,  101, 9999,  101,  101,    0,     0,     0
 ED5.2,                              ,FS020                         ,ETB                 ,          ,                ,  101,                    ,                              , 4,2,20190103 07:38:25,    0,         0,         3,  120,   20,  101,2,                ,0000000,3, 0,         0,    0,0000000000000000000000000000000000000000,0000000000000000000000010000000000000000,         0,         0,         0,         0,1, 0, 0, 0,A800                          ,    4,         0,0,20190103 07:38:22,                              , 9999, 9999, 9999, 9999,32767,     0,     0
 ED5.2,3443                          ,1028                          ,                    ,1425      ,                ,  101,                    ,                              ,14,0,20190103 07:38:53,    0,         0,       277,65535,65535, 9999,2,                ,0000000,0, 0,         0,    0,0000000000000000000000000000000000000000,0000000000000000000000000000000000000000,         0,         0,         0,         0,1, 0, 0, 0,3443                          ,    0,       277,0,20190103 07:34:16,1028                          ,  101, 9999,  101,  101,    0,     0,     0
 ED5.2,1775                          ,1373                          ,                    ,1949      ,                ,  101,                    ,                              , 3,0,20190103 07:38:54,    0,         0,        79,65535,65535, 9999,2,                ,0000000,0, 0,         0,    0,0000000000000000000000000000000000000000,0000000000000000000000000000000000000000,         0,         0,         0,         0,1, 0, 0, 0,7777                          ,    0,        79,0,20190103 07:37:35,1373                          ,  101, 9999,  101,  101,    0,     0,     0
 ED5.2,2053                          ,2010                          ,                    ,4843      ,                ,  101,                    ,                              ,14,0,20190103 07:38:55,    0,         0,         0,65535,65535, 9999,2,                ,0000000,0, 0,         0,    0,0000000000000000000000000000000000000000,0000000000000000000000000000000000000000,         0,         0,         0,         0,1, 0, 0, 0,2053                          ,    0,         0,0,20190103 07:38:55,2010                          ,  101, 9999,  101,  101,    0,     0,     0
 ED5.2,1785                          ,1151                          ,                    ,1952      ,                ,  101,                    ,                              , 3,0,20190103 07:39:03,    0,         0,        57,65535,65535, 9999,2,                ,0000000,0, 0,         0,    0,0000000000000000000000000000000000000000,0000000000000000000000000000000000000000,         0,         0,         0,         0,1, 0, 0, 0,7777                          ,    0,        57,0,20190103 07:38:06,1151                          ,  101, 9999,  101,  101,    0,     0,     0
 ED5.2,46                            ,3226                          ,                    ,1091      ,                ,  101,                    ,                              ,14,0,20190103 07:39:04,    0,         0,         0,65535,65535, 9999,2,                ,0000000,0, 0,         0,    0,0000000000000000000000000000000000000000,0000000000000000000000000000000000000000,         0,         0,         0,         0,1, 0, 0, 0,46                            ,    0,         0,0,20190103 07:39:04,3226                          , 9999, 9999, 9999,  101,    0,     0,     0
 ED5.2,7784754                       ,1134                          ,LINA MARCELA MAN    ,1949      ,                ,  101,                    ,                              , 0,2,20190103 07:39:12,    0,         0,        58,10001,   11,  101,2,                ,0010000,2, 1,         0,    0,1000000000000000000000000000000000000000,0000000000000000000000010000000000001000,         0,         0,         0,         0,1, 0, 0, 0,7784754                       ,    0,         0,0,20190103 07:38:14,1134                          , 9999, 9999, 9999,  101,32767,     0,     0
 ED5.2,3503                          ,2045                          ,                    ,4949      ,                ,  101,                    ,                              ,14,0,20190103 07:39:47,    0,         0,        47,65535,65535, 9999,2,                ,0000000,0, 0,         0,    0,0000000000000000000000000000000000000000,0000000000000000000000000000000000000000,         0,         0,         0,         0,1, 0, 0, 0,3503                          ,    0,        47,0,20190103 07:39:00,2045                          ,  101, 9999,  101,  101,    0,     0,     0
 ED5.2,2020                          ,2010                          ,                    ,4843      ,                ,  101,                    ,                              ,14,0,20190103 07:40:42,    0,         0,         9,65535,65535, 9999,2,                ,0000000,0, 0,         0,    0,0000000000000000000000000000000000000000,0000000000000000000000000000000000000000,         0,         0,         0,         0,1, 0, 0, 0,2020                          ,    0,         9,0,20190103 07:40:33,2010                          ,  101, 9999,  101,  101,    0,     0,     0
 ED5.2,3048808                       ,1394                          ,CLARA YANETH MAN    ,1638      ,                ,  101,                    ,                              , 0,2,20190103 07:41:00,    0,         0,         0,10001,   11,  101,2,                ,0010000,2, 1,         0,    0,1000000000000000000000000000000000000000,0000000000000000000000010000000000001000,         0,         0,         0,         0,1, 0, 0, 0,3048808                       ,    0,         0,0,20190103 07:41:00,1394                          , 9999, 9999, 9999,  101,32767,     0,     0
 ED5.2,3298240                       ,FS020                         ,ETB                 ,          ,                ,  101,                    ,                              , 4,2,20190103 07:41:07,    0,         0,        25,  120,   20,  101,2,                ,0000000,3, 0,         0,    0,0000000000000000000000000000000000000000,0000000000000000000000010000000000000000,         0,         0,         0,         0,1, 0, 0, 0,A800                          ,   25,         0,0,20190103 07:40:42,                              , 9999, 9999, 9999, 9999,32767,     0,     0
 ED5.2,3291                          ,1318                          ,                    ,1557      ,                ,  101,                    ,                              ,14,0,20190103 07:42:55,    0,         0,         0,65535,65535, 9999,2,                ,0000000,0, 0,         0,    0,0000000000000000000000000000000000000000,0000000000000000000000000000000000000000,         0,         0,         0,         0,1, 0, 0, 0,3291                          ,    0,         0,0,20190103 07:42:55,1318                          ,  101, 9999,  101,  101,    0,     0,     0
 ED5.2,88                            ,1318                          ,                    ,1557      ,                ,  101,                    ,                              ,14,0,20190103 07:42:57,    0,         0,         2,65535,65535, 9999,2,                ,0000000,0, 0,         0,    0,0000000000000000000000000000000000000000,0000000000000000000000000000000000000000,         0,         0,         0,         0,1, 0, 0, 0,3291                          ,    0,         2,1,20190103 07:42:55,1318                          ,  101, 9999,  101,  101,    0,     0,     0
 ED5.2,4639923                       ,1394                          ,CLARA YANETH MAN    ,1638      ,                ,  101,                    ,                              , 0,2,20190103 07:42:57,    0,         0,        97,10002,   11,  101,2,                ,0010000,2, 1,         0,    0,1000000000000000000000000000000000000000,0000000000000000000000010000000000001000,         0,         0,         0,         0,1, 0, 0, 0,4639923                       ,    0,         0,0,20190103 07:41:20,1394                          , 9999, 9999, 9999,  101,32767,     0,     0
 ED5.2,3612                          ,3618                          ,                    ,3675      ,                ,  101,                    ,                              ,14,0,20190103 07:43:07,    0,         0,         0,65535,65535, 9999,2,                ,0000000,0, 0,         0,    0,0000000000000000000000000000000000000000,0000000000000000000000000000000000000000,         0,         0,         0,         0,1, 0, 0, 0,3612                          ,    0,         0,0,20190103 07:43:07,3618                          ,  101, 9999,  101,  101,    0,     0,     0
 ED5.2,1775                          ,3503                          ,                    ,4466      ,                ,  101,                    ,                              , 3,0,20190103 07:43:58,    0,         0,       164,65535,65535, 9999,2,                ,0000000,0, 0,         0,    0,0000000000000000000000000000000000000000,0000000000000000000000000000000000000000,         0,         0,         0,         0,1, 0, 0, 0,7777                          ,    0,       164,0,20190103 07:41:14,3503                          ,  101, 9999,  101,  101,    0,     0,     0
 ED5.2,                              ,FS020                         ,ETB                 ,          ,                ,  101,                    ,                              , 4,2,20190103 07:44:07,    0,         0,         4,  121,   20,  101,2,                ,0000000,3, 0,         0,    0,0000000000000000000000000000000000000000,0000000000000000000000010000000000000000,         0,         0,         0,         0,1, 0, 0, 0,A800                          ,    4,         0,0,20190103 07:44:03,                              , 9999, 9999, 9999, 9999,32767,     0,     0
 ED5.2,3325                          ,1598                          ,                    ,1635      ,                ,  101,                    ,                              ,14,0,20190103 07:44:20,    0,         0,       126,65535,65535, 9999,2,                ,0000000,0, 0,         0,    0,0000000000000000000000000000000000000000,0000000000000000000000000000000000000000,         0,         0,         0,         0,1, 0, 0, 0,3325                          ,    0,       126,0,20190103 07:42:14,1598                          ,  101, 9999,  101,  101,    0,     0,     0
 ED5.2,1000                          ,1216                          ,                    ,1952      ,                ,  101,                    ,                              ,14,0,20190103 07:45:05,    0,         0,        82,65535,65535, 9999,2,                ,0000000,0, 0,         0,    0,0000000000000000000000000000000000000000,0000000000000000000000000000000000000000,         0,         0,         0,         0,1, 0, 0, 0,1000                          ,    0,        82,0,20190103 07:43:43,1216                          ,  101, 9999,  101,  101,    0,     0,     0
 ED5.2,2045                          ,3503                          ,                    ,4466      ,                ,  101,                    ,                              ,14,0,20190103 07:45:39,    0,         0,        40,65535,65535, 9999,2,                ,0000000,0, 0,         0,    0,0000000000000000000000000000000000000000,0000000000000000000000000000000000000000,         0,         0,         0,         0,1, 0, 0, 0,2017                          ,    0,        40,1,20190103 07:44:59,3503                          ,  101, 9999,  101,  101,    0,     0,     0
 ED5.2,1249                          ,1399                          ,                    ,1355      ,                ,  101,                    ,                              ,14,0,20190103 07:46:08,    0,         0,         0,65535,65535, 9999,2,                ,0000000,0, 0,         0,    0,0000000000000000000000000000000000000000,0000000000000000000000000000000000000000,         0,         0,         0,         0,1, 0, 0, 0,1249                          ,    0,         0,0,20190103 07:46:08,1399                          ,  101, 9999,  101,  101,    0,     0,     0
 ED5.2,3217                          ,1340                          ,                    ,1635      ,                ,  101,                    ,                              ,14,0,20190103 07:46:38,    0,         0,        11,65535,65535, 9999,2,                ,0000000,0, 0,         0,    0,0000000000000000000000000000000000000000,0000000000000000000000000000000000000000,         0,         0,         0,         0,1, 0, 0, 0,3217                          ,    0,        11,0,20190103 07:46:27,1340                          ,  101, 9999,  101,  101,    0,     0,     0
 ED5.2,1860                          ,1249                          ,                    ,1355      ,                ,  101,                    ,                              ,14,0,20190103 07:46:53,    0,         0,         0,65535,65535, 9999,2,                ,0000000,0, 0,         0,    0,0000000000000000000000000000000000000000,0000000000000000000000000000000000000000,         0,         0,         0,         0,1, 0, 0, 0,1860                          ,    0,         0,0,20190103 07:46:53,1249                          ,  101, 9999,  101,  101,    0,     0,     0
 ED5.2,1860                          ,1249                          ,                    ,1355      ,                ,  101,                    ,                              ,14,0,20190103 07:47:06,    0,         0,         0,65535,65535, 9999,2,                ,0000000,0, 0,         0,    0,0000000000000000000000000000000000000000,0000000000000000000000000000000000000000,         0,         0,         0,         0,1, 0, 0, 0,1860                          ,    0,         0,0,20190103 07:47:06,1249                          ,  101, 9999,  101,  101,    0,     0,     0
 ED5.2,88                            ,1249                          ,                    ,1355      ,                ,  101,                    ,                              ,14,0,20190103 07:47:08,    0,         0,         2,65535,65535, 9999,2,                ,0000000,0, 0,         0,    0,0000000000000000000000000000000000000000,0000000000000000000000000000000000000000,         0,         0,         0,         0,1, 0, 0, 0,1860                          ,    0,         2,1,20190103 07:47:06,1249                          ,  101, 9999,  101,  101,    0,     0,     0
 ED5.2,4046003                       ,1834                          ,CRISTHINA SANCHE    ,1949      ,                ,  101,                    ,                              , 0,2,20190103 07:47:25,    0,         0,        85,10002,   11,  101,2,                ,0010000,2, 1,         0,    0,1000000000000000000000000000000000000000,0000000000000000000000010000000000001000,         0,         0,         0,         0,1, 0, 0, 0,4046003                       ,    0,         0,0,20190103 07:46:00,1834                          , 9999, 9999, 9999,  101,32767,     0,     0
 ED5.2,88                            ,1860                          ,                    ,1355      ,                ,  101,                    ,                              ,14,0,20190103 07:47:30,    0,         0,         9,65535,65535, 9999,2,                ,0000000,0, 0,         0,    0,0000000000000000000000000000000000000000,0000000000000000000000000000000000000000,         0,         0,         0,         0,1, 0, 0, 0,88                            ,    0,         9,0,20190103 07:47:21,1860                          ,  101, 9999,  101,  101,    0,     0,     0
 ED5.2,1399                          ,1249                          ,                    ,1355      ,                ,  101,                    ,                              ,14,0,20190103 07:48:06,    0,         0,         0,65535,65535, 9999,2,                ,0000000,0, 0,         0,    0,0000000000000000000000000000000000000000,0000000000000000000000000000000000000000,         0,         0,         0,         0,1, 0, 0, 0,1860                          ,    0,         0,1,20190103 07:48:06,1249                          ,  101, 9999,  101,  101,    0,     0,     0
 ED5.2,7451499                       ,FS082                         ,SIPsalida           ,          ,                ,  101,                    ,                              , 4,2,20190103 07:48:07,    0,         0,        12,10867,   82,  101,2,                ,0000000,2, 0,         0,    0,1000000000000000000000000000000000000000,0000000000000000000000010000000000000000,         0,         0,         0,         0,1, 0, 0, 0,A500                          ,   12,         0,0,20190103 07:47:55,                              , 9999, 9999, 9999, 9999,32767,     0,     0
 ED5.2,1159                          ,1486                          ,                    ,1952      ,                ,  101,                    ,                              ,14,0,20190103 07:49:02,    0,         0,         0,65535,65535, 9999,2,                ,0000000,0, 0,         0,    0,0000000000000000000000000000000000000000,0000000000000000000000000000000000000000,         0,         0,         0,         0,1, 0, 0, 0,1159                          ,    0,         0,0,20190103 07:49:02,1486                          ,  101, 9999,  101,  101,    0,     0,     0
 ED5.2,3298240                       ,1785                          ,MESA DE AYUD        ,1945      ,                ,  101,                    ,                              , 4,2,20190103 07:49:12,    0,         0,       475,  120,   20,  101,2,                ,0000000,3, 0,         0,    0,0000000000000000000000000000000000000000,0000000000000000000000010000000000000000,         0,         0,         0,         0,1, 0, 0, 0,A800                          ,   22,       453,1,20190103 07:41:17,                              , 9999, 9999, 9999, 9999,32767,     0,     0
 ED5.2,7961331                       ,1837                          ,YENIFER RENGIFO     ,1949      ,                ,  101,                    ,                              , 0,2,20190103 07:49:13,    0,         0,        91,10003,   11,  101,2,                ,0010000,2, 1,         0,    0,1000000000000000000000000000000000000000,0000000000000000000000010000000000001000,         0,         0,         0,         0,1, 0, 0, 0,7961331                       ,    0,         0,0,20190103 07:47:42,1837                          , 9999, 9999, 9999,  101,32767,     0,     0
 ED5.2,7961331                       ,1837                          ,YENIFER RENGIFO     ,1949      ,                ,  101,                    ,                              , 0,2,20190103 07:49:21,    0,         0,         0,10003,   11,  101,2,                ,0010000,2, 1,         0,    0,1000000000000000000000000000000000000000,0000000000000000000000010000000000001000,         0,         0,         0,         0,1, 0, 0, 0,7961331                       ,    0,         0,0,20190103 07:49:21,1837                          , 9999, 9999, 9999,  101,32767,     0,     0
 ED5.2,3390                          ,3287                          ,                    ,1091      ,                ,  101,                    ,                              ,14,0,20190103 07:49:38,    0,         0,        33,65535,65535, 9999,2,                ,0000000,0, 0,         0,    0,0000000000000000000000000000000000000000,0000000000000000000000000000000000000000,         0,         0,         0,         0,1, 0, 0, 0,3390                          ,    0,        33,0,20190103 07:49:05,3287                          ,  101, 9999,  101,  101,    0,     0,     0
 ED5.2,2091                          ,2026                          ,                    ,4952      ,                ,  101,                    ,                              ,14,0,20190103 07:49:40,    0,         0,       163,65535,65535, 9999,2,                ,0000000,0, 0,         0,    0,0000000000000000000000000000000000000000,0000000000000000000000000000000000000000,         0,         0,         0,         0,1, 0, 0, 0,2091                          ,    0,       163,0,20190103 07:46:57,2026                          ,  101, 9999,  101,  101,    0,     0,     0
 ED5.2,1159                          ,1486                          ,                    ,1952      ,                ,  101,                    ,                              ,14,0,20190103 07:49:40,    0,         0,        33,65535,65535, 9999,2,                ,0000000,0, 0,         0,    0,0000000000000000000000000000000000000000,0000000000000000000000000000000000000000,         0,         0,         0,         0,1, 0, 0, 0,1159                          ,    0,        33,0,20190103 07:49:07,1486                          ,  101, 9999,  101,  101,    0,     0,     0
 ED5.2,88                            ,4051                          ,                    ,2635      ,                ,  101,                    ,                              ,14,0,20190103 07:49:57,    0,         0,         1,65535,65535, 9999,2,                ,0000000,0, 0,         0,    0,0000000000000000000000000000000000000000,0000000000000000000000000000000000000000,         0,         0,         0,         0,1, 0, 0, 0,88                            ,    0,         1,0,20190103 07:49:56,4051                          ,  101, 9999,  101,  101,    0,     0,     0
 ED5.2,7953840                       ,FS020                         ,ETB                 ,          ,                ,  101,                    ,                              , 4,2,20190103 07:50:06,    0,         0,        42,  121,   20,  101,2,                ,0000000,3, 0,         0,    0,0000000000000000000000000000000000000000,0000000000000000000000010000000000000000,         0,         0,         0,         0,1, 0, 0, 0,A800                          ,   43,         0,1,20190103 07:49:24,                              , 9999, 9999, 9999, 9999,32767,     0,     0
 ED5.2,4441234                       ,1161                          ,KATERINE GUARNIZ    ,1110      ,                ,  101,                    ,                              , 0,2,20190103 07:50:44,    0,         0,       174,10004,   11,  101,2,                ,0010000,2, 1,         0,    0,1000000000000000000000000000000000000000,0000000000000000000000010000000000001000,         0,         0,         0,         0,1, 0, 0, 0,4441234                       ,    0,         0,0,20190103 07:47:50,1161                          , 9999, 9999, 9999,  101,32767,     0,     0
 ED5.2,2031                          ,2039                          ,                    ,4952      ,                ,  101,                    ,                              ,14,0,20190103 07:50:45,    0,         0,        27,65535,65535, 9999,2,                ,0000000,0, 0,         0,    0,0000000000000000000000000000000000000000,0000000000000000000000000000000000000000,         0,         0,         0,         0,1, 0, 0, 0,2031                          ,    0,        27,0,20190103 07:50:18,2039                          ,  101, 9999,  101,  101,    0,     0,     0
 ED5.2,7447744                       ,1145                          ,BIBIANA RODRIGUE    ,1949      ,                ,  101,                    ,                              , 0,2,20190103 07:50:54,    0,         0,       590,10001,   11,  101,2,                ,0010000,2, 1,         0,    0,1000000000000000000000000000000000000000,0000000000000000000000010000000000001000,         0,         0,         0,         0,1, 0, 0, 0,7447744                       ,    0,         0,0,20190103 07:41:04,1145                          , 9999, 9999, 9999,  101,32767,     0,     0
 ED5.2,663165229160                  ,FS020                         ,ETB                 ,          ,                ,  101,                    ,                              , 4,2,20190103 07:51:07,    0,         0,         4,  122,   20,  101,2,                ,0000000,3, 0,         0,    0,0000000000000000000000000000000000000000,0000000000000000000000010000000000000000,         0,         0,         0,         0,1, 0, 0, 0,A800                          ,    4,         0,0,20190103 07:51:03,                              , 9999, 9999, 9999, 9999,32767,     0,     0
 ED5.2,3618                          ,3617                          ,                    ,3979      ,                ,  101,                    ,                              ,14,0,20190103 07:51:11,    0,         0,        33,65535,65535, 9999,2,                ,0000000,0, 0,         0,    0,0000000000000000000000000000000000000000,0000000000000000000000000000000000000000,         0,         0,         0,         0,1, 0, 0, 0,3618                          ,    0,        33,0,20190103 07:50:38,3617                          ,  101, 9999,  101,  101,    0,     0,     0
 ED5.2,3287                          ,3812                          ,                    ,1635      ,                ,  101,                    ,                              ,14,0,20190103 07:51:24,    0,         0,        94,65535,65535, 9999,2,                ,0000000,0, 0,         0,    0,0000000000000000000000000000000000000000,0000000000000000000000000000000000000000,         0,         0,         0,         0,1, 0, 0, 0,3287                          ,    0,        94,0,20190103 07:49:50,3812                          ,  101, 9999,  101,  101,    0,     0,     0
 ED5.2,1775                          ,1373                          ,                    ,1949      ,                ,  101,                    ,                              , 3,0,20190103 07:51:47,    0,         0,       205,65535,65535, 9999,2,                ,0000000,0, 0,         0,    0,0000000000000000000000000000000000000000,0000000000000000000000000000000000000000,         0,         0,         0,         0,1, 0, 0, 0,7777                          ,    0,       205,0,20190103 07:48:22,1373                          ,  101, 9999,  101,  101,    0,     0,     0
 ED5.2,7961331                       ,1837                          ,YENIFER RENGIFO     ,1949      ,                ,  101,                    ,                              , 0,2,20190103 07:51:49,    0,         0,       140,  120,   20,  101,2,                ,0010000,2, 1,         0,    0,1000000000000000000000000000000000000000,0000000000000000000000010000000000001000,         0,         0,         0,         0,1, 0, 0, 0,7961331                       ,    0,         0,0,20190103 07:49:29,1837                          , 9999, 9999, 9999,  101,32767,     0,     0
 ED5.2,7953840                       ,1023                          ,NESTOR AUGUS REY    ,1952      ,                ,  101,                    ,                              , 4,2,20190103 07:51:56,    0,         0,       105,  121,   20,  101,2,                ,0000000,3, 0,         0,    0,0000000000000000000000000000000000000000,0000000000000000000000010000000000000000,         0,         0,         0,         0,1, 0, 0, 0,A800                          ,  105,         0,1,20190103 07:50:11,                              , 9999, 9999, 9999, 9999,32767,     0,     0
 ED5.2,3318                          ,3358                          ,                    ,1091      ,                ,  101,                    ,                              ,14,0,20190103 07:52:11,    0,         0,       576,65535,65535, 9999,2,                ,0000000,0, 0,         0,    0,0000000000000000000000000000000000000000,0000000000000000000000000000000000000000,         0,         0,         0,         0,1, 0, 0, 0,3318                          ,    0,       576,0,20190103 07:42:35,3358                          ,  101, 9999,  101,  101,    0,     0,     0
 ED5.2,1297                          ,3261                          ,                    ,1318      ,                ,  101,                    ,                              ,14,0,20190103 07:52:25,    0,         0,         0,65535,65535, 9999,2,                ,0000000,0, 0,         0,    0,0000000000000000000000000000000000000000,0000000000000000000000000000000000000000,         0,         0,         0,         0,1, 0, 0, 0,1297                          ,    0,         0,0,20190103 07:52:25,3261                          ,  101, 9999,  101,  101,    0,     0,     0
 ED5.2,1297                          ,3261                          ,                    ,1318      ,                ,  101,                    ,                              ,14,0,20190103 07:52:38,    0,         0,         0,65535,65535, 9999,2,                ,0000000,0, 0,         0,    0,0000000000000000000000000000000000000000,0000000000000000000000000000000000000000,         0,         0,         0,         0,1, 0, 0, 0,1297                          ,    0,         0,0,20190103 07:52:38,3261                          ,  101, 9999,  101,  101,    0,     0,     0
 ED5.2,1495                          ,1492                          ,                    ,1952      ,                ,  101,                    ,                              ,14,0,20190103 07:52:44,    0,         0,        22,65535,65535, 9999,2,                ,0000000,0, 0,         0,    0,0000000000000000000000000000000000000000,0000000000000000000000000000000000000000,         0,         0,         0,         0,1, 0, 0, 0,1495                          ,    0,        22,0,20190103 07:52:22,1492                          ,  101, 9999,  101,  101,    0,     0,     0
 ED5.2,1249                          ,1399                          ,                    ,1355      ,                ,  101,                    ,                              ,14,0,20190103 07:52:45,    0,         0,         0,65535,65535, 9999,2,                ,0000000,0, 0,         0,    0,0000000000000000000000000000000000000000,0000000000000000000000000000000000000000,         0,         0,         0,         0,1, 0, 0, 0,1249                          ,    0,         0,0,20190103 07:52:45,1399                          ,  101, 9999,  101,  101,    0,     0,     0
 ED5.2,1200                          ,1674                          ,                    ,1633      ,                ,  101,                    ,                              ,14,0,20190103 07:52:56,    0,         0,         0,65535,65535, 9999,2,                ,0000000,0, 0,         0,    0,0000000000000000000000000000000000000000,0000000000000000000000000000000000000000,         0,         0,         0,         0,1, 0, 0, 0,1200                          ,    0,         0,0,20190103 07:52:56,1674                          ,  101, 9999,  101,  101,    0,     0,     0
 ED5.2,1120                          ,1674                          ,                    ,1633      ,                ,  101,                    ,                              ,14,0,20190103 07:52:59,    0,         0,         0,65535,65535, 9999,2,                ,0000000,0, 0,         0,    0,0000000000000000000000000000000000000000,0000000000000000000000000000000000000000,         0,         0,         0,         0,1, 0, 0, 0,1200                          ,    0,         0,1,20190103 07:52:59,1674                          ,  101, 9999,  101,  101,    0,     0,     0
 ED5.2,1513                          ,3318                          ,                    ,1981      ,                ,  101,                    ,                              ,14,0,20190103 07:53:02,    0,         0,         0,65535,65535, 9999,2,                ,0000000,0, 0,         0,    0,0000000000000000000000000000000000000000,0000000000000000000000000000000000000000,         0,         0,         0,         0,1, 0, 0, 0,1513                          ,    0,         0,0,20190103 07:53:02,3318                          ,  101, 9999,  101,  101,    0,     0,     0
 ED5.2,1570                          ,1733                          ,                    ,1945      ,                ,  101,                    ,                              ,14,0,20190103 07:53:08,    0,         0,         0,65535,65535, 9999,2,                ,0000000,0, 0,         0,    0,0000000000000000000000000000000000000000,0000000000000000000000000000000000000000,         0,         0,         0,         0,1, 0, 0, 0,1570                          ,    0,         0,0,20190103 07:53:08,1733                          ,  101, 9999,  101,  101,    0,     0,     0
 ED5.2,6167788                       ,1463                          ,KELLY ANDREA FAN    ,1112      ,                ,  101,                    ,                              , 0,2,20190103 07:53:11,    0,         0,        70,10001,   11,  101,2,                ,0010000,2, 1,         0,    0,1000000000000000000000000000000000000000,0000000000000000000000010000000000001000,         0,         0,         0,         0,1, 0, 0, 0,6167788                       ,    0,         0,0,20190103 07:52:01,1463                          , 9999, 9999, 9999,  101,32767,     0,     0
 ED5.2,663103897704                  ,4020                          ,MARISOL BETANCUR    ,2952      ,                ,  101,                    ,                              , 4,2,20190103 07:53:21,    0,         0,        90,10445,   15,  101,2,                ,0000000,2, 0,         0,    0,0000000000000000000000000000000000000000,0000000000000000000000010000000000000000,         0,         0,         0,         0,1, 0, 0, 0,A800                          ,   90,         0,1,20190103 07:51:51,                              , 9999, 9999, 9999, 9999,32767,     0,     0
 ED5.2,1340                          ,1857                          ,                    ,1154      ,                ,  101,                    ,                              ,14,0,20190103 07:53:21,    0,         0,        38,65535,65535, 9999,2,                ,0000000,0, 0,         0,    0,0000000000000000000000000000000000000000,0000000000000000000000000000000000000000,         0,         0,         0,         0,1, 0, 0, 0,1340                          ,    0,        38,0,20190103 07:52:43,1857                          ,  101, 9999,  101,  101,    0,     0,     0
 ED5.2,1251                          ,3131                          ,                    ,1091      ,                ,  101,                    ,                              ,14,0,20190103 07:53:23,    0,         0,         0,65535,65535, 9999,2,                ,0000000,0, 0,         0,    0,0000000000000000000000000000000000000000,0000000000000000000000000000000000000000,         0,         0,         0,         0,1, 0, 0, 0,1251                          ,    0,         0,0,20190103 07:53:23,3131                          ,  101, 9999,  101,  101,    0,     0,     0
 ED5.2,7777                          ,1026                          ,                    ,1638      ,                ,  101,                    ,                              , 3,0,20190103 07:53:44,    0,         0,         0,65535,65535, 9999,2,                ,0000000,0, 0,         0,    0,0000000000000000000000000000000000000000,0000000000000000000000000000000000000000,         0,         0,         0,         0,1, 0, 0, 0,7777                          ,    0,         0,0,20190103 07:53:44,1026                          ,  101, 9999,  101,  101,    0,     0,     0
 ED5.2,3390                          ,3131                          ,                    ,1091      ,                ,  101,                    ,                              ,14,0,20190103 07:53:56,    0,         0,         0,65535,65535, 9999,2,                ,0000000,0, 0,         0,    0,0000000000000000000000000000000000000000,0000000000000000000000000000000000000000,         0,         0,         0,         0,1, 0, 0, 0,3390                          ,    0,         0,0,20190103 07:53:56,3131                          ,  101, 9999,  101,  101,    0,     0,     0
 ED5.2,5570246                       ,4020                          ,MARISOL BETANCUR    ,2952      ,                ,  101,                    ,                              , 4,2,20190103 07:53:59,    0,         0,        95,10446,   15,  101,2,                ,0000000,2, 0,         0,    0,0000000000000000000000000000000000000000,0000000000000000000000010000000000000000,         0,         0,         0,         0,1, 0, 0, 0,A800                          ,   96,         0,1,20190103 07:52:24,                              , 9999, 9999, 9999, 9999,32767,     0,     0
 ED5.2,------------------------------,******************************,                    ,**********,                ,  101,                    ,******************************, 4,2,20190103 07:54:11,    0,         0,        33,10445,   15,  101,2,                ,0000000,2, 0,         0,    0,0000000000000000000000000000000000000000,0000000000000000000000010000000000000000,         0,         0,         0,         0,1, 0, 0, 0,------------------------------,   29,         4,1,20190103 07:53:38,******************************, 9999, 9999, 9999, 9999,32767,     0,     0
 ED5.2,1275                          ,1528                          ,                    ,1952      ,                ,  101,                    ,                              ,14,0,20190103 07:54:11,    0,         0,         0,65535,65535, 9999,2,                ,0000000,0, 0,         0,    0,0000000000000000000000000000000000000000,0000000000000000000000000000000000000000,         0,         0,         0,         0,1, 0, 0, 0,1275                          ,    0,         0,0,20190103 07:54:11,1528                          ,  101, 9999,  101,  101,    0,     0,     0
 ED5.2,1775                          ,1486                          ,                    ,1952      ,                ,  101,                    ,                              , 3,0,20190103 07:54:16,    0,         0,       140,65535,65535, 9999,2,                ,0000000,0, 0,         0,    0,0000000000000000000000000000000000000000,0000000000000000000000000000000000000000,         0,         0,         0,         0,1, 0, 0, 0,7777                          ,    0,       140,0,20190103 07:51:56,1486                          ,  101, 9999,  101,  101,    0,     0,     0
 ED5.2,7440140                       ,1836                          ,CINDY YULIET HER    ,1983      ,                ,  101,                    ,                              , 4,2,20190103 07:54:36,    0,         0,       194,10869,   82,  101,2,                ,0000000,2, 0,         0,    0,1000000000000000000000000000000000000000,0000000000000000000000010000000000000000,         0,         0,         0,         0,1, 0, 0, 0,A500                          ,    8,       186,0,20190103 07:51:22,                              , 9999, 9999, 9999, 9999,32767,     0,     0
 ED5.2,5114                          ,3618                          ,                    ,3675      ,                ,  101,                    ,                              ,14,0,20190103 07:54:46,    0,         0,        23,65535,65535, 9999,2,                ,0000000,0, 0,         0,    0,0000000000000000000000000000000000000000,0000000000000000000000000000000000000000,         0,         0,         0,         0,1, 0, 0, 0,5114                          ,    0,        23,0,20190103 07:54:23,3618                          ,  101, 9999,  101,  101,    0,     0,     0
 ED5.2,1862                          ,1857                          ,                    ,1154      ,                ,  101,                    ,                              ,14,0,20190103 07:54:47,    0,         0,        78,65535,65535, 9999,2,                ,0000000,0, 0,         0,    0,0000000000000000000000000000000000000000,0000000000000000000000000000000000000000,         0,         0,         0,         0,1, 0, 0, 0,1862                          ,    0,        78,0,20190103 07:53:29,1857                          ,  101, 9999,  101,  101,    0,     0,     0
 ED5.2,1322                          ,1211                          ,                    ,1952      ,                ,  101,                    ,                              ,14,0,20190103 07:54:51,    0,         0,       330,65535,65535, 9999,2,                ,0000000,0, 0,         0,    0,0000000000000000000000000000000000000000,0000000000000000000000000000000000000000,         0,         0,         0,         0,1, 0, 0, 0,1322                          ,    0,       330,0,20190103 07:49:21,1211                          ,  101, 9999,  101,  101,    0,     0,     0
 ED5.2,1429                          ,1456                          ,                    ,1952      ,                ,  101,                    ,                              ,14,0,20190103 07:54:53,    0,         0,         0,65535,65535, 9999,2,                ,0000000,0, 0,         0,    0,0000000000000000000000000000000000000000,0000000000000000000000000000000000000000,         0,         0,         0,         0,1, 0, 0, 0,1450                          ,    0,         0,1,20190103 07:54:53,1456                          ,  101, 9999,  101,  101,    0,     0,     0
 ED5.2,1775                          ,1373                          ,                    ,1949      ,                ,  101,                    ,                              , 3,0,20190103 07:55:01,    0,         0,        39,65535,65535, 9999,2,                ,0000000,0, 0,         0,    0,0000000000000000000000000000000000000000,0000000000000000000000000000000000000000,         0,         0,         0,         0,1, 0, 0, 0,7777                          ,    0,        39,0,20190103 07:54:22,1373                          ,  101, 9999,  101,  101,    0,     0,     0
 ED5.2,1540                          ,1456                          ,                    ,1952      ,                ,  101,                    ,                              ,14,0,20190103 07:55:04,    0,         0,         7,65535,65535, 9999,2,                ,0000000,0, 0,         0,    0,0000000000000000000000000000000000000000,0000000000000000000000000000000000000000,         0,         0,         0,         0,1, 0, 0, 0,1540                          ,    0,         7,0,20190103 07:54:57,1456                          ,  101, 9999,  101,  101,    0,     0,     0
 ED5.2,7777                          ,1658                          ,                    ,1425      ,                ,  101,                    ,                              , 3,0,20190103 07:55:07,    0,         0,         0,65535,65535, 9999,2,                ,0000000,0, 0,         0,    0,0000000000000000000000000000000000000000,0000000000000000000000000000000000000000,         0,         0,         0,         0,1, 0, 0, 0,7777                          ,    0,         0,0,20190103 07:55:07,1658                          ,  101, 9999,  101,  101,    0,     0,     0
 ED5.2,1106                          ,1097                          ,                    ,1426      ,                ,  101,                    ,                              ,14,0,20190103 07:55:24,    0,         0,         0,65535,65535, 9999,2,                ,0000000,0, 0,         0,    0,0000000000000000000000000000000000000000,0000000000000000000000000000000000000000,         0,         0,         0,         0,1, 0, 0, 0,1106                          ,    0,         0,0,20190103 07:55:24,1097                          ,  101, 9999,  101,  101,    0,     0,     0
 ED5.2,4055                          ,1364                          ,                    ,1632      ,                ,  101,                    ,                              ,14,0,20190103 07:55:24,    0,         0,         0,65535,65535, 9999,2,                ,0000000,0, 0,         0,    0,0000000000000000000000000000000000000000,0000000000000000000000000000000000000000,         0,         0,         0,         0,1, 0, 0, 0,4055                          ,    0,         0,0,20190103 07:55:24,1364                          ,  101, 9999,  101,  101,    0,     0,     0
 ED5.2,2577100                       ,1450                          ,JOHANA MILEN VIL    ,1843      ,                ,  101,                    ,                              , 0,2,20190103 07:55:31,    0,         0,        62,10001,   11,  101,2,                ,0010000,2, 1,         0,    0,1000000000000000000000000000000000000000,0000000000000000000000010000000000001000,         0,         0,         0,         0,1, 0, 0, 0,2577100                       ,    0,         0,0,20190103 07:54:29,1450                          , 9999, 9999, 9999,  101,32767,     0,     0
 ED5.2,663125870502                  ,3104                          ,VIVIANA ANDR MAR    ,1979      ,                ,  101,                    ,                              , 4,2,20190103 07:55:36,    0,         0,        77,10870,   82,  101,2,                ,0000000,2, 0,         0,    0,1000000000000000000000000000000000000000,0000000000000000000000010000000000000000,         0,         0,         0,         0,1, 0, 0, 0,A500                          ,   12,        65,1,20190103 07:54:19,                              , 9999, 9999, 9999, 9999,32767,     0,     0
 ED5.2,7777                          ,1026                          ,                    ,1638      ,                ,  101,                    ,                              , 3,0,20190103 07:55:37,    0,         0,         0,65535,65535, 9999,2,                ,0000000,0, 0,         0,    0,0000000000000000000000000000000000000000,0000000000000000000000000000000000000000,         0,         0,         0,         0,1, 0, 0, 0,7777                          ,    0,         0,0,20190103 07:55:37,1026                          ,  101, 9999,  101,  101,    0,     0,     0
 ED5.2,5185542                       ,4019                          ,NORELY DEL S RIO    ,2952      ,                ,  101,                    ,                              , 4,2,20190103 07:55:43,    0,         0,        71,10445,   15,  101,2,                ,0000000,2, 0,         0,    0,0000000000000000000000000000000000000000,0000000000000000000000010000000000000000,         0,         0,         0,         0,1, 0, 0, 0,A800                          ,   11,        61,0,20190103 07:54:32,                              , 9999, 9999, 9999, 9999,32767,     0,     0
 ED5.2,1251                          ,3318                          ,                    ,1981      ,                ,  101,                    ,                              ,14,0,20190103 07:55:46,    0,         0,       158,65535,65535, 9999,2,                ,0000000,0, 0,         0,    0,0000000000000000000000000000000000000000,0000000000000000000000000000000000000000,         0,         0,         0,         0,1, 0, 0, 0,1251                          ,    0,       158,0,20190103 07:53:08,3318                          ,  101, 9999,  101,  101,    0,     0,     0
 ED5.2,1402                          ,1478                          ,                    ,1952      ,                ,  101,                    ,                              ,14,0,20190103 07:55:57,    0,         0,         5,65535,65535, 9999,2,                ,0000000,0, 0,         0,    0,0000000000000000000000000000000000000000,0000000000000000000000000000000000000000,         0,         0,         0,         0,1, 0, 0, 0,1402                          ,    0,         5,0,20190103 07:55:52,1478                          ,  101, 9999,  101,  101,    0,     0,     0
 ED5.2,1532                          ,1153                          ,                    ,1952      ,                ,  101,                    ,                              ,14,0,20190103 07:56:02,    0,         0,         0,65535,65535, 9999,2,                ,0000000,0, 0,         0,    0,0000000000000000000000000000000000000000,0000000000000000000000000000000000000000,         0,         0,         0,         0,1, 0, 0, 0,1532                          ,    0,         0,0,20190103 07:56:02,1153                          ,  101, 9999,  101,  101,    0,     0,     0
 ED5.2,1775                          ,1399                          ,                    ,1355      ,                ,  101,                    ,                              , 3,0,20190103 07:56:03,    0,         0,        58,65535,65535, 9999,2,                ,0000000,0, 0,         0,    0,0000000000000000000000000000000000000000,0000000000000000000000000000000000000000,         0,         0,         0,         0,1, 0, 0, 0,7777                          ,    0,        58,0,20190103 07:55:05,1399                          ,  101, 9999,  101,  101,    0,     0,     0
 ED5.2,5570246                       ,4010                          ,ELIZABETH PA GAR    ,2843      ,                ,  101,                    ,                              , 4,2,20190103 07:56:04,    0,         0,       116,10446,   15,  101,2,                ,0000000,2, 0,         0,    0,0000000000000000000000000000000000000000,0000000000000000000000010000000000000000,         0,         0,         0,         0,1, 0, 0, 0,A800                          ,  117,         0,1,20190103 07:54:08,                              , 9999, 9999, 9999, 9999,32767,     0,     0
 ED5.2,3390                          ,1399                          ,                    ,1355      ,                ,  101,                    ,                              ,14,0,20190103 07:56:43,    0,         0,         0,65535,65535, 9999,2,                ,0000000,0, 0,         0,    0,0000000000000000000000000000000000000000,0000000000000000000000000000000000000000,         0,         0,         0,         0,1, 0, 0, 0,3390                          ,    0,         0,0,20190103 07:56:43,1399                          ,  101, 9999,  101,  101,    0,     0,     0
 ED5.2,1401                          ,1478                          ,                    ,1952      ,                ,  101,                    ,                              ,14,0,20190103 07:56:55,    0,         0,        40,65535,65535, 9999,2,                ,0000000,0, 0,         0,    0,0000000000000000000000000000000000000000,0000000000000000000000000000000000000000,         0,         0,         0,         0,1, 0, 0, 0,1401                          ,    0,        40,0,20190103 07:56:15,1478                          ,  101, 9999,  101,  101,    0,     0,     0
 ED5.2,1343                          ,1145                          ,                    ,1949      ,                ,  101,                    ,                              ,14,0,20190103 07:56:56,    0,         0,        53,65535,65535, 9999,2,                ,0000000,0, 0,         0,    0,0000000000000000000000000000000000000000,0000000000000000000000000000000000000000,         0,         0,         0,         0,1, 0, 0, 0,1343                          ,    0,        53,0,20190103 07:56:03,1145                          ,  101, 9999,  101,  101,    0,     0,     0
 ED5.2,3134                          ,1213                          ,                    ,1911      ,                ,  101,                    ,                              ,14,0,20190103 07:57:04,    0,         0,       248,65535,65535, 9999,2,                ,0000000,0, 0,         0,    0,0000000000000000000000000000000000000000,0000000000000000000000000000000000000000,         0,         0,         0,         0,1, 0, 0, 0,3134                          ,    0,       248,0,20190103 07:52:56,1213                          ,  101, 9999,  101,  101,    0,     0,     0
 ED5.2,1030                          ,1472                          ,                    ,1632      ,                ,  101,                    ,                              ,14,0,20190103 07:57:09,    0,         0,        16,65535,65535, 9999,2,                ,0000000,0, 0,         0,    0,0000000000000000000000000000000000000000,0000000000000000000000000000000000000000,         0,         0,         0,         0,1, 0, 0, 0,1030                          ,    0,        16,0,20190103 07:56:53,1472                          ,  101, 9999,  101,  101,    0,     0,     0
 ED5.2,7777                          ,1486                          ,                    ,1952      ,                ,  101,                    ,                              , 3,0,20190103 07:57:17,    0,         0,         0,65535,65535, 9999,2,                ,0000000,0, 0,         0,    0,0000000000000000000000000000000000000000,0000000000000000000000000000000000000000,         0,         0,         0,         0,1, 0, 0, 0,7777                          ,    0,         0,0,20190103 07:57:17,1486                          ,  101, 9999,  101,  101,    0,     0,     0
 ED5.2,7444014                       ,1836                          ,CINDY YULIET HER    ,1983      ,                ,  101,                    ,                              , 0,2,20190103 07:57:39,    0,         0,         0,10003,   11,  101,2,                ,0010000,2, 1,         0,    0,1000000000000000000000000000000000000000,0000000000000000000000010000000000001000,         0,         0,         0,         0,1, 0, 0, 0,7444014                       ,    0,         0,0,20190103 07:57:39,1836                          , 9999, 9999, 9999,  101,32767,     0,     0
 ED5.2,2045                          ,2010                          ,                    ,4843      ,                ,  101,                    ,                              ,14,0,20190103 07:57:46,    0,         0,         8,65535,65535, 9999,2,                ,0000000,0, 0,         0,    0,0000000000000000000000000000000000000000,0000000000000000000000000000000000000000,         0,         0,         0,         0,1, 0, 0, 0,2017                          ,    0,         8,1,20190103 07:57:38,2010                          ,  101, 9999,  101,  101,    0,     0,     0
 ED5.2,4816                          ,4816                          ,JUAN CAMILO SERN    ,1091      ,                ,  101,                    ,                              , 2,2,20190103 07:57:54,    0,         0,     86397,   76,   12,  101,2,                ,0010000,2, 0,         0,    0,0000000000000000000000000000000000000000,0000010000000000000000000000000000000000,         0,         0,         0,         0,1, 0, 0, 0,                              ,    0,         0,0,20190102 07:57:57,                              , 9999, 9999, 9999, 9999,32767,     0,     0
 ED5.2,6461400                       ,4816                          ,JUAN CAMILO SERN    ,1091      ,                ,  101,                    ,                              , 9,2,20190103 07:57:54,    0,         0,     86406,10868,   82,  101,2,                ,0000000,2, 0,         0,    0,0000000000000000000000000000000000000000,0000010000000000000000000000000000000000,         0,         0,         0,         0,1, 0, 0, 0,A500                          ,    9,     86397,1,20190102 07:57:48,                              , 9999, 9999, 9999, 9999,32767,     0,     0
 ED5.2,1216                          ,1000                          ,                    ,1635      ,                ,  101,                    ,                              ,14,0,20190103 07:57:57,    0,         0,         0,65535,65535, 9999,2,                ,0000000,0, 0,         0,    0,0000000000000000000000000000000000000000,0000000000000000000000000000000000000000,         0,         0,         0,         0,1, 0, 0, 0,1216                          ,    0,         0,0,20190103 07:57:57,1000                          ,  101, 9999,  101,  101,    0,     0,     0
 ED5.2,2202700                       ,1180                          ,LEIDY DANIEL PEN    ,1952      ,                ,  101,                    ,                              , 0,2,20190103 07:57:57,    0,         0,        73,10001,   11,  101,2,                ,0010000,2, 1,         0,    0,1000000000000000000000000000000000000000,0000000000000000000000010000000000001000,         0,         0,         0,         0,1, 0, 0, 0,2202700                       ,    0,         0,0,20190103 07:56:44,1180                          , 9999, 9999, 9999,  101,32767,     0,     0
 ED5.2,4051                          ,3165                          ,                    ,1154      ,                ,  101,                    ,                              ,14,0,20190103 07:58:05,    0,         0,        37,65535,65535, 9999,2,                ,0000000,0, 0,         0,    0,0000000000000000000000000000000000000000,0000000000000000000000000000000000000000,         0,         0,         0,         0,1, 0, 0, 0,4051                          ,    0,        37,0,20190103 07:57:28,3165                          ,  101, 9999,  101,  101,    0,     0,     0
 ED5.2,3199                          ,3250                          ,                    ,1466      ,                ,  101,                    ,                              ,14,0,20190103 07:58:07,    0,         0,        10,65535,65535, 9999,2,                ,0000000,0, 0,         0,    0,0000000000000000000000000000000000000000,0000000000000000000000000000000000000000,         0,         0,         0,         0,1, 0, 0, 0,3199                          ,    0,        10,0,20190103 07:57:57,3250                          ,  101, 9999,  101,  101,    0,     0,     0
 ED5.2,7428900                       ,1180                          ,LEIDY DANIEL PEN    ,1952      ,                ,  101,                    ,                              , 0,2,20190103 07:58:14,    0,         0,         4,10001,   11,  101,2,                ,0010000,2, 1,         0,    0,1000000000000000000000000000000000000000,0000000000000000000000010000000000001000,         0,         0,         0,         0,1, 0, 0, 0,7428900                       ,    0,         0,0,20190103 07:58:10,1180                          , 9999, 9999, 9999,  101,32767,     0,     0
 ED5.2,5186310                       ,1596                          ,DIANA MARCEL ROD    ,1952      ,                ,  101,                    ,                              , 0,2,20190103 07:58:20,    0,         0,       642,10002,   11,  101,2,                ,0010000,2, 1,         0,    0,1000000000000000000000000000000000000000,0000000000000000000000010000000000001000,         0,         0,         0,         0,1, 0, 0, 0,5186310                       ,    0,         0,0,20190103 07:47:38,1596                          , 9999, 9999, 9999,  101,32767,     0,     0
 ED5.2,663155872081                  ,1340                          ,RECEPCION MORATO    ,1635      ,                ,  101,                    ,                              , 4,2,20190103 07:58:21,    0,         0,       196,  120,   20,  101,2,                ,0000000,3, 0,         0,    0,0000000000000000000000000000000000000000,0000000000000000000000010000000000000000,         0,         0,         0,         0,1, 0, 0, 0,A800                          ,   94,       103,1,20190103 07:55:05,                              , 9999, 9999, 9999, 9999,32767,     0,     0
 ED5.2,1513                          ,1486                          ,                    ,1952      ,                ,  101,                    ,                              ,14,0,20190103 07:58:22,    0,         0,         0,65535,65535, 9999,2,                ,0000000,0, 0,         0,    0,0000000000000000000000000000000000000000,0000000000000000000000000000000000000000,         0,         0,         0,         0,1, 0, 0, 0,1513                          ,    0,         0,0,20190103 07:58:22,1486                          ,  101, 9999,  101,  101,    0,     0,     0
 ED5.2,5186310                       ,1596                          ,DIANA MARCEL ROD    ,1952      ,                ,  101,                    ,                              , 0,2,20190103 07:58:23,    0,         0,         0,10001,   11,  101,2,                ,0010000,2, 1,         0,    0,1000000000000000000000000000000000000000,0000000000000000000000010000000000001000,         0,         0,         0,         0,1, 0, 0, 0,5186310                       ,    0,         0,0,20190103 07:58:23,1596                          , 9999, 9999, 9999,  101,32767,     0,     0
 ED5.2,1213                          ,1218                          ,                    ,1638      ,                ,  101,                    ,                              ,14,0,20190103 07:58:29,    0,         0,         0,65535,65535, 9999,2,                ,0000000,0, 0,         0,    0,0000000000000000000000000000000000000000,0000000000000000000000000000000000000000,         0,         0,         0,         0,1, 0, 0, 0,1213                          ,    0,         0,0,20190103 07:58:29,1218                          ,  101, 9999,  101,  101,    0,     0,     0
 ED5.2,7777                          ,1486                          ,                    ,1952      ,                ,  101,                    ,                              , 3,0,20190103 07:58:36,    0,         0,         0,65535,65535, 9999,2,                ,0000000,0, 0,         0,    0,0000000000000000000000000000000000000000,0000000000000000000000000000000000000000,         0,         0,         0,         0,1, 0, 0, 0,7777                          ,    0,         0,0,20190103 07:58:36,1486                          ,  101, 9999,  101,  101,    0,     0,     0
 ED5.2,1363                          ,1347                          ,                    ,1318      ,                ,  101,                    ,                              ,14,0,20190103 07:58:50,    0,         0,         0,65535,65535, 9999,2,                ,0000000,0, 0,         0,    0,0000000000000000000000000000000000000000,0000000000000000000000000000000000000000,         0,         0,         0,         0,1, 0, 0, 0,1363                          ,    0,         0,0,20190103 07:58:50,1347                          ,  101, 9999,  101,  101,    0,     0,     0
 ED5.2,663155872081                  ,1340                          ,RECEPCION MORATO    ,1635      ,                ,  101,                    ,                              , 4,2,20190103 07:58:58,    0,         0,        37,  120,   20,  101,2,                ,0000000,3, 0,         0,    0,0000000000000000000000000000000000000000,0000000000000000000000011000000000000000,         0,         0,         0,         0,1, 0, 0, 0,                              ,  234,         0,1,20190103 07:55:05,                              , 9999, 9999, 9999, 9999,32767,     0,     0
 ED5.2,3216416264                    ,3226                          ,MARTHA ELIZA ARE    ,1091      ,                ,  101,                    ,                              , 0,2,20190103 07:59:11,    0,         0,         0,10350,   66,  101,2,                ,0010000,2, 1,         0,    0,1000000000000000000000000000000000000000,0000000000000000000000010000000000001000,         0,         0,         0,         0,1, 0, 0, 0,033216416264                  ,    0,         0,0,20190103 07:59:11,3226                          , 9999, 9999, 9999,  101,32767,     0,     0
 ED5.2,4088                          ,4038                          ,                    ,2952      ,                ,  101,                    ,                              ,14,0,20190103 07:59:16,    0,         0,       870,65535,65535, 9999,2,                ,0000000,0, 0,         0,    0,0000000000000000000000000000000000000000,0000000000000000000000000000000000000000,         0,         0,         0,         0,1, 0, 0, 0,4088                          ,    0,       870,0,20190103 07:44:46,4038                          ,  101, 9999,  101,  101,    0,     0,     0
 ED5.2,3224                          ,1200                          ,                    ,1631      ,                ,  101,                    ,                              ,14,0,20190103 07:59:17,    0,         0,         0,65535,65535, 9999,2,                ,0000000,0, 0,         0,    0,0000000000000000000000000000000000000000,0000000000000000000000000000000000000000,         0,         0,         0,         0,1, 0, 0, 0,3224                          ,    0,         0,0,20190103 07:59:17,1200                          ,  101, 9999,  101,  101,    0,     0,     0
 ED5.2,1785                          ,1570                          ,                    ,1952      ,                ,  101,                    ,                              , 3,0,20190103 07:59:21,    0,         0,       589,65535,65535, 9999,2,                ,0000000,0, 0,         0,    0,0000000000000000000000000000000000000000,0000000000000000000000000000000000000000,         0,         0,         0,         0,1, 0, 0, 0,7777                          ,    0,       589,0,20190103 07:49:32,1570                          ,  101, 9999,  101,  101,    0,     0,     0
 ED5.2,5186310                       ,1596                          ,DIANA MARCEL ROD    ,1952      ,                ,  101,                    ,                              , 0,2,20190103 07:59:21,    0,         0,        56,  122,   20,  101,2,                ,0010000,2, 1,         0,    0,1000000000000000000000000000000000000000,0000000000000000000000010000000000001000,         0,         0,         0,         0,1, 0, 0, 0,5186310                       ,    0,         0,0,20190103 07:58:25,1596                          , 9999, 9999, 9999,  101,32767,     0,     0
 ED5.2,70                            ,1346                          ,                    ,1318      ,                ,  101,                    ,                              ,14,0,20190103 07:59:28,    0,         0,         0,65535,65535, 9999,2,                ,0000000,0, 0,         0,    0,0000000000000000000000000000000000000000,0000000000000000000000000000000000000000,         0,         0,         0,         0,1, 0, 0, 0,70                            ,    0,         0,0,20190103 07:59:28,1346                          ,  101, 9999,  101,  101,    0,     0,     0
 ED5.2,3245                          ,1200                          ,                    ,1631      ,                ,  101,                    ,                              ,14,0,20190103 07:59:34,    0,         0,         0,65535,65535, 9999,2,                ,0000000,0, 0,         0,    0,0000000000000000000000000000000000000000,0000000000000000000000000000000000000000,         0,         0,         0,         0,1, 0, 0, 0,3245                          ,    0,         0,0,20190103 07:59:34,1200                          ,  101, 9999,  101,  101,    0,     0,     0
 ED5.2,1474                          ,1200                          ,                    ,1631      ,                ,  101,                    ,                              ,14,0,20190103 07:59:36,    0,         0,         0,65535,65535, 9999,2,                ,0000000,0, 0,         0,    0,0000000000000000000000000000000000000000,0000000000000000000000000000000000000000,         0,         0,         0,         0,1, 0, 0, 0,3245                          ,    0,         0,1,20190103 07:59:36,1200                          ,  101, 9999,  101,  101,    0,     0,     0
 ED5.2,3250                          ,3199                          ,                    ,1979      ,                ,  101,                    ,                              ,14,0,20190103 07:59:41,    0,         0,        11,65535,65535, 9999,2,                ,0000000,0, 0,         0,    0,0000000000000000000000000000000000000000,0000000000000000000000000000000000000000,         0,         0,         0,         0,1, 0, 0, 0,3250                          ,    0,        11,0,20190103 07:59:30,3199                          ,  101, 9999,  101,  101,    0,     0,     0
 ED5.2,1733                          ,1570                          ,                    ,1952      ,                ,  101,                    ,                              ,14,0,20190103 07:59:46,    0,         0,        16,65535,65535, 9999,2,                ,0000000,0, 0,         0,    0,0000000000000000000000000000000000000000,0000000000000000000000000000000000000000,         0,         0,         0,         0,1, 0, 0, 0,1733                          ,    0,        16,0,20190103 07:59:30,1570                          ,  101, 9999,  101,  101,    0,     0,     0
 ED5.2,7428888                       ,1180                          ,LEIDY DANIEL PEN    ,1952      ,                ,  101,                    ,                              , 0,2,20190103 07:59:51,    0,         0,        88,10002,   11,  101,2,                ,0010000,2, 1,         0,    0,1000000000000000000000000000000000000000,0000000000000000000000010000000000001000,         0,         0,         0,         0,1, 0, 0, 0,7428888                       ,    0,         0,0,20190103 07:58:23,1180                          , 9999, 9999, 9999,  101,32767,     0,     0
 ED5.2,2071                          ,2049                          ,                    ,4949      ,                ,  101,                    ,                              ,14,0,20190103 07:59:52,    0,         0,         0,65535,65535, 9999,2,                ,0000000,0, 0,         0,    0,0000000000000000000000000000000000000000,0000000000000000000000000000000000000000,         0,         0,         0,         0,1, 0, 0, 0,2071                          ,    0,         0,0,20190103 07:59:52,2049                          ,  101, 9999,  101,  101,    0,     0,     0
 ED5.2,1456                          ,1273                          ,                    ,1952      ,                ,  101,                    ,                              ,14,0,20190103 07:59:53,    0,         0,       208,65535,65535, 9999,2,                ,0000000,0, 0,         0,    0,0000000000000000000000000000000000000000,0000000000000000000000000000000000000000,         0,         0,         0,         0,1, 0, 0, 0,1456                          ,    0,       208,0,20190103 07:56:25,1273                          ,  101, 9999,  101,  101,    0,     0,     0
 ED5.2,1838                          ,1600                          ,                    ,1635      ,                ,  101,                    ,                              ,14,0,20190103 07:59:54,    0,         0,         0,65535,65535, 9999,2,                ,0000000,0, 0,         0,    0,0000000000000000000000000000000000000000,0000000000000000000000000000000000000000,         0,         0,         0,         0,1, 0, 0, 0,1838                          ,    0,         0,0,20190103 07:59:54,1600                          ,  101, 9999,  101,  101,    0,     0,     0
 ED5.2,88                            ,2049                          ,                    ,4949      ,                ,  101,                    ,                              ,14,0,20190103 07:59:56,    0,         0,         4,65535,65535, 9999,2,                ,0000000,0, 0,         0,    0,0000000000000000000000000000000000000000,0000000000000000000000000000000000000000,         0,         0,         0,         0,1, 0, 0, 0,2071                          ,    0,         4,1,20190103 07:59:52,2049                          ,  101, 9999,  101,  101,    0,     0,     0
 ED5.2,7440140                       ,1836                          ,CINDY YULIET HER    ,1983      ,                ,  101,                    ,                              , 0,2,20190103 07:59:57,    0,         0,       132,10003,   11,  101,2,                ,0010000,2, 1,         0,    0,1000000000000000000000000000000000000000,0000000000000000000000010000000000001000,         0,         0,         0,         0,1, 0, 0, 0,7440140                       ,    0,         0,0,20190103 07:57:45,1836                          , 9999, 9999, 9999,  101,32767,     0,     0
 ED5.2,7777                          ,1347                          ,                    ,1318      ,                ,  101,                    ,                              , 3,0,20190103 07:59:57,    0,         0,         0,65535,65535, 9999,2,                ,0000000,0, 0,         0,    0,0000000000000000000000000000000000000000,0000000000000000000000000000000000000000,         0,         0,         0,         0,1, 0, 0, 0,7777                          ,    0,         0,0,20190103 07:59:57,1347                          ,  101, 9999,  101,  101,    0,     0,     0
 ED5.2,3390                          ,1399                          ,                    ,1355      ,                ,  101,                    ,                              ,14,0,20190103 07:59:58,    0,         0,         0,65535,65535, 9999,2,                ,0000000,0, 0,         0,    0,0000000000000000000000000000000000000000,0000000000000000000000000000000000000000,         0,         0,         0,         0,1, 0, 0, 0,3390                          ,    0,         0,0,20190103 07:59:58,1399                          ,  101, 9999,  101,  101,    0,     0,     0
 ED5.2,7777                          ,1486                          ,                    ,1952      ,                ,  101,                    ,                              , 3,0,20190103 08:00:08,    0,         0,         0,65535,65535, 9999,2,                ,0000000,0, 0,         0,    0,0000000000000000000000000000000000000000,0000000000000000000000000000000000000000,         0,         0,         0,         0,1, 0, 0, 0,7777                          ,    0,         0,0,20190103 08:00:08,1486                          ,  101, 9999,  101,  101,    0,     0,     0
