 ED5.2,53855035                      ,5100                          ,RECEPCION BQUILL    ,3635      ,                ,  101,                    ,                              , 4,2,20181215 10:05:31,    0,         0,       118,10865,   82,  101,2,                ,0000000,2, 0,         0,    0,0000000000000000000000000000000000000000,0000000000000000000000010000000000000000,         0,         0,         0,         0,1, 0, 0, 0,A900                          ,  119,         0,1,20181215 10:03:33,                              , 9999, 9999, 9999, 9999,32767,     0,     0
 ED5.2,4856969                       ,1600                          ,RECEPCION COUNTR    ,1635      ,                ,  101,                    ,                              , 4,2,20181215 10:05:32,    0,         0,        54,  120,   20,  101,2,                ,0000000,2, 0,         0,    0,0000000000000000000000000000000000000000,0000000000000000000000010000000000000000,         0,         0,         0,         0,1, 0, 0, 0,A800                          ,   54,         0,1,20181215 10:04:38,                              , 9999, 9999, 9999, 9999,32767,     0,     0
 ED5.2,2031                          ,2039                          ,                    ,4952      ,                ,  101,                    ,                              ,14,0,20181215 10:11:27,    0,         0,        18,65535,65535, 9999,2,                ,0000000,0, 0,         0,    0,0000000000000000000000000000000000000000,0000000000000000000000000000000000000000,         0,         0,         0,         0,1, 0, 0, 0,2031                          ,    0,        18,0,20181215 10:11:09,2039                          ,  101, 9999,  101,  101,    0,     0,     0
 ED5.2,7420719                       ,FS020                         ,ETB                 ,          ,                ,  101,                    ,                              , 4,2,20181215 10:14:52,    0,         0,        24,  120,   20,  101,2,                ,0000000,3, 0,         0,    0,0000000000000000000000000000000000000000,0000000000000000000000010000000000000000,         0,         0,         0,         0,1, 0, 0, 0,A800                          ,   24,         0,0,20181215 10:14:28,                              , 9999, 9999, 9999, 9999,32767,     0,     0
 ED5.2,6170127                       ,1014                          ,RECEPCION LO COU    ,1635      ,                ,  101,                    ,                              , 0,2,20181215 10:15:07,    0,         0,       153,10865,   82,  101,2,                ,0010000,2, 1,         0,    0,1000000000000000000000000000000000000000,0000000000000000000000010000000000001000,         0,         0,         0,         0,1, 0, 0, 0,6170127                       ,    0,         0,0,20181215 10:12:34,1014                          , 9999, 9999, 9999,  101,32767,     0,     0
 ED5.2,663159287662                  ,FS082                         ,SIPsalida           ,          ,                ,  101,                    ,                              , 4,2,20181215 10:20:37,    0,         0,        26,10865,   82,  101,2,                ,0000000,2, 0,         0,    0,0000000000000000000000000000000000000000,0000000000000000000000010000000000000000,         0,         0,         0,         0,1, 0, 0, 0,7755                          ,   27,         0,1,20181215 10:20:11,                              , 9999, 9999, 9999, 9999,32767,     0,     0
 ED5.2,663182138881                  ,FS020                         ,ETB                 ,          ,                ,  101,                    ,                              , 4,2,20181215 10:20:55,    0,         0,         3,  120,   20,  101,2,                ,0000000,2, 1,         0,    0,0000000000000000000000000000000000000000,0000000000000000000000010000000000000000,         0,         0,         0,         0,1, 0, 0, 0,A800                          ,    4,         0,0,20181215 10:20:52,                              , 9999, 9999, 9999, 9999,32767,     0,     0
 ED5.2,5336225                       ,1014                          ,RECEPCION LO COU    ,1635      ,                ,  101,                    ,                              , 4,2,20181215 10:24:05,    0,         0,        57,  120,   20,  101,2,                ,0000000,3, 0,         0,    0,0000000000000000000000000000000000000000,0000000000000000000000010000000000000000,         0,         0,         0,         0,1, 0, 0, 0,A800                          ,   58,         0,1,20181215 10:23:08,                              , 9999, 9999, 9999, 9999,32767,     0,     0
 ED5.2,072282685                     ,4000                          ,RECEPCION MEDELL    ,2952      ,                ,  101,                    ,                              , 4,2,20181215 10:27:14,    0,         0,        28,10445,   15,  101,2,                ,0000000,2, 0,         0,    0,0000000000000000000000000000000000000000,0000000000000000000000010000000000000000,         0,         0,         0,         0,1, 0, 0, 0,A800                          ,   28,         0,0,20181215 10:26:46,                              , 9999, 9999, 9999, 9999,32767,     0,     0
 ED5.2,072282685                     ,4020                          ,MARISOL BETANCUR    ,2952      ,                ,  101,                    ,                              , 4,2,20181215 10:28:37,    0,         0,        76,10445,   15,  101,2,                ,0000000,2, 0,         0,    0,0000000000000000000000000000000000000000,0000000000000000000000010000000000000000,         0,         0,         0,         0,1, 0, 0, 0,A800                          ,   77,         0,1,20181215 10:27:21,                              , 9999, 9999, 9999, 9999,32767,     0,     0
 ED5.2,7771699                       ,3242                          ,KELLY JOHANA BAR    ,1675      ,                ,  101,                    ,                              , 0,2,20181215 10:30:33,    0,         0,        17,10001,   11,  101,2,                ,0010000,2, 1,         0,    0,1000000000000000000000000000000000000000,0000000000000000000000010000000000001000,         0,         0,         0,         0,1, 0, 0, 0,7771699                       ,    0,         0,0,20181215 10:30:16,3242                          , 9999, 9999, 9999,  101,32767,     0,     0
 ED5.2,663144148990                  ,FS082                         ,SIPsalida           ,          ,                ,  101,                    ,                              , 4,2,20181215 10:30:38,    0,         0,        58,10865,   82,  101,2,                ,0000000,2, 0,         0,    0,0000000000000000000000000000000000000000,0000000000000000000000010000000000000000,         0,         0,         0,         0,1, 0, 0, 0,A500                          ,   58,         0,1,20181215 10:29:40,                              , 9999, 9999, 9999, 9999,32767,     0,     0
 ED5.2,663144148990                  ,FS082                         ,SIPsalida           ,          ,                ,  101,                    ,                              , 4,2,20181215 10:31:01,    0,         0,        14,10865,   82,  101,2,                ,0000000,2, 0,         0,    0,0000000000000000000000000000000000000000,0000000000000000000000010000000000000000,         0,         0,         0,         0,1, 0, 0, 0,A500                          ,   15,         0,0,20181215 10:30:47,                              , 9999, 9999, 9999, 9999,32767,     0,     0
 ED5.2,663164662397                  ,FS020                         ,ETB                 ,          ,                ,  101,                    ,                              , 4,2,20181215 10:31:03,    0,         0,         4,  121,   20,  101,2,                ,0000000,3, 0,         0,    0,0000000000000000000000000000000000000000,0000000000000000000000010000000000000000,         0,         0,         0,         0,1, 0, 0, 0,A800                          ,    4,         0,0,20181215 10:30:59,                              , 9999, 9999, 9999, 9999,32767,     0,     0
 ED5.2,663103452742                  ,1340                          ,RECEPCION MORATO    ,1635      ,                ,  101,                    ,                              , 4,2,20181215 10:31:48,    0,         0,       135,  120,   20,  101,2,                ,0000000,2, 1,         0,    0,0000000000000000000000000000000000000000,0000000000000000000000010000000000000000,         0,         0,         0,         0,1, 0, 0, 0,A800                          ,  135,         0,1,20181215 10:29:33,                              , 9999, 9999, 9999, 9999,32767,     0,     0
 ED5.2,4290329                       ,2014                          ,RECEPCION 2 CALI    ,4635      ,                ,  101,                    ,                              , 4,2,20181215 10:33:25,    0,         0,       169,  303,   65,  101,2,                ,0000000,3, 0,         0,    0,0000000000000000000000000000000000000000,0000000000000000000000010000000000000000,         0,         0,         0,         0,1, 0, 0, 0,A600                          ,  169,         0,1,20181215 10:30:36,                              , 9999, 9999, 9999, 9999,32767,     0,     0
 ED5.2,0724290329                    ,FS065                         ,Fidu-Cali           ,          ,                ,  101,                    ,                              , 4,2,20181215 10:34:42,    0,         0,        17,  304,   65,  101,2,                ,0000000,3, 0,         0,    0,0000000000000000000000000000000000000000,0000000000000000000000010000000000000000,         0,         0,         0,         0,1, 0, 0, 0,A600                          ,   17,         0,0,20181215 10:34:25,                              , 9999, 9999, 9999, 9999,32767,     0,     0
 ED5.2,663208899508                  ,1014                          ,RECEPCION LO COU    ,1635      ,                ,  101,                    ,                              , 4,2,20181215 10:34:43,    0,         0,        72,  120,   20,  101,2,                ,0000000,3, 0,         0,    0,0000000000000000000000000000000000000000,0000000000000000000000010000000000000000,         0,         0,         0,         0,1, 0, 0, 0,A800                          ,   73,         0,1,20181215 10:33:31,                              , 9999, 9999, 9999, 9999,32767,     0,     0
 ED5.2,3239720                       ,FS020                         ,ETB                 ,          ,                ,  101,                    ,                              , 4,2,20181215 10:35:26,    0,         0,        50,  121,   20,  101,2,                ,0000000,3, 0,         0,    0,0000000000000000000000000000000000000000,0000000000000000000000010000000000000000,         0,         0,         0,         0,1, 0, 0, 0,A800                          ,   51,         0,1,20181215 10:34:36,                              , 9999, 9999, 9999, 9999,32767,     0,     0
 ED5.2,87264330                      ,FS020                         ,ETB                 ,          ,                ,  101,                    ,                              , 4,2,20181215 10:36:10,    0,         0,        67,  120,   20,  101,2,                ,0000000,3, 0,         0,    0,0000000000000000000000000000000000000000,0000000000000000000000010000000000000000,         0,         0,         0,         0,1, 0, 0, 0,A800                          ,   67,         0,0,20181215 10:35:03,                              , 9999, 9999, 9999, 9999,32767,     0,     0
 ED5.2,663175004630                  ,FS020                         ,ETB                 ,          ,                ,  101,                    ,                              , 4,2,20181215 10:37:22,    0,         0,         4,  121,   20,  101,2,                ,0000000,3, 0,         0,    0,0000000000000000000000000000000000000000,0000000000000000000000010000000000000000,         0,         0,         0,         0,1, 0, 0, 0,A800                          ,    5,         0,0,20181215 10:37:18,                              , 9999, 9999, 9999, 9999,32767,     0,     0
 ED5.2,5948700                       ,FS020                         ,ETB                 ,          ,                ,  101,                    ,                              , 4,2,20181215 10:37:44,    0,         0,         0,  121,   20,  101,2,                ,0000000,3, 0,         0,    0,0000000000000000000000000000000000000000,0000000000000000000000010000000000000000,         0,         0,         0,         0,1, 0, 0, 0,1740                          ,    0,         0,1,20181215 10:37:44,                              , 9999, 9999, 9999, 9999,32767,     0,     0
 ED5.2,87264330                      ,1588                          ,FLOR ANDREA ROJA    ,1952      ,                ,  101,                    ,                              , 4,2,20181215 10:38:05,    0,         0,       107,  120,   20,  101,2,                ,0000000,3, 0,         0,    0,0000000000000000000000000000000000000000,0000000000000000000000010000000000000000,         0,         0,         0,         0,1, 0, 0, 0,A800                          ,   85,        22,1,20181215 10:36:18,                              , 9999, 9999, 9999, 9999,32767,     0,     0
 ED5.2,663102532392                  ,1736                          ,RECEPCION 2 MORA    ,1635      ,                ,  101,                    ,                              , 4,2,20181215 10:38:32,    0,         0,        47,  121,   20,  101,2,                ,0000000,2, 1,         0,    0,0000000000000000000000000000000000000000,0000000000000000000000010000000000000000,         0,         0,         0,         0,1, 0, 0, 0,A800                          ,   48,         0,1,20181215 10:37:45,                              , 9999, 9999, 9999, 9999,32767,     0,     0
 ED5.2,663102532392                  ,1506                          ,JUAN GUILLER MAN    ,1952      ,                ,  101,                    ,                              , 4,2,20181215 10:40:51,    0,         0,       130,  120,   20,  101,2,                ,0000000,2, 1,         0,    0,0000000000000000000000000000000000000000,0000000000000000000000010000000000000000,         0,         0,         0,         0,1, 0, 0, 0,A800                          ,  130,         0,1,20181215 10:38:41,                              , 9999, 9999, 9999, 9999,32767,     0,     0
 ED5.2,663012648156                  ,5110                          ,RECEPCION 2 BQUI    ,3843      ,                ,  101,                    ,                              , 4,2,20181215 10:49:42,    0,         0,        99,10865,   82,  101,2,                ,0000000,2, 0,         0,    0,0000000000000000000000000000000000000000,0000000000000000000000010000000000000000,         0,         0,         0,         0,1, 0, 0, 0,A900                          ,   99,         0,1,20181215 10:48:03,                              , 9999, 9999, 9999, 9999,32767,     0,     0
 ED5.2,5185938                       ,8023                          ,JHONATAN CONMUTA    ,1635      ,                ,  101,                    ,                              , 4,2,20181215 10:52:02,    0,         0,         0,10865,   82,  101,2,                ,0000000,2, 0,         0,    0,0000000000000000000000000000000000000000,0000000000000000000000010000000000000000,         0,         0,         0,         0,1, 0, 0, 0,7758                          ,   23,         0,1,20181215 10:52:02,                              , 9999, 9999, 9999, 9999,32767,     0,     0
 ED5.2,0724883838                    ,2009                          ,RECEPCION CA CAL    ,4635      ,                ,  101,                    ,                              , 4,2,20181215 10:53:18,    0,         0,        20,  305,   65,  101,2,                ,0000000,3, 0,         0,    0,0000000000000000000000000000000000000000,0000000000000000000000010000000000000000,         0,         0,         0,         0,1, 0, 0, 0,A600                          ,   21,         0,1,20181215 10:52:58,                              , 9999, 9999, 9999, 9999,32767,     0,     0
 ED5.2,663193499697                  ,1600                          ,RECEPCION COUNTR    ,1635      ,                ,  101,                    ,                              , 4,2,20181215 10:53:32,    0,         0,        82,  120,   20,  101,2,                ,0000000,2, 1,         0,    0,0000000000000000000000000000000000000000,0000000000000000000000010000000000000000,         0,         0,         0,         0,1, 0, 0, 0,A800                          ,   83,         0,1,20181215 10:52:10,                              , 9999, 9999, 9999, 9999,32767,     0,     0
 ED5.2,8017982                       ,3242                          ,KELLY JOHANA BAR    ,1675      ,                ,  101,                    ,                              , 0,2,20181215 11:01:22,    0,         0,       408,10001,   11,  101,2,                ,0010000,2, 1,         0,    0,1000000000000000000000000000000000000000,0000000000000000000000010000000000001000,         0,         0,         0,         0,1, 0, 0, 0,8017982                       ,    0,         0,0,20181215 10:54:34,3242                          , 9999, 9999, 9999,  101,32767,     0,     0
