 ED5.2,7132562905                    ,FS020                         ,ETB                 ,          ,                ,  101,                    ,                              , 4,2,20181112 09:07:53,    0,         0,        45,  120,   20,  101,2,                ,0000000,3, 0,         0,    0,0000000000000000000000000000000000000000,0000000000000000000000010000000000000000,         0,         0,         0,         0,1, 0, 0, 0,A800                          ,   45,         0,1,20181112 09:07:08,                              , 9999, 9999, 9999, 9999,32767,     0,     0
 ED5.2,5578763                       ,3500                          ,RECEPCION CONMUT    ,4675      ,                ,  101,                    ,                              , 4,2,20181112 09:10:58,    0,         0,        62,  284,   62,  101,2,                ,0000000,3, 0,         0,    0,0000000000000000000000000000000000000000,0000000000000000000000010000000000000000,         0,         0,         0,         0,1, 0, 0, 0,A400                          ,   63,         0,1,20181112 09:09:56,                              , 9999, 9999, 9999, 9999,32767,     0,     0
 ED5.2,6604869                       ,1532                          ,ESTEPHANIA CARO     ,1632      ,                ,  101,                    ,                              , 0,2,20181112 09:14:32,    0,         0,       128, 1951,   11,  101,2,                ,0010000,2, 1,         0,    0,1000000000000000000000000000000000000000,0000000000000000000000010000000000001000,         0,         0,         0,         0,1, 0, 0, 0,6604869                       ,    0,         0,0,20181112 09:12:24,1532                          , 9999, 9999, 9999,  101,32767,     0,     0
 ED5.2,7440537                       ,FS020                         ,ETB                 ,          ,                ,  101,                    ,                              , 4,2,20181112 09:20:11,    0,         0,         4,  120,   20,  101,2,                ,0000000,3, 0,         0,    0,0000000000000000000000000000000000000000,0000000000000000000000010000000000000000,         0,         0,         0,         0,1, 0, 0, 0,A800                          ,    4,         0,0,20181112 09:20:07,                              , 9999, 9999, 9999, 9999,32767,     0,     0
 ED5.2,663157445428                  ,1818                          ,DANIELA ALEJ GON    ,1632      ,                ,  101,                    ,                              , 4,2,20181112 09:25:43,    0,         0,        38,  120,   20,  101,2,                ,0000000,2, 0,         0,    0,0000000000000000000000000000000000000000,0000000000000000000000010000000000000000,         0,         0,         0,         0,1, 0, 0, 0,A800                          ,   39,         0,1,20181112 09:25:05,                              , 9999, 9999, 9999, 9999,32767,     0,     0
 ED5.2,5160500                       ,1736                          ,RECEPCION 2 MORA    ,1635      ,                ,  101,                    ,                              , 4,2,20181112 09:39:24,    0,         0,       252,  120,   20,  101,2,                ,0000000,3, 0,         0,    0,0000000000000000000000000000000000000000,0000000000000000000000010000000000000000,         0,         0,         0,         0,1, 0, 0, 0,A800                          ,  253,         0,1,20181112 09:35:12,                              , 9999, 9999, 9999, 9999,32767,     0,     0
 ED5.2,A1917525871                   ,FS020                         ,ETB                 ,          ,                ,  101,                    ,                              , 4,2,20181112 09:40:29,    0,         0,        56,  120,   20,  101,2,                ,0000000,3, 0,         0,    0,0000000000000000000000000000000000000000,0000000000000000000000010000000000000000,         0,         0,         0,         0,1, 0, 0, 0,A800                          ,   57,         0,1,20181112 09:39:33,                              , 9999, 9999, 9999, 9999,32767,     0,     0
 ED5.2,3428                          ,88                            ,                    ,          ,                ,  101,                    ,                              ,14,0,20181112 09:50:40,    0,         0,         0,65535,65535, 9999,2,                ,0000000,0, 0,         0,    0,0000000000000000000000000000000000000000,0000000000000000000000000000000000000000,         0,         0,         0,         0,1, 0, 0, 0,3428                          ,    0,         0,0,20181112 09:50:40,88                            ,  101, 9999,  101,  101,    0,     0,     0
 ED5.2,3409                          ,88                            ,                    ,          ,                ,  101,                    ,                              ,14,0,20181112 09:51:26,    0,         0,         0,65535,65535, 9999,2,                ,0000000,0, 0,         0,    0,0000000000000000000000000000000000000000,0000000000000000000000000000000000000000,         0,         0,         0,         0,1, 0, 0, 0,3428                          ,    0,         0,0,20181112 09:51:26,88                            ,  101, 9999,  101,  101,    0,     0,     0
 ED5.2,7132562905                    ,FS020                         ,ETB                 ,          ,                ,  101,                    ,                              , 4,2,20181112 09:51:38,    0,         0,        32,  120,   20,  101,2,                ,0000000,3, 0,         0,    0,0000000000000000000000000000000000000000,0000000000000000000000010000000000000000,         0,         0,         0,         0,1, 0, 0, 0,A800                          ,   32,         0,1,20181112 09:51:06,                              , 9999, 9999, 9999, 9999,32767,     0,     0
 ED5.2,3344                          ,88                            ,                    ,          ,                ,  101,                    ,                              ,14,0,20181112 09:51:42,    0,         0,         0,65535,65535, 9999,2,                ,0000000,0, 0,         0,    0,0000000000000000000000000000000000000000,0000000000000000000000000000000000000000,         0,         0,         0,         0,1, 0, 0, 0,3428                          ,    0,         0,0,20181112 09:51:42,88                            ,  101, 9999,  101,  101,    0,     0,     0
 ED5.2,3377                          ,88                            ,                    ,          ,                ,  101,                    ,                              ,14,0,20181112 09:51:57,    0,         0,         0,65535,65535, 9999,2,                ,0000000,0, 0,         0,    0,0000000000000000000000000000000000000000,0000000000000000000000000000000000000000,         0,         0,         0,         0,1, 0, 0, 0,3428                          ,    0,         0,1,20181112 09:51:57,88                            ,  101, 9999,  101,  101,    0,     0,     0
 ED5.2,------------------------------,******************************,                    ,**********,                ,  101,                    ,******************************,13,0,20181112 09:52:12,    0,         0,       193, 3187,  200,  101,2,                ,0000000,2, 1,         0,    0,0000000000000000000000000000000000000000,0000000000000000000000010000000000000000,         0,         0,         0,         0,1, 0, 0, 0,------------------------------,   33,       160,1,20181112 09:48:59,******************************, 9999, 9999, 9999, 9999,32767,     0,     0
 ED5.2,3344                          ,88                            ,                    ,          ,                ,  101,                    ,                              ,14,0,20181112 09:52:12,    0,         0,         0,65535,65535, 9999,2,                ,0000000,0, 0,         0,    0,0000000000000000000000000000000000000000,0000000000000000000000000000000000000000,         0,         0,         0,         0,1, 0, 0, 0,3428                          ,    0,         0,1,20181112 09:52:12,88                            ,  101, 9999,  101,  101,    0,     0,     0
 ED5.2,------------------------------,******************************,                    ,**********,                ,  101,                    ,******************************, 4,2,20181112 10:17:27,    0,         0,        60, 2815,   82,  101,2,                ,0000000,2, 0,         0,    0,0000000000000000000000000000000000000000,0000000000000000000000010000000000000000,         0,         0,         0,         0,1, 0, 0, 0,------------------------------,   39,        21,1,20181112 10:16:27,******************************, 9999, 9999, 9999, 9999,32767,     0,     0
