 ED5.2,1346                          ,1055                          ,                    ,1318      ,                ,  101,                    ,                              ,14,0,20181130 21:02:04,    0,         0,         8,65535,65535, 9999,2,                ,0000000,0, 0,         0,    0,0000000000000000000000000000000000000000,0000000000000000000000000000000000000000,         0,         0,         0,         0,1, 0, 0, 0,1346                          ,    0,         8,0,20181130 21:01:56,1055                          ,  101, 9999,  101,  101,    0,     0,     0
 ED5.2,1065                          ,1027                          ,                    ,1638      ,                ,  101,                    ,                              ,14,0,20181130 21:03:13,    0,         0,         8,65535,65535, 9999,2,                ,0000000,0, 0,         0,    0,0000000000000000000000000000000000000000,0000000000000000000000000000000000000000,         0,         0,         0,         0,1, 0, 0, 0,1065                          ,    0,         8,0,20181130 21:03:05,1027                          ,  101, 9999,  101,  101,    0,     0,     0
 ED5.2,7458030                       ,1340                          ,RECEPCION MORATO    ,1635      ,                ,  101,                    ,                              , 4,2,20181130 21:04:45,    0,         0,        47,  120,   20,  101,2,                ,0000000,3, 0,         0,    0,0000000000000000000000000000000000000000,0000000000000000000000010000000000000000,         0,         0,         0,         0,1, 0, 0, 0,A800                          ,   48,         0,1,20181130 21:03:58,                              , 9999, 9999, 9999, 9999,32767,     0,     0
 ED5.2,1553                          ,1365                          ,                    ,1632      ,                ,  101,                    ,                              ,14,0,20181130 21:04:48,    0,         0,        40,65535,65535, 9999,2,                ,0000000,0, 0,         0,    0,0000000000000000000000000000000000000000,0000000000000000000000000000000000000000,         0,         0,         0,         0,1, 0, 0, 0,1553                          ,    0,        40,0,20181130 21:04:08,1365                          ,  101, 9999,  101,  101,    0,     0,     0
 ED5.2,2226506                       ,1449                          ,KAROL VANESS OLI    ,1632      ,                ,  101,                    ,                              , 0,2,20181130 21:06:59,    0,         0,        42, 1976,   11,  101,2,                ,0010000,2, 1,         0,    0,1000000000000000000000000000000000000000,0000000000000000000000010000000000001000,         0,         0,         0,         0,1, 0, 0, 0,2226506                       ,    0,         0,0,20181130 21:06:17,1449                          , 9999, 9999, 9999,  101,32767,     0,     0
 ED5.2,1823                          ,1736                          ,                    ,1635      ,                ,  101,                    ,                              ,14,0,20181130 21:08:43,    0,         0,         5,65535,65535, 9999,2,                ,0000000,0, 0,         0,    0,0000000000000000000000000000000000000000,0000000000000000000000000000000000000000,         0,         0,         0,         0,1, 0, 0, 0,1823                          ,    0,         5,0,20181130 21:08:38,1736                          ,  101, 9999,  101,  101,    0,     0,     0
 ED5.2,1304                          ,1736                          ,                    ,1635      ,                ,  101,                    ,                              ,14,0,20181130 21:09:14,    0,         0,         7,65535,65535, 9999,2,                ,0000000,0, 0,         0,    0,0000000000000000000000000000000000000000,0000000000000000000000000000000000000000,         0,         0,         0,         0,1, 0, 0, 0,1304                          ,    0,         7,0,20181130 21:09:07,1736                          ,  101, 9999,  101,  101,    0,     0,     0
 ED5.2,7781397                       ,1145                          ,BIBIANA RODRIGUE    ,1949      ,                ,  101,                    ,                              , 0,2,20181130 21:09:55,    0,         0,      1175, 1975,   11,  101,2,                ,0010000,2, 1,         0,    0,1000000000000000000000000000000000000000,0000000000000000000000010000000000001000,         0,         0,         0,         0,1, 0, 0, 0,7781397                       ,    0,         0,0,20181130 20:50:20,1145                          , 9999, 9999, 9999,  101,32767,     0,     0
 ED5.2,1071                          ,3243                          ,                    ,1949      ,                ,  101,                    ,                              ,14,0,20181130 21:12:46,    0,         0,       199,65535,65535, 9999,2,                ,0000000,0, 0,         0,    0,0000000000000000000000000000000000000000,0000000000000000000000000000000000000000,         0,         0,         0,         0,1, 0, 0, 0,1071                          ,    0,       199,0,20181130 21:09:27,3243                          ,  101, 9999,  101,  101,    0,     0,     0
 ED5.2,3243                          ,1515                          ,                    ,1215      ,                ,  101,                    ,                              ,14,0,20181130 21:14:09,    0,         0,        33,65535,65535, 9999,2,                ,0000000,0, 0,         0,    0,0000000000000000000000000000000000000000,0000000000000000000000000000000000000000,         0,         0,         0,         0,1, 0, 0, 0,3243                          ,    0,        33,0,20181130 21:13:36,1515                          ,  101, 9999,  101,  101,    0,     0,     0
 ED5.2,7894978                       ,1816                          ,LORENA PINEDA O     ,1638      ,                ,  101,                    ,                              , 0,2,20181130 21:14:17,    0,         0,        75, 1975,   11,  101,2,                ,0010000,2, 1,         0,    0,1000000000000000000000000000000000000000,0000000000000000000000010000000000001000,         0,         0,         0,         0,1, 0, 0, 0,7894978                       ,    0,         0,0,20181130 21:13:02,1816                          , 9999, 9999, 9999,  101,32767,     0,     0
 ED5.2,3114889623                    ,3104                          ,VIVIANA ANDR MAR    ,1979      ,                ,  101,                    ,                              , 0,2,20181130 21:18:32,    0,         0,        44, 2323,   66,  101,2,                ,0010000,2, 1,         0,    0,1000000000000000000000000000000000000000,0000000000000000000000010000000000001000,         0,         0,         0,         0,1, 0, 0, 0,033114889623                  ,    0,         0,0,20181130 21:17:48,3104                          , 9999, 9999, 9999,  101,32767,     0,     0
 ED5.2,3929218                       ,3104                          ,VIVIANA ANDR MAR    ,1979      ,                ,  101,                    ,                              , 0,2,20181130 21:20:13,    0,         0,        88, 1975,   11,  101,2,                ,0010000,2, 1,         0,    0,1000000000000000000000000000000000000000,0000000000000000000000010000000000001000,         0,         0,         0,         0,1, 0, 0, 0,3929218                       ,    0,         0,0,20181130 21:18:45,3104                          , 9999, 9999, 9999,  101,32767,     0,     0
 ED5.2,663133332833                  ,FS082                         ,SIPsalida           ,          ,                ,  101,                    ,                              , 4,2,20181130 21:20:41,    0,         0,         6, 2839,   82,  101,2,                ,0000000,2, 0,         0,    0,0000000000000000000000000000000000000000,0000000000000000000000010000000000000000,         0,         0,         0,         0,1, 0, 0, 0,A500                          ,    6,         0,0,20181130 21:20:35,                              , 9999, 9999, 9999, 9999,32767,     0,     0
 ED5.2,3014670                       ,5108                          ,DIANA CAROLI HER    ,3952      ,                ,  101,                    ,                              , 0,2,20181130 21:26:16,    0,         0,       284, 2839,   82,  101,2,                ,0010000,2, 1,         0,    0,1000000000000000000000000000000000000000,0000000000000000000000010000000000001000,         0,         0,         0,         0,1, 0, 0, 0,3014670                       ,    0,         0,0,20181130 21:21:32,5108                          , 9999, 9999, 9999,  101,32767,     0,     0
 ED5.2,1071                          ,3243                          ,                    ,1949      ,                ,  101,                    ,                              ,14,0,20181130 21:28:54,    0,         0,         0,65535,65535, 9999,2,                ,0000000,0, 0,         0,    0,0000000000000000000000000000000000000000,0000000000000000000000000000000000000000,         0,         0,         0,         0,1, 0, 0, 0,1071                          ,    0,         0,0,20181130 21:28:54,3243                          ,  101, 9999,  101,  101,    0,     0,     0
 ED5.2,1071                          ,3243                          ,                    ,1949      ,                ,  101,                    ,                              ,14,0,20181130 21:29:04,    0,         0,         0,65535,65535, 9999,2,                ,0000000,0, 0,         0,    0,0000000000000000000000000000000000000000,0000000000000000000000000000000000000000,         0,         0,         0,         0,1, 0, 0, 0,1071                          ,    0,         0,0,20181130 21:29:04,3243                          ,  101, 9999,  101,  101,    0,     0,     0
 ED5.2,1071                          ,3243                          ,                    ,1949      ,                ,  101,                    ,                              ,14,0,20181130 21:30:07,    0,         0,         0,65535,65535, 9999,2,                ,0000000,0, 0,         0,    0,0000000000000000000000000000000000000000,0000000000000000000000000000000000000000,         0,         0,         0,         0,1, 0, 0, 0,1071                          ,    0,         0,0,20181130 21:30:07,3243                          ,  101, 9999,  101,  101,    0,     0,     0
 ED5.2,1071                          ,3243                          ,                    ,1949      ,                ,  101,                    ,                              ,14,0,20181130 21:32:06,    0,         0,         0,65535,65535, 9999,2,                ,0000000,0, 0,         0,    0,0000000000000000000000000000000000000000,0000000000000000000000000000000000000000,         0,         0,         0,         0,1, 0, 0, 0,1071                          ,    0,         0,0,20181130 21:32:06,3243                          ,  101, 9999,  101,  101,    0,     0,     0
 ED5.2,7722621                       ,3243                          ,FERMIN ORDONEZ      ,1949      ,                ,  101,                    ,                              , 0,2,20181130 21:45:41,    0,         0,       112, 1976,   11,  101,2,                ,0010000,2, 1,         0,    0,1000000000000000000000000000000000000000,0000000000000000000000010000000000001000,         0,         0,         0,         0,1, 0, 0, 0,7722621                       ,    0,         0,0,20181130 21:43:49,3243                          , 9999, 9999, 9999,  101,32767,     0,     0
 ED5.2,1365                          ,1553                          ,                    ,1215      ,                ,  101,                    ,                              ,14,0,20181130 21:46:39,    0,         0,         0,65535,65535, 9999,2,                ,0000000,0, 0,         0,    0,0000000000000000000000000000000000000000,0000000000000000000000000000000000000000,         0,         0,         0,         0,1, 0, 0, 0,1365                          ,    0,         0,0,20181130 21:46:39,1553                          ,  101, 9999,  101,  101,    0,     0,     0
 ED5.2,3282                          ,1055                          ,                    ,1318      ,                ,  101,                    ,                              ,14,0,20181130 21:47:02,    0,         0,         0,65535,65535, 9999,2,                ,0000000,0, 0,         0,    0,0000000000000000000000000000000000000000,0000000000000000000000000000000000000000,         0,         0,         0,         0,1, 0, 0, 0,3282                          ,    0,         0,0,20181130 21:47:02,1055                          ,  101, 9999,  101,  101,    0,     0,     0
 ED5.2,88                            ,1055                          ,                    ,1318      ,                ,  101,                    ,                              ,14,0,20181130 21:47:04,    0,         0,         2,65535,65535, 9999,2,                ,0000000,0, 0,         0,    0,0000000000000000000000000000000000000000,0000000000000000000000000000000000000000,         0,         0,         0,         0,1, 0, 0, 0,3282                          ,    0,         2,1,20181130 21:47:02,1055                          ,  101, 9999,  101,  101,    0,     0,     0
 ED5.2,5357041                       ,1248                          ,MARIA ISABEL MEN    ,1843      ,                ,  101,                    ,                              , 4,2,20181130 21:48:35,    0,         0,         0,  120,   20,  101,2,                ,0000000,3, 0,         0,    0,0000000000000000000000000000000000000000,0000000000000000000000010000000000000000,         0,         0,         0,         0,1, 0, 0, 0,1141                          ,   51,         0,1,20181130 21:48:35,                              , 9999, 9999, 9999, 9999,32767,     0,     0
 ED5.2,------------------------------,1032                          ,CARLOS FAUST MUN    ,1632      ,                ,  101,                    ,                              , 0,2,20181130 21:50:49,    0,         0,       602, 1975,   11,  101,2,                ,0010000,2, 1,         0,    0,1000000000000000000000000000000000000000,0000000000000000000000010000000000001000,         0,         0,         0,         0,1, 0, 0, 0,7020236                       ,    0,         0,0,20181130 21:40:47,1032                          , 9999, 9999, 9999,  101,32767,     0,     0
 ED5.2,1394                          ,1027                          ,                    ,1638      ,                ,  101,                    ,                              ,14,0,20181130 22:06:34,    0,         0,        14,65535,65535, 9999,2,                ,0000000,0, 0,         0,    0,0000000000000000000000000000000000000000,0000000000000000000000000000000000000000,         0,         0,         0,         0,1, 0, 0, 0,1394                          ,    0,        14,0,20181130 22:06:20,1027                          ,  101, 9999,  101,  101,    0,     0,     0
