 ED5.2,7436767                       ,3253                          ,CHARITYN TAT COR    ,1112      ,                ,  101,                    ,                              , 0,2,20190109 06:07:06,    0,         0,        14,10001,   11,  101,2,                ,0010000,2, 1,         0,    0,1000000000000000000000000000000000000000,0000000000000000000000010000000000001000,         0,         0,         0,         0,1, 0, 0, 0,7436767                       ,    0,         0,0,20190109 06:06:52,3253                          , 9999, 9999, 9999,  101,32767,     0,     0
 ED5.2,1000                          ,1737                          ,                    ,1635      ,                ,  101,                    ,                              ,14,0,20190109 06:07:54,    0,         0,         0,65535,65535, 9999,2,                ,0000000,0, 0,         0,    0,0000000000000000000000000000000000000000,0000000000000000000000000000000000000000,         0,         0,         0,         0,1, 0, 0, 0,1000                          ,    0,         0,0,20190109 06:07:54,1737                          ,  101, 9999,  101,  101,    0,     0,     0
 ED5.2,7500500                       ,5005                          ,5005                ,          ,                ,  101,                    ,                              , 7,2,20190109 06:18:41,    0,         0,       102,10866,   82,  101,2,                ,0010000,2, 1,         0,    0,1000000000000000000000000000000000000000,0000000000000000000000010000000000001000,         0,         0,         0,         0,1, 0, 0, 0,7500500                       ,    0,         0,0,20190109 06:16:59,                              , 9999, 9999, 9999, 9999,32767,     0,     0
 ED5.2,7500500                       ,5002                          ,5002                ,          ,                ,  101,                    ,                              , 7,2,20190109 06:18:48,    0,         0,       101,10869,   82,  101,2,                ,0010000,2, 1,         0,    0,1000000000000000000000000000000000000000,0000000000000000000000010000000000001000,         0,         0,         0,         0,1, 0, 0, 0,7500500                       ,    0,         0,0,20190109 06:17:07,                              , 9999, 9999, 9999, 9999,32767,     0,     0
 ED5.2,7500500                       ,5003                          ,5003                ,          ,                ,  101,                    ,                              , 7,2,20190109 06:18:55,    0,         0,       102,10870,   82,  101,2,                ,0010000,2, 1,         0,    0,1000000000000000000000000000000000000000,0000000000000000000000010000000000001000,         0,         0,         0,         0,1, 0, 0, 0,7500500                       ,    0,         0,0,20190109 06:17:13,                              , 9999, 9999, 9999, 9999,32767,     0,     0
 ED5.2,7500500                       ,5001                          ,5001                ,          ,                ,  101,                    ,                              , 7,2,20190109 06:19:09,    0,         0,       100,10872,   82,  101,2,                ,0010000,2, 1,         0,    0,1000000000000000000000000000000000000000,0000000000000000000000010000000000001000,         0,         0,         0,         0,1, 0, 0, 0,7500500                       ,    0,         0,0,20190109 06:17:29,                              , 9999, 9999, 9999, 9999,32767,     0,     0
 ED5.2,7500500                       ,5004                          ,5004                ,          ,                ,  101,                    ,                              , 7,2,20190109 06:19:19,    0,         0,       102,10874,   82,  101,2,                ,0010000,2, 1,         0,    0,1000000000000000000000000000000000000000,0000000000000000000000010000000000001000,         0,         0,         0,         0,1, 0, 0, 0,7500500                       ,    0,         0,0,20190109 06:17:37,                              , 9999, 9999, 9999, 9999,32767,     0,     0
 ED5.2,663143477753                  ,FS201                         ,SIP-Med Va          ,          ,                ,  101,                    ,                              , 4,2,20190109 06:38:13,    0,         0,         8,11361,  201,  101,2,                ,0000000,2, 0,         0,    0,0000000000000000000000000000000000000000,0000000000000000000000010000000000000000,         0,         0,         0,         0,1, 0, 0, 0,7764                          ,    8,         0,0,20190109 06:38:05,                              , 9999, 9999, 9999, 9999,32767,     0,     0
 ED5.2,6447700                       ,3390                          ,SOPORTE COUNTRY     ,1945      ,                ,  101,                    ,                              , 0,2,20190109 06:42:29,    0,         0,         3,10001,   11,  101,2,                ,0010000,2, 1,         0,    0,1000000000000000000000000000000000000000,0000000000000000000000010000000000001000,         0,         0,         0,         0,1, 0, 0, 0,6447700                       ,    0,         0,0,20190109 06:42:26,3390                          , 9999, 9999, 9999,  101,32767,     0,     0
 ED5.2,7424888                       ,FS020                         ,ETB                 ,          ,                ,  101,                    ,                              , 4,2,20190109 06:42:29,    0,         0,         3,  120,   20,  101,2,                ,0000000,3, 0,         0,    0,0000000000000000000000000000000000000000,0000000000000000000000010000000000000000,         0,         0,         0,         0,1, 0, 0, 0,A800                          ,    4,         0,0,20190109 06:42:26,                              , 9999, 9999, 9999, 9999,32767,     0,     0
 ED5.2,1077                          ,3191                          ,                    ,1089      ,                ,  101,                    ,                              ,14,0,20190109 06:42:35,    0,         0,         0,65535,65535, 9999,2,                ,0000000,0, 0,         0,    0,0000000000000000000000000000000000000000,0000000000000000000000000000000000000000,         0,         0,         0,         0,1, 0, 0, 0,1077                          ,    0,         0,0,20190109 06:42:35,3191                          ,  101, 9999,  101,  101,    0,     0,     0
 ED5.2,6447730                       ,3390                          ,SOPORTE COUNTRY     ,1945      ,                ,  101,                    ,                              , 0,2,20190109 06:42:41,    0,         0,         5,10001,   11,  101,2,                ,0010000,2, 1,         0,    0,1000000000000000000000000000000000000000,0000000000000000000000010000000000001000,         0,         0,         0,         0,1, 0, 0, 0,6447730                       ,    0,         0,0,20190109 06:42:36,3390                          , 9999, 9999, 9999,  101,32767,     0,     0
 ED5.2,7424888                       ,FS082                         ,SIPsalida           ,          ,                ,  101,                    ,                              , 4,2,20190109 06:42:41,    0,         0,         5,10866,   82,  101,2,                ,0000000,2, 0,         0,    0,0000000000000000000000000000000000000000,0000000000000000000000010000000000000000,         0,         0,         0,         0,1, 0, 0, 0,A500                          ,    6,         0,0,20190109 06:42:36,                              , 9999, 9999, 9999, 9999,32767,     0,     0
 ED5.2,3214649                       ,3443                          ,LUIS ANDRES VASQ    ,2466      ,                ,  101,                    ,                              , 0,2,20190109 06:47:32,    0,         0,        52,11361,  201,  101,2,                ,0000000,2, 1,         0,    0,1000000000000000000000000000000000000000,0000000000000000000000010000000000001000,         0,         0,         0,         0,1, 0, 0, 0,3214649                       ,    0,         0,0,20190109 06:46:40,3443                          , 9999, 9999, 9999,  101,32767,     0,     0
 ED5.2,                              ,3612                          ,ISABEL BANQUEZ      ,3675      ,                ,  101,                    ,                              , 4,1,20190109 06:49:37,    0,         0,     42153,   94,   91,  101,2,                ,0000000,0, 0,         0,    0,0000000000000000000000000000000000000000,0000000000000000000000010000000000000000,         0,         0,         0,         0,1, 0, 0, 0,                              ,42148,         5,1,20190108 19:07:04,                              , 9999, 9999, 9999, 9999,32767,     0,     0
 ED5.2,663117986473                  ,FS020                         ,ETB                 ,          ,                ,  101,                    ,                              , 4,2,20190109 07:02:54,    0,         0,         1,  120,   20,  101,2,                ,0000000,2, 1,         0,    0,0000000000000000000000000000000000000000,0000000000000000000000010000000000000000,         0,         0,         0,         0,1, 0, 0, 0,A800                          ,    1,         0,0,20190109 07:02:53,                              , 9999, 9999, 9999, 9999,32767,     0,     0
