 ED5.2,7777                          ,2093                          ,                    ,4632      ,                ,  101,                    ,                              , 3,0,20181124 17:01:02,    0,         0,         0,65535,65535, 9999,2,                ,0000000,0, 0,         0,    0,0000000000000000000000000000000000000000,0000000000000000000000000000000000000000,         0,         0,         0,         0,1, 0, 0, 0,7777                          ,    0,         0,0,20181124 17:01:02,2093                          ,  101, 9999,  101,  101,    0,     0,     0
 ED5.2,2061                          ,2093                          ,                    ,4632      ,                ,  101,                    ,                              ,14,0,20181124 17:09:42,    0,         0,       200,65535,65535, 9999,2,                ,0000000,0, 0,         0,    0,0000000000000000000000000000000000000000,0000000000000000000000000000000000000000,         0,         0,         0,         0,1, 0, 0, 0,2061                          ,    0,       200,0,20181124 17:06:22,2093                          ,  101, 9999,  101,  101,    0,     0,     0
 ED5.2,3814060                       ,FS020                         ,ETB                 ,          ,                ,  101,                    ,                              , 4,2,20181124 17:10:02,    0,         0,         3,  120,   20,  101,2,                ,0000000,2, 0,         0,    0,0000000000000000000000000000000000000000,0000000000000000000000010000000000000000,         0,         0,         0,         0,1, 0, 0, 0,A800                          ,    4,         0,0,20181124 17:09:59,                              , 9999, 9999, 9999, 9999,32767,     0,     0
 ED5.2,2061                          ,2093                          ,                    ,4632      ,                ,  101,                    ,                              ,14,0,20181124 17:12:06,    0,         0,         9,65535,65535, 9999,2,                ,0000000,0, 0,         0,    0,0000000000000000000000000000000000000000,0000000000000000000000000000000000000000,         0,         0,         0,         0,1, 0, 0, 0,2061                          ,    0,         9,0,20181124 17:11:57,2093                          ,  101, 9999,  101,  101,    0,     0,     0
 ED5.2,5142372                       ,2061                          ,PAOLA ANDREA GAR    ,4632      ,                ,  101,                    ,                              , 0,2,20181124 17:18:19,    0,         0,        86,  306,   65,  101,2,                ,0010000,2, 1,         0,    0,1000000000000000000000000000000000000000,0000000000000000000000010000000000001000,         0,         0,         0,         0,1, 0, 0, 0,5142372                       ,    0,         0,0,20181124 17:16:53,2061                          , 9999, 9999, 9999,  101,32767,     0,     0
 ED5.2,1236                          ,1364                          ,                    ,1632      ,                ,  101,                    ,                              ,14,0,20181124 17:20:32,    0,         0,       247,65535,65535, 9999,2,                ,0000000,0, 0,         0,    0,0000000000000000000000000000000000000000,0000000000000000000000000000000000000000,         0,         0,         0,         0,1, 0, 0, 0,1236                          ,    0,       247,0,20181124 17:16:25,1364                          ,  101, 9999,  101,  101,    0,     0,     0
 ED5.2,663022382280                  ,1060                          ,NELLY CORTES C      ,1630      ,                ,  101,                    ,                              , 4,2,20181124 17:22:00,    0,         0,         0,  120,   20,  101,2,                ,0000000,2, 0,         0,    0,0000000000000000000000000000000000000000,0000000000000000000000010000000000000000,         0,         0,         0,         0,1, 0, 0, 0,1081                          ,   35,         0,1,20181124 17:22:00,                              , 9999, 9999, 9999, 9999,32767,     0,     0
 ED5.2,663043842335                  ,1060                          ,NELLY CORTES C      ,1630      ,                ,  101,                    ,                              , 4,2,20181124 17:39:23,    0,         0,         0,  120,   20,  101,2,                ,0000000,2, 0,         0,    0,0000000000000000000000000000000000000000,0000000000000000000000010000000000000000,         0,         0,         0,         0,1, 0, 0, 0,1081                          ,   43,         0,1,20181124 17:39:23,                              , 9999, 9999, 9999, 9999,32767,     0,     0
 ED5.2,                              ,FS082                         ,SIPsalida           ,          ,                ,  101,                    ,                              , 4,2,20181124 17:40:58,    0,         0,         3, 2815,   82,  101,2,                ,0000000,2, 0,         0,    0,0000000000000000000000000000000000000000,0000000000000000000000010000000000000000,         0,         0,         0,         0,1, 0, 0, 0,A500                          ,    4,         0,0,20181124 17:40:55,                              , 9999, 9999, 9999, 9999,32767,     0,     0
 ED5.2,663004536143                  ,FS065                         ,Fidu-Cali           ,          ,                ,  101,                    ,                              , 4,2,20181124 17:42:41,    0,         0,         0,  307,   65,  101,2,                ,0000000,3, 0,         0,    0,0000000000000000000000000000000000000000,0000000000000000000000010000000000000000,         0,         0,         0,         0,1, 0, 0, 0,A600                          ,    1,         0,0,20181124 17:42:41,                              , 9999, 9999, 9999, 9999,32767,     0,     0
 ED5.2,7497987                       ,1493                          ,LAURA MARCEL MOR    ,1634      ,                ,  101,                    ,                              , 0,2,20181124 17:46:38,    0,         0,       111, 1951,   11,  101,2,                ,0010000,2, 1,         0,    0,1000000000000000000000000000000000000000,0000000000000000000000010000000000001000,         0,         0,         0,         0,1, 0, 0, 0,7497987                       ,    0,         0,0,20181124 17:44:47,1493                          , 9999, 9999, 9999,  101,32767,     0,     0
 ED5.2,8947387                       ,1364                          ,LUIS FERNELY BER    ,1632      ,                ,  101,                    ,                              , 0,2,20181124 17:47:10,    0,         0,       159, 2815,   82,  101,2,                ,0010000,2, 1,         0,    0,1000000000000000000000000000000000000000,0000000000000000000000010000000000001000,         0,         0,         0,         0,1, 0, 0, 0,8947387                       ,    0,         0,0,20181124 17:44:31,1364                          , 9999, 9999, 9999,  101,32767,     0,     0
 ED5.2,7497987                       ,1493                          ,LAURA MARCEL MOR    ,1634      ,                ,  101,                    ,                              , 0,2,20181124 17:47:12,    0,         0,        22, 1951,   11,  101,2,                ,0010000,2, 1,         0,    0,1000000000000000000000000000000000000000,0000000000000000000000010000000000001000,         0,         0,         0,         0,1, 0, 0, 0,7497987                       ,    0,         0,0,20181124 17:46:50,1493                          , 9999, 9999, 9999,  101,32767,     0,     0
 ED5.2,                              ,FS082                         ,SIPsalida           ,          ,                ,  101,                    ,                              , 4,2,20181124 17:50:57,    0,         0,         3, 2815,   82,  101,2,                ,0000000,2, 0,         0,    0,0000000000000000000000000000000000000000,0000000000000000000000010000000000000000,         0,         0,         0,         0,1, 0, 0, 0,A500                          ,    3,         0,0,20181124 17:50:54,                              , 9999, 9999, 9999, 9999,32767,     0,     0
 ED5.2,1699                          ,13814500                      ,                    ,          ,                ,  101,                    ,                              , 7,2,20181124 17:56:46,    0,         0,         0, 1951,   11,  101,2,                ,0010000,2, 1,         0,    0,1000000000000000000000000000000000000000,0000000000000000000000010000000000000000,         0,         0,         0,         0,1, 0, 0, 0,                              ,    0,         0,0,20181124 17:56:46,                              , 9999, 9999, 9999, 9999,32767,     0,     0
 ED5.2,53167031                      ,FS082                         ,SIPsalida           ,          ,                ,  101,                    ,                              , 4,2,20181124 18:07:18,    0,         0,        16, 2815,   82,  101,2,                ,0000000,2, 0,         0,    0,0000000000000000000000000000000000000000,0000000000000000000000010000000000000000,         0,         0,         0,         0,1, 0, 0, 0,A900                          ,   17,         0,0,20181124 18:07:02,                              , 9999, 9999, 9999, 9999,32767,     0,     0
