 ED5.2,2082159                       ,1736                          ,RECEPCION 2 MORA    ,1635      ,                ,  101,                    ,                              , 0,2,20181201 18:16:45,    0,         0,       142,10865,   82,  101,2,                ,0010000,2, 1,         0,    0,1000000000000000000000000000000000000000,0000000000000000000000010000000000001000,         0,         0,         0,         0,1, 0, 0, 0,2082159                       ,    0,         0,0,20181201 18:14:23,1736                          , 9999, 9999, 9999,  101,32767,     0,     0
 ED5.2,663173686594                  ,FS020                         ,ETB                 ,          ,                ,  101,                    ,                              , 4,2,20181201 18:17:50,    0,         0,         6,  120,   20,  101,2,                ,0000000,2, 1,         0,    0,0000000000000000000000000000000000000000,0000000000000000000000010000000000000000,         0,         0,         0,         0,1, 0, 0, 0,A800                          ,    6,         0,0,20181201 18:17:44,                              , 9999, 9999, 9999, 9999,32767,     0,     0
 ED5.2,663173686594                  ,1737                          ,RECEPCION TO ALI    ,1635      ,                ,  101,                    ,                              , 4,2,20181201 18:19:35,    0,         0,        91,  120,   20,  101,2,                ,0000000,2, 0,         0,    0,0000000000000000000000000000000000000000,0000000000000000000000010000000000000000,         0,         0,         0,         0,1, 0, 0, 0,A800                          ,   12,        79,0,20181201 18:18:04,                              , 9999, 9999, 9999, 9999,32767,     0,     0
 ED5.2,------------------------------,******************************,                    ,**********,                ,  101,                    ,******************************, 4,2,20181201 18:20:53,    0,         0,         2,  120,   20,  101,2,                ,0000000,3, 0,         0,    0,0100000000000000000000000000000000000000,0000000000000000000000010000000000000000,         0,         0,         0,         0,1, 0, 0, 0,------------------------------,   16,         2,1,20181201 18:20:51,******************************, 9999, 9999, 9999, 9999,32767,     0,     0
 ED5.2,66                            ,1525                          ,ANGELICA TORRES     ,1632      ,                ,  101,                    ,                              , 0,2,20181201 18:22:03,    0,         0,         0,10001,   11,  101,2,                ,0010000,2, 1,         0,    0,1000000000000000000000000000000000000000,0000000000000000000000010000000000001000,         0,         0,         0,         0,1, 0, 0, 0,66                            ,    0,         0,0,20181201 18:22:03,1525                          , 9999, 9999, 9999,  101,32767,     0,     0
 ED5.2,5254563                       ,1532                          ,ESTEPHANIA CARO     ,1632      ,                ,  101,                    ,                              , 0,2,20181201 18:24:26,    0,         0,        44,10002,   11,  101,2,                ,0010000,2, 1,         0,    0,1000000000000000000000000000000000000000,0000000000000000000000010000000000001000,         0,         0,         0,         0,1, 0, 0, 0,5254563                       ,    0,         0,0,20181201 18:23:42,1532                          , 9999, 9999, 9999,  101,32767,     0,     0
 ED5.2,6604869                       ,1525                          ,ANGELICA TORRES     ,1632      ,                ,  101,                    ,                              , 0,2,20181201 18:25:21,    0,         0,       175,10001,   11,  101,2,                ,0010000,2, 1,         0,    0,1000000000000000000000000000000000000000,0000000000000000000000010000000000001000,         0,         0,         0,         0,1, 0, 0, 0,6604869                       ,    0,         0,0,20181201 18:22:26,1525                          , 9999, 9999, 9999,  101,32767,     0,     0
 ED5.2,2476994                       ,1438                          ,ALEXANDRA REY CA    ,1632      ,                ,  101,                    ,                              , 0,2,20181201 18:30:22,    0,         0,         0,10001,   11,  101,2,                ,0010000,2, 1,         0,    0,1000000000000000000000000000000000000000,0000000000000000000000010000000000001000,         0,         0,         0,         0,1, 0, 0, 0,2476994                       ,    0,         0,0,20181201 18:30:22,1438                          , 9999, 9999, 9999,  101,32767,     0,     0
 ED5.2,1865                          ,1452                          ,                    ,1632      ,                ,  101,                    ,                              ,14,0,20181201 18:33:56,    0,         0,        26,65535,65535, 9999,2,                ,0000000,0, 0,         0,    0,0000000000000000000000000000000000000000,0000000000000000000000000000000000000000,         0,         0,         0,         0,1, 0, 0, 0,1865                          ,    0,        26,0,20181201 18:33:30,1452                          ,  101, 9999,  101,  101,    0,     0,     0
 ED5.2,6604869                       ,1525                          ,ANGELICA TORRES     ,1632      ,                ,  101,                    ,                              , 0,2,20181201 18:36:20,    0,         0,        52,10001,   11,  101,2,                ,0010000,2, 1,         0,    0,1000000000000000000000000000000000000000,0000000000000000000000010000000000001000,         0,         0,         0,         0,1, 0, 0, 0,6604869                       ,    0,         0,0,20181201 18:35:28,1525                          , 9999, 9999, 9999,  101,32767,     0,     0
 ED5.2,663173686594                  ,1737                          ,RECEPCION TO ALI    ,1635      ,                ,  101,                    ,                              , 4,2,20181201 18:38:19,    0,         0,       364,  120,   20,  101,2,                ,0000000,2, 1,         0,    0,0000000000000000000000000000000000000000,0000000000000000000000010000000000000000,         0,         0,         0,         0,1, 0, 0, 0,A800                          ,   12,       353,0,20181201 18:32:15,                              , 9999, 9999, 9999, 9999,32767,     0,     0
