 ED5.2,033228330392                  ,3110                          ,JUAN PABLO GONZA    ,1466      ,                ,  101,                    ,                              , 0,2,20181117 13:01:17,    0,         0,         1, 2815,   82,  101,2,                ,0010000,2, 1,         0,    0,1000000000000000000000000000000000000000,0000000000000000000000010000000000001000,         0,         0,         0,         0,1, 0, 0, 0,033228330392                  ,    0,         0,0,20181117 13:01:16,3110                          , 9999, 9999, 9999,  101,32767,     0,     0
 ED5.2,3139800                       ,3167                          ,RAFAEL EDUAR COR    ,1979      ,                ,  101,                    ,                              , 0,2,20181117 13:03:15,    0,         0,        24, 1951,   11,  101,2,                ,0010000,2, 1,         0,    0,1000000000000000000000000000000000000000,0000000000000000000000010000000000001000,         0,         0,         0,         0,1, 0, 0, 0,3139800                       ,    0,         0,0,20181117 13:02:51,3167                          , 9999, 9999, 9999,  101,32767,     0,     0
 ED5.2,3814060                       ,FS020                         ,ETB                 ,          ,                ,  101,                    ,                              , 4,2,20181117 13:04:29,    0,         0,         3,  120,   20,  101,2,                ,0000000,2, 0,         0,    0,0000000000000000000000000000000000000000,0000000000000000000000010000000000000000,         0,         0,         0,         0,1, 0, 0, 0,A800                          ,    3,         0,0,20181117 13:04:26,                              , 9999, 9999, 9999, 9999,32767,     0,     0
 ED5.2,3174821280                    ,1239                          ,WILLINTONG MUNOZ    ,1949      ,                ,  101,                    ,                              , 0,1,20181117 13:07:29,    0,         0,       416,  378,   21,  101,2,                ,0010000,0, 0,         0,    0,0000000000000000000000000000000000000000,0000000000000000000000010000000000001000,         0,         0,         0,         0,1, 0, 0, 0,033174821280                  ,    0,         0,0,20181117 13:00:33,1239                          , 9999, 9999, 9999,  101,32767,     0,     0
 ED5.2,6398080                       ,1600                          ,RECEPCION COUNTR    ,1635      ,                ,  101,                    ,                              , 4,2,20181117 13:07:33,    0,         0,        67,  121,   20,  101,2,                ,0000000,2, 0,         0,    0,0000000000000000000000000000000000000000,0000000000000000000000010000000000000000,         0,         0,         0,         0,1, 0, 0, 0,A800                          ,   67,         0,1,20181117 13:06:26,                              , 9999, 9999, 9999, 9999,32767,     0,     0
 ED5.2,3174821280                    ,1239                          ,WILLINTONG MUNOZ    ,1949      ,                ,  101,                    ,                              , 0,1,20181117 13:12:43,    0,         0,        18,  377,   21,  101,2,                ,0010000,0, 0,         0,    0,0000000000000000000000000000000000000000,0000000000000000000000010000000000001000,         0,         0,         0,         0,1, 0, 0, 0,033174821280                  ,    0,         0,0,20181117 13:12:25,1239                          , 9999, 9999, 9999,  101,32767,     0,     0
 ED5.2,033218109443                  ,2014                          ,RECEPCION 2 CALI    ,4635      ,                ,  101,                    ,                              , 4,2,20181117 13:14:05,    0,         0,       203,  322,   65,  101,2,                ,0000000,3, 0,         0,    0,0000000000000000000000000000000000000000,0000000000000000000000010000000000000000,         0,         0,         0,         0,1, 0, 0, 0,A600                          ,  203,         0,1,20181117 13:10:42,                              , 9999, 9999, 9999, 9999,32767,     0,     0
 ED5.2,663106100898                  ,1736                          ,RECEPCION 2 MORA    ,1635      ,                ,  101,                    ,                              , 4,2,20181117 13:19:40,    0,         0,       864,  120,   20,  101,2,                ,0000000,2, 1,         0,    0,0000000000000000000000000000000000000000,0000000000000000000000010000000000000000,         0,         0,         0,         0,1, 0, 0, 0,A800                          ,  864,         0,1,20181117 13:05:16,                              , 9999, 9999, 9999, 9999,32767,     0,     0
 ED5.2,2123505                       ,1239                          ,WILLINTONG MUNOZ    ,1949      ,                ,  101,                    ,                              , 0,2,20181117 13:22:43,    0,         0,        30, 1951,   11,  101,2,                ,0010000,2, 1,         0,    0,1000000000000000000000000000000000000000,0000000000000000000000010000000000001000,         0,         0,         0,         0,1, 0, 0, 0,2123505                       ,    0,         0,0,20181117 13:22:13,1239                          , 9999, 9999, 9999,  101,32767,     0,     0
 ED5.2,1213                          ,1218                          ,                    ,1638      ,                ,  101,                    ,                              ,14,0,20181117 13:31:05,    0,         0,       203,65535,65535, 9999,2,                ,0000000,0, 0,         0,    0,0000000000000000000000000000000000000000,0000000000000000000000000000000000000000,         0,         0,         0,         0,1, 0, 0, 0,1213                          ,    0,       203,0,20181117 13:27:42,1218                          ,  101, 9999,  101,  101,    0,     0,     0
 ED5.2,6962760                       ,8017                          ,CARMEN SOFIA CAD    ,6952      ,                ,  101,                    ,                              , 0,1,20181117 13:31:30,    0,         0,        31,  400,   80,  101,2,                ,0010000,0, 0,         0,    0,0000000000000000000000000000000000000000,0000000000000000000000010000000000001000,         0,         0,         0,         0,1, 0, 0, 0,6962760                       ,    0,         0,0,20181117 13:30:59,8017                          , 9999, 9999, 9999,  101,32767,     0,     0
 ED5.2,3138041746                    ,1084                          ,LIBRE LIBRE         ,1638      ,                ,  101,                    ,                              , 0,1,20181117 13:31:44,    0,         0,        46,  378,   21,  101,2,                ,0010000,0, 0,         0,    0,0000000000000000000000000000000000000000,0000000000000000000000010000000000001000,         0,         0,         0,         0,1, 0, 0, 0,033138041746                  ,    0,         0,0,20181117 13:30:58,1084                          , 9999, 9999, 9999,  101,32767,     0,     0
 ED5.2,1239                          ,1736                          ,                    ,1635      ,                ,  101,                    ,                              ,14,0,20181117 13:32:23,    0,         0,        12,65535,65535, 9999,2,                ,0000000,0, 0,         0,    0,0000000000000000000000000000000000000000,0000000000000000000000000000000000000000,         0,         0,         0,         0,1, 0, 0, 0,1239                          ,    0,        12,0,20181117 13:32:11,1736                          ,  101, 9999,  101,  101,    0,     0,     0
 ED5.2,1699                          ,16398080                      ,                    ,          ,                ,  101,                    ,                              , 7,2,20181117 13:32:26,    0,         0,         0, 1951,   11,  101,2,                ,0010000,2, 1,         0,    0,1000000000000000000000000000000000000000,0000000000000000000000010000000000000000,         0,         0,         0,         0,1, 0, 0, 0,                              ,    0,         0,0,20181117 13:32:26,                              , 9999, 9999, 9999, 9999,32767,     0,     0
 ED5.2,3277109                       ,4812                          ,                    ,          ,                ,  101,                    ,                              , 7,2,20181117 13:40:05,    0,         0,    105889, 2827,   82,  101,2,                ,0010000,2, 1,         0,    0,1000000000000000000000000000000000000000,0000000000000000000000010000000000001000,         0,         0,         0,         0,1, 0, 0, 0,3277109                       ,    0,         0,0,20181116 08:15:16,                              , 9999, 9999, 9999, 9999,32767,     0,     0
 ED5.2,663004334220                  ,FS082                         ,SIPsalida           ,          ,                ,  101,                    ,                              , 4,2,20181117 13:49:30,    0,         0,        18, 2815,   82,  101,2,                ,0000000,2, 0,         0,    0,0000000000000000000000000000000000000000,0000000000000000000000010000000000000000,         0,         0,         0,         0,1, 0, 0, 0,A900                          ,   18,         0,0,20181117 13:49:12,                              , 9999, 9999, 9999, 9999,32767,     0,     0
 ED5.2,4053                          ,4088                          ,                    ,2952      ,                ,  101,                    ,                              ,14,0,20181117 13:58:30,    0,         0,         0,65535,65535, 9999,2,                ,0000000,0, 0,         0,    0,0000000000000000000000000000000000000000,0000000000000000000000000000000000000000,         0,         0,         0,         0,1, 0, 0, 0,4053                          ,    0,         0,0,20181117 13:58:30,4088                          ,  101, 9999,  101,  101,    0,     0,     0
