 ED5.2,7777                          ,5122                          ,                    ,3635      ,                ,  101,                    ,                              , 3,0,20190119 09:03:41,    0,         0,         0,65535,65535, 9999,2,                ,0000000,0, 0,         0,    0,0000000000000000000000000000000000000000,0000000000000000000000000000000000000000,         0,         0,         0,         0,1, 0, 0, 0,7777                          ,    0,         0,0,20190119 09:03:41,5122                          ,  101, 9999,  101,  101,    0,     0,     0
 ED5.2,7428383                       ,1600                          ,RECEPCION COUNTR    ,1635      ,                ,  101,                    ,                              , 0,2,20190119 09:04:54,    0,         0,         0,10349,   66,  101,2,                ,0010000,2, 1,         0,    0,1000000000000000000000000000000000000000,0000000000000000000000010000000000001000,         0,         0,         0,         0,1, 0, 0, 0,037428383                     ,    0,         0,0,20190119 09:04:54,1600                          , 9999, 9999, 9999,  101,32767,     0,     0
 ED5.2,663726399                     ,FS015                         ,SIPMED F            ,          ,                ,  101,                    ,                              , 4,2,20190119 09:05:46,    0,         0,        17,10445,   15,  101,2,                ,0000000,2, 0,         0,    0,0000000000000000000000000000000000000000,0000000000000000000000010000000000000000,         0,         0,         0,         0,1, 0, 0, 0,A800                          ,   18,         0,1,20190119 09:05:29,                              , 9999, 9999, 9999, 9999,32767,     0,     0
 ED5.2,7940024                       ,1340                          ,RECEPCION MORATO    ,1635      ,                ,  101,                    ,                              , 4,2,20190119 09:06:31,    0,         0,        70,  120,   20,  101,2,                ,0000000,3, 0,         0,    0,0000000000000000000000000000000000000000,0000000000000000000000010000000000000000,         0,         0,         0,         0,1, 0, 0, 0,A800                          ,   70,         0,1,20190119 09:05:21,                              , 9999, 9999, 9999, 9999,32767,     0,     0
 ED5.2,663154184438                  ,1340                          ,RECEPCION MORATO    ,1635      ,                ,  101,                    ,                              , 4,2,20190119 09:10:12,    0,         0,        97,  120,   20,  101,2,                ,0000000,2, 1,         0,    0,0000000000000000000000000000000000000000,0000000000000000000000010000000000000000,         0,         0,         0,         0,1, 0, 0, 0,A800                          ,   97,         0,1,20190119 09:08:35,                              , 9999, 9999, 9999, 9999,32767,     0,     0
 ED5.2,4785800                       ,3379                          ,KAREN LIZETH POR    ,1466      ,                ,  101,                    ,                              , 4,2,20190119 09:16:12,    0,         0,        47,10865,   82,  101,2,                ,0000000,2, 0,         0,    0,0000000000000000000000000000000000000000,0000000000000000000000010000000000000000,         0,         0,         0,         0,1, 0, 0, 0,7634                          ,   48,         0,1,20190119 09:15:25,                              , 9999, 9999, 9999, 9999,32767,     0,     0
 ED5.2,3225669557                    ,6111                          ,OLGA LUCIA GIRAL    ,5952      ,                ,  101,                    ,                              , 0,2,20190119 09:18:36,    0,         0,        57,10349,   66,  101,2,                ,0010000,2, 1,         0,    0,1000000000000000000000000000000000000000,0000000000000000000000010000000000001000,         0,         0,         0,         0,1, 0, 0, 0,033225669557                  ,    0,         0,0,20190119 09:17:39,6111                          , 9999, 9999, 9999,  101,32767,     0,     0
 ED5.2,663232554002                  ,FS082                         ,SIPsalida           ,          ,                ,  101,                    ,                              , 4,2,20190119 09:18:50,    0,         0,        20,10865,   82,  101,2,                ,0000000,2, 0,         0,    0,0000000000000000000000000000000000000000,0000000000000000000000010000000000000000,         0,         0,         0,         0,1, 0, 0, 0,A500                          ,   20,         0,0,20190119 09:18:30,                              , 9999, 9999, 9999, 9999,32767,     0,     0
 ED5.2,3166959114                    ,6111                          ,OLGA LUCIA GIRAL    ,5952      ,                ,  101,                    ,                              , 0,2,20190119 09:19:16,    0,         0,         0,10349,   66,  101,2,                ,0010000,2, 1,         0,    0,1000000000000000000000000000000000000000,0000000000000000000000010000000000001000,         0,         0,         0,         0,1, 0, 0, 0,033166959114                  ,    0,         0,0,20190119 09:19:16,6111                          , 9999, 9999, 9999,  101,32767,     0,     0
 ED5.2,3225669557                    ,6111                          ,OLGA LUCIA GIRAL    ,5952      ,                ,  101,                    ,                              , 0,2,20190119 09:19:46,    0,         0,         0,10349,   66,  101,2,                ,0010000,2, 1,         0,    0,1000000000000000000000000000000000000000,0000000000000000000000010000000000001000,         0,         0,         0,         0,1, 0, 0, 0,033225669557                  ,    0,         0,0,20190119 09:19:46,6111                          , 9999, 9999, 9999,  101,32767,     0,     0
 ED5.2,6398080                       ,1014                          ,RECEPCION LO COU    ,1635      ,                ,  101,                    ,                              , 4,2,20190119 09:20:23,    0,         0,        67,  120,   20,  101,2,                ,0000000,2, 0,         0,    0,0000000000000000000000000000000000000000,0000000000000000000000010000000000000000,         0,         0,         0,         0,1, 0, 0, 0,A800                          ,   68,         0,1,20190119 09:19:16,                              , 9999, 9999, 9999, 9999,32767,     0,     0
 ED5.2,663196271721                  ,FS020                         ,ETB                 ,          ,                ,  101,                    ,                              , 4,2,20190119 09:21:57,    0,         0,        11,  120,   20,  101,2,                ,0000000,2, 1,         0,    0,0000000000000000000000000000000000000000,0000000000000000000000010000000000000000,         0,         0,         0,         0,1, 0, 0, 0,A800                          ,   12,         0,0,20190119 09:21:46,                              , 9999, 9999, 9999, 9999,32767,     0,     0
 ED5.2,8070417                       ,1380                          ,JORGE EDUARD GON    ,1952      ,                ,  101,                    ,                              , 0,2,20190119 09:24:09,    0,         0,       195,10001,   11,  101,2,                ,0010000,2, 1,         0,    0,1000000000000000000000000000000000000000,0000000000000000000000010000000000001000,         0,         0,         0,         0,1, 0, 0, 0,8070417                       ,    0,         0,0,20190119 09:20:54,1380                          , 9999, 9999, 9999,  101,32767,     0,     0
 ED5.2,6604869                       ,1526                          ,DIEGO ALEXAN LOP    ,1632      ,                ,  101,                    ,                              , 0,2,20190119 09:25:57,    0,         0,       110,10002,   11,  101,2,                ,0010000,2, 1,         0,    0,1000000000000000000000000000000000000000,0000000000000000000000010000000000001000,         0,         0,         0,         0,1, 0, 0, 0,6604869                       ,    0,         0,0,20190119 09:24:07,1526                          , 9999, 9999, 9999,  101,32767,     0,     0
 ED5.2,1526                          ,1736                          ,                    ,1635      ,                ,  101,                    ,                              ,14,0,20190119 09:27:13,    0,         0,        10,65535,65535, 9999,2,                ,0000000,0, 0,         0,    0,0000000000000000000000000000000000000000,0000000000000000000000000000000000000000,         0,         0,         0,         0,1, 0, 0, 0,1526                          ,    0,        10,0,20190119 09:27:03,1736                          ,  101, 9999,  101,  101,    0,     0,     0
 ED5.2,                              ,5200                          ,RECEPCION CARTAG    ,7952      ,                ,  101,                    ,                              , 4,1,20190119 09:32:46,    0,         0,        89,   90,   81,  101,2,                ,0000000,0, 0,         0,    0,0000000000000000000000000000000000000000,0000000000000000000000010000000000000000,         0,         0,         0,         0,1, 0, 0, 0,                              ,   89,         0,1,20190119 09:31:17,                              , 9999, 9999, 9999, 9999,32767,     0,     0
 ED5.2,                              ,5126                          ,ASTRID CAROL LAR    ,3843      ,                ,  101,                    ,                              , 4,1,20190119 09:35:43,    0,         0,       156,   90,   81,  101,2,                ,0000000,0, 0,         0,    0,0000000000000000000000000000000000000000,0000000000000000000000010000000000000000,         0,         0,         0,         0,1, 0, 0, 0,                              ,  157,         0,1,20190119 09:33:07,                              , 9999, 9999, 9999, 9999,32767,     0,     0
 ED5.2,663206325485                  ,FS020                         ,ETB                 ,          ,                ,  101,                    ,                              , 4,2,20190119 09:36:33,    0,         0,        49,  120,   20,  101,2,                ,0000000,2, 1,         0,    0,0000000000000000000000000000000000000000,0000000000000000000000010000000000000000,         0,         0,         0,         0,1, 0, 0, 0,A800                          ,   50,         0,1,20190119 09:35:44,                              , 9999, 9999, 9999, 9999,32767,     0,     0
 ED5.2,2557165                       ,4024                          ,ZORAIDA MESA RES    ,2952      ,                ,  101,                    ,                              , 0,2,20190119 09:40:14,    0,         0,       123,10445,   15,  101,2,                ,0010000,2, 1,         0,    0,1000000000000000000000000000000000000000,0000000000000000000000010000000000001000,         0,         0,         0,         0,1, 0, 0, 0,2557165                       ,    0,         0,0,20190119 09:38:11,4024                          , 9999, 9999, 9999,  101,32767,     0,     0
 ED5.2,1699                          ,16398080                      ,                    ,          ,                ,  101,                    ,                              , 7,2,20190119 09:40:14,    0,         0,         0,10001,   11,  101,2,                ,0010000,2, 1,         0,    0,1000000000000000000000000000000000000000,0000000000000000000000010000000000000000,         0,         0,         0,         0,1, 0, 0, 0,                              ,    0,         0,0,20190119 09:40:14,                              , 9999, 9999, 9999, 9999,32767,     0,     0
 ED5.2,3693000                       ,1783                          ,WILLIAM ALEX VAR    ,1981      ,                ,  101,                    ,                              , 4,2,20190119 09:40:18,    0,         0,        26,  120,   20,  101,2,                ,0000000,2, 0,         0,    0,0000000000000000000000000000000000000000,0000000000000000000000010000000000000000,         0,         0,         0,         0,1, 0, 0, 0,A800                          ,   27,         0,0,20190119 09:39:52,                              , 9999, 9999, 9999, 9999,32767,     0,     0
 ED5.2,                              ,7500                          ,Recep Bogota        ,          ,                ,  101,                    ,                              , 4,1,20190119 09:40:45,    0,         0,         0,  377,   21,  101,2,                ,0000000,0, 0,         0,    0,0000000000000000000000000000000000000000,0000000000000000000000010000000000000000,         0,         0,         0,         0,1, 0, 0, 0,                              ,   17,         0,1,20190119 09:40:45,                              , 9999, 9999, 9999, 9999,32767,     0,     0
 ED5.2,8054455                       ,1014                          ,RECEPCION LO COU    ,1635      ,                ,  101,                    ,                              , 4,2,20190119 09:41:19,    0,         0,        84,  121,   20,  101,2,                ,0000000,3, 0,         0,    0,0000000000000000000000000000000000000000,0000000000000000000000010000000000000000,         0,         0,         0,         0,1, 0, 0, 0,A800                          ,   85,         0,1,20190119 09:39:55,                              , 9999, 9999, 9999, 9999,32767,     0,     0
 ED5.2,663104697572                  ,FS020                         ,ETB                 ,          ,                ,  101,                    ,                              , 4,2,20190119 09:43:45,    0,         0,        70,  120,   20,  101,2,                ,0000000,2, 0,         0,    0,0000000000000000000000000000000000000000,0000000000000000000000010000000000000000,         0,         0,         0,         0,1, 0, 0, 0,A800                          ,   71,         0,1,20190119 09:42:35,                              , 9999, 9999, 9999, 9999,32767,     0,     0
 ED5.2,663103711329                  ,4038                          ,DORA MARLENY BET    ,2952      ,                ,  101,                    ,                              , 4,2,20190119 09:44:51,    0,         0,        81,10445,   15,  101,2,                ,0000000,2, 0,         0,    0,0000000000000000000000000000000000000000,0000000000000000000000010000000000000000,         0,         0,         0,         0,1, 0, 0, 0,A800                          ,   81,         0,1,20190119 09:43:30,                              , 9999, 9999, 9999, 9999,32767,     0,     0
 ED5.2,663174030171                  ,FS020                         ,ETB                 ,          ,                ,  101,                    ,                              , 4,2,20190119 09:45:02,    0,         0,         4,  120,   20,  101,2,                ,0000000,3, 0,         0,    0,0000000000000000000000000000000000000000,0000000000000000000000010000000000000000,         0,         0,         0,         0,1, 0, 0, 0,A800                          ,    4,         0,0,20190119 09:44:58,                              , 9999, 9999, 9999, 9999,32767,     0,     0
 ED5.2,663124478870                  ,1600                          ,RECEPCION COUNTR    ,1635      ,                ,  101,                    ,                              , 4,2,20190119 09:45:43,    0,         0,       122,  121,   20,  101,2,                ,0000000,2, 1,         0,    0,0000000000000000000000000000000000000000,0000000000000000000000010000000000000000,         0,         0,         0,         0,1, 0, 0, 0,A800                          ,  122,         0,1,20190119 09:43:41,                              , 9999, 9999, 9999, 9999,32767,     0,     0
 ED5.2,1559                          ,5133                          ,                    ,3632      ,                ,  101,                    ,                              ,14,0,20190119 09:49:13,    0,         0,         0,65535,65535, 9999,2,                ,0000000,0, 0,         0,    0,0000000000000000000000000000000000000000,0000000000000000000000000000000000000000,         0,         0,         0,         0,1, 0, 0, 0,1559                          ,    0,         0,0,20190119 09:49:13,5133                          ,  101, 9999,  101,  101,    0,     0,     0
 ED5.2,1041                          ,5133                          ,                    ,3632      ,                ,  101,                    ,                              ,14,0,20190119 09:49:15,    0,         0,         0,65535,65535, 9999,2,                ,0000000,0, 0,         0,    0,0000000000000000000000000000000000000000,0000000000000000000000000000000000000000,         0,         0,         0,         0,1, 0, 0, 0,1559                          ,    0,         0,1,20190119 09:49:15,5133                          ,  101, 9999,  101,  101,    0,     0,     0
 ED5.2,1559                          ,5133                          ,                    ,3632      ,                ,  101,                    ,                              ,14,0,20190119 09:50:42,    0,         0,         0,65535,65535, 9999,2,                ,0000000,0, 0,         0,    0,0000000000000000000000000000000000000000,0000000000000000000000000000000000000000,         0,         0,         0,         0,1, 0, 0, 0,1559                          ,    0,         0,0,20190119 09:50:42,5133                          ,  101, 9999,  101,  101,    0,     0,     0
 ED5.2,1041                          ,5133                          ,                    ,3632      ,                ,  101,                    ,                              ,14,0,20190119 09:50:58,    0,         0,         0,65535,65535, 9999,2,                ,0000000,0, 0,         0,    0,0000000000000000000000000000000000000000,0000000000000000000000000000000000000000,         0,         0,         0,         0,1, 0, 0, 0,1559                          ,    0,         0,1,20190119 09:50:58,5133                          ,  101, 9999,  101,  101,    0,     0,     0
 ED5.2,1525                          ,5133                          ,                    ,3632      ,                ,  101,                    ,                              ,14,0,20190119 09:51:13,    0,         0,         0,65535,65535, 9999,2,                ,0000000,0, 0,         0,    0,0000000000000000000000000000000000000000,0000000000000000000000000000000000000000,         0,         0,         0,         0,1, 0, 0, 0,1559                          ,    0,         0,1,20190119 09:51:13,5133                          ,  101, 9999,  101,  101,    0,     0,     0
 ED5.2,1890                          ,5133                          ,                    ,3632      ,                ,  101,                    ,                              ,14,0,20190119 09:51:20,    0,         0,         0,65535,65535, 9999,2,                ,0000000,0, 0,         0,    0,0000000000000000000000000000000000000000,0000000000000000000000000000000000000000,         0,         0,         0,         0,1, 0, 0, 0,1559                          ,    0,         0,1,20190119 09:51:20,5133                          ,  101, 9999,  101,  101,    0,     0,     0
 ED5.2,6059900                       ,FS020                         ,ETB                 ,          ,                ,  101,                    ,                              , 4,2,20190119 09:51:37,    0,         0,         4,  120,   20,  101,2,                ,0000000,2, 0,         0,    0,0000000000000000000000000000000000000000,0000000000000000000000010000000000000000,         0,         0,         0,         0,1, 0, 0, 0,A800                          ,    5,         0,0,20190119 09:51:33,                              , 9999, 9999, 9999, 9999,32767,     0,     0
 ED5.2,1526                          ,1736                          ,                    ,1635      ,                ,  101,                    ,                              ,14,0,20190119 09:55:01,    0,         0,         8,65535,65535, 9999,2,                ,0000000,0, 0,         0,    0,0000000000000000000000000000000000000000,0000000000000000000000000000000000000000,         0,         0,         0,         0,1, 0, 0, 0,1526                          ,    0,         8,0,20190119 09:54:53,1736                          ,  101, 9999,  101,  101,    0,     0,     0
 ED5.2,7438777                       ,FS020                         ,ETB                 ,          ,                ,  101,                    ,                              , 4,2,20190119 10:01:44,    0,         0,         5,  120,   20,  101,2,                ,0000000,3, 0,         0,    0,0000000000000000000000000000000000000000,0000000000000000000000010000000000000000,         0,         0,         0,         0,1, 0, 0, 0,A800                          ,    5,         0,0,20190119 10:01:39,                              , 9999, 9999, 9999, 9999,32767,     0,     0
