 ED5.2,2050                          ,2060                          ,                    ,4635      ,                ,  101,                    ,                              ,14,0,20190121 08:00:30,    0,         0,        52,65535,65535, 9999,2,                ,0000000,0, 0,         0,    0,0000000000000000000000000000000000000000,0000000000000000000000000000000000000000,         0,         0,         0,         0,1, 0, 0, 0,2050                          ,    0,        52,0,20190121 07:59:38,2060                          ,  101, 9999,  101,  101,    0,     0,     0
 ED5.2,5190395                       ,1680                          ,CESAR AUGUST LIE    ,1425      ,                ,  101,                    ,                              , 0,2,20190121 08:00:30,    0,         0,        71,10874,   82,  101,2,                ,0010000,2, 1,         0,    0,1000000000000000000000000000000000000000,0000000000000000000000010000000000001000,         0,         0,         0,         0,1, 0, 0, 0,5190395                       ,    0,         0,0,20190121 07:59:19,1680                          , 9999, 9999, 9999,  101,32767,     0,     0
 ED5.2,1322                          ,1211                          ,                    ,1952      ,                ,  101,                    ,                              ,14,0,20190121 08:00:45,    0,         0,       122,65535,65535, 9999,2,                ,0000000,0, 0,         0,    0,0000000000000000000000000000000000000000,0000000000000000000000000000000000000000,         0,         0,         0,         0,1, 0, 0, 0,1322                          ,    0,       122,0,20190121 07:58:43,1211                          ,  101, 9999,  101,  101,    0,     0,     0
 ED5.2,------------------------------,******************************,                    ,**********,                ,  101,                    ,******************************, 4,2,20190121 08:00:47,    0,         0,        31,11362,  201,  101,2,                ,0000000,2, 0,         0,    0,0000000000000000000000000000000000000000,0000000000000000000000010000000000000000,         0,         0,         0,         0,1, 0, 0, 0,------------------------------,   31,         0,1,20190121 08:00:16,******************************, 9999, 9999, 9999, 9999,32767,     0,     0
 ED5.2,3077011                       ,3318                          ,JOSE IGNACIO MAL    ,1981      ,                ,  101,                    ,                              , 0,2,20190121 08:00:47,    0,         0,       414,10001,   11,  101,2,                ,0010000,2, 1,         0,    0,1000000000000000000000000000000000000000,0000000000000000000000010000000000001000,         0,         0,         0,         0,1, 0, 0, 0,3077011                       ,    0,         0,0,20190121 07:53:53,3318                          , 9999, 9999, 9999,  101,32767,     0,     0
 ED5.2,3808700                       ,1056                          ,CINDY YARLIN ALB    ,1952      ,                ,  101,                    ,                              , 4,2,20190121 08:00:50,    0,         0,        43,  121,   20,  101,2,                ,0000000,3, 0,         0,    0,0000000000000000000000000000000000000000,0000000000000000000000010000000000000000,         0,         0,         0,         0,1, 0, 0, 0,A800                          ,   11,        32,0,20190121 08:00:07,                              , 9999, 9999, 9999, 9999,32767,     0,     0
 ED5.2,3390                          ,3249                          ,                    ,1466      ,                ,  101,                    ,                              ,14,0,20190121 08:00:51,    0,         0,         0,65535,65535, 9999,2,                ,0000000,0, 0,         0,    0,0000000000000000000000000000000000000000,0000000000000000000000000000000000000000,         0,         0,         0,         0,1, 0, 0, 0,3390                          ,    0,         0,0,20190121 08:00:51,3249                          ,  101, 9999,  101,  101,    0,     0,     0
 ED5.2,2042                          ,2050                          ,                    ,4949      ,                ,  101,                    ,                              ,14,0,20190121 08:00:55,    0,         0,        13,65535,65535, 9999,2,                ,0000000,0, 0,         0,    0,0000000000000000000000000000000000000000,0000000000000000000000000000000000000000,         0,         0,         0,         0,1, 0, 0, 0,2042                          ,    0,        13,0,20190121 08:00:42,2050                          ,  101, 9999,  101,  101,    0,     0,     0
 ED5.2,3325                          ,3318                          ,                    ,1981      ,                ,  101,                    ,                              ,14,0,20190121 08:01:00,    0,         0,         6,65535,65535, 9999,2,                ,0000000,0, 0,         0,    0,0000000000000000000000000000000000000000,0000000000000000000000000000000000000000,         0,         0,         0,         0,1, 0, 0, 0,3325                          ,    0,         6,0,20190121 08:00:54,3318                          ,  101, 9999,  101,  101,    0,     0,     0
 ED5.2,1749                          ,1230                          ,                    ,1843      ,                ,  101,                    ,                              ,14,0,20190121 08:01:00,    0,         0,        44,65535,65535, 9999,2,                ,0000000,0, 0,         0,    0,0000000000000000000000000000000000000000,0000000000000000000000000000000000000000,         0,         0,         0,         0,1, 0, 0, 0,1749                          ,    0,        44,0,20190121 08:00:16,1230                          ,  101, 9999,  101,  101,    0,     0,     0
 ED5.2,3246                          ,3406                          ,                    ,2466      ,                ,  101,                    ,                              ,14,0,20190121 08:01:02,    0,         0,         0,65535,65535, 9999,2,                ,0000000,0, 0,         0,    0,0000000000000000000000000000000000000000,0000000000000000000000000000000000000000,         0,         0,         0,         0,1, 0, 0, 0,3246                          ,    0,         0,0,20190121 08:01:02,3406                          ,  101, 9999,  101,  101,    0,     0,     0
 ED5.2,2017                          ,2091                          ,                    ,4949      ,                ,  101,                    ,                              ,14,0,20190121 08:01:02,    0,         0,         0,65535,65535, 9999,2,                ,0000000,0, 0,         0,    0,0000000000000000000000000000000000000000,0000000000000000000000000000000000000000,         0,         0,         0,         0,1, 0, 0, 0,2017                          ,    0,         0,0,20190121 08:01:02,2091                          ,  101, 9999,  101,  101,    0,     0,     0
 ED5.2,663167402355                  ,1132                          ,MARIA AMPARO PER    ,1843      ,                ,  101,                    ,                              , 4,2,20190121 08:01:20,    0,         0,       102,  120,   20,  101,2,                ,0000000,2, 1,         0,    0,0000000000000000000000000000000000000000,0000000000000000000000010000000000000000,         0,         0,         0,         0,1, 0, 0, 0,A800                          ,  102,         0,1,20190121 07:59:38,                              , 9999, 9999, 9999, 9999,32767,     0,     0
 ED5.2,1437                          ,1210                          ,                    ,1215      ,                ,  101,                    ,                              ,14,0,20190121 08:01:22,    0,         0,        66,65535,65535, 9999,2,                ,0000000,0, 0,         0,    0,0000000000000000000000000000000000000000,0000000000000000000000000000000000000000,         0,         0,         0,         0,1, 0, 0, 0,1437                          ,    0,        66,0,20190121 08:00:16,1210                          ,  101, 9999,  101,  101,    0,     0,     0
 ED5.2,2045                          ,2091                          ,                    ,4949      ,                ,  101,                    ,                              ,14,0,20190121 08:01:29,    0,         0,        22,65535,65535, 9999,2,                ,0000000,0, 0,         0,    0,0000000000000000000000000000000000000000,0000000000000000000000000000000000000000,         0,         0,         0,         0,1, 0, 0, 0,2045                          ,    0,        22,0,20190121 08:01:07,2091                          ,  101, 9999,  101,  101,    0,     0,     0
 ED5.2,3252                          ,3396                          ,                    ,1597      ,                ,  101,                    ,                              ,14,0,20190121 08:01:29,    0,         0,         0,65535,65535, 9999,2,                ,0000000,0, 0,         0,    0,0000000000000000000000000000000000000000,0000000000000000000000000000000000000000,         0,         0,         0,         0,1, 0, 0, 0,3252                          ,    0,         0,0,20190121 08:01:29,3396                          ,  101, 9999,  101,  101,    0,     0,     0
 ED5.2,7777                          ,1159                          ,                    ,1952      ,                ,  101,                    ,                              , 3,0,20190121 08:01:29,    0,         0,         0,65535,65535, 9999,2,                ,0000000,0, 0,         0,    0,0000000000000000000000000000000000000000,0000000000000000000000000000000000000000,         0,         0,         0,         0,1, 0, 0, 0,7777                          ,    0,         0,0,20190121 08:01:29,1159                          ,  101, 9999,  101,  101,    0,     0,     0
 ED5.2,------------------------------,******************************,                    ,**********,                ,  101,                    ,******************************, 4,2,20190121 08:01:29,    0,         0,        34,11362,  201,  101,2,                ,0000000,2, 0,         0,    0,0000000000000000000000000000000000000000,0000000000000000000000010000000000000000,         0,         0,         0,         0,1, 0, 0, 0,------------------------------,   31,         4,1,20190121 08:00:55,******************************, 9999, 9999, 9999, 9999,32767,     0,     0
 ED5.2,2258694                       ,1868                          ,CAROLINA VARGAS     ,1945      ,                ,  101,                    ,                              , 0,2,20190121 08:01:31,    0,         0,        17,10001,   11,  101,2,                ,0010000,2, 1,         0,    0,1000000000000000000000000000000000000000,0000000000000000000000010000000000001000,         0,         0,         0,         0,1, 0, 0, 0,2258694                       ,    0,         0,0,20190121 08:01:14,1868                          , 9999, 9999, 9999,  101,32767,     0,     0
 ED5.2,6107                          ,6105                          ,                    ,5952      ,                ,  101,                    ,                              ,14,0,20190121 08:01:35,    0,         0,        14,65535,65535, 9999,2,                ,0000000,0, 0,         0,    0,0000000000000000000000000000000000000000,0000000000000000000000000000000000000000,         0,         0,         0,         0,1, 0, 0, 0,6107                          ,    0,        14,0,20190121 08:01:21,6105                          ,  101, 9999,  101,  101,    0,     0,     0
 ED5.2,1857                          ,1211                          ,                    ,1952      ,                ,  101,                    ,                              ,14,0,20190121 08:01:41,    0,         0,         0,65535,65535, 9999,2,                ,0000000,0, 0,         0,    0,0000000000000000000000000000000000000000,0000000000000000000000000000000000000000,         0,         0,         0,         0,1, 0, 0, 0,1857                          ,    0,         0,0,20190121 08:01:41,1211                          ,  101, 9999,  101,  101,    0,     0,     0
 ED5.2,072554652                     ,3421                          ,KATERIN CORREA G    ,2466      ,                ,  101,                    ,                              , 4,2,20190121 08:01:42,    0,         0,       132,11361,  201,  101,2,                ,0000000,2, 0,         0,    0,0000000000000000000000000000000000000000,0000000000000000000000010000000000000000,         0,         0,         0,         0,1, 0, 0, 0,7764                          ,  133,         0,1,20190121 07:59:30,                              , 9999, 9999, 9999, 9999,32767,     0,     0
 ED5.2,1557                          ,1016                          ,                    ,1635      ,                ,  101,                    ,                              ,14,0,20190121 08:01:44,    0,         0,         0,65535,65535, 9999,2,                ,0000000,0, 0,         0,    0,0000000000000000000000000000000000000000,0000000000000000000000000000000000000000,         0,         0,         0,         0,1, 0, 0, 0,1557                          ,    0,         0,0,20190121 08:01:44,1016                          ,  101, 9999,  101,  101,    0,     0,     0
 ED5.2,6113030                       ,1820                          ,VICKY ALEJAN BAR    ,1632      ,                ,  101,                    ,                              , 0,2,20190121 08:01:49,    0,         0,         0,10004,   11,  101,2,                ,0010000,2, 1,         0,    0,1000000000000000000000000000000000000000,0000000000000000000000010000000000001000,         0,         0,         0,         0,1, 0, 0, 0,6113030                       ,    0,         0,0,20190121 08:01:49,1820                          , 9999, 9999, 9999,  101,32767,     0,     0
 ED5.2,1318                          ,3396                          ,                    ,1597      ,                ,  101,                    ,                              ,14,0,20190121 08:01:50,    0,         0,         5,65535,65535, 9999,2,                ,0000000,0, 0,         0,    0,0000000000000000000000000000000000000000,0000000000000000000000000000000000000000,         0,         0,         0,         0,1, 0, 0, 0,1318                          ,    0,         5,0,20190121 08:01:45,3396                          ,  101, 9999,  101,  101,    0,     0,     0
 ED5.2,1012                          ,1016                          ,                    ,1635      ,                ,  101,                    ,                              ,14,0,20190121 08:01:59,    0,         0,         0,65535,65535, 9999,2,                ,0000000,0, 0,         0,    0,0000000000000000000000000000000000000000,0000000000000000000000000000000000000000,         0,         0,         0,         0,1, 0, 0, 0,1557                          ,    0,         0,1,20190121 08:01:59,1016                          ,  101, 9999,  101,  101,    0,     0,     0
 ED5.2,1859                          ,1211                          ,                    ,1952      ,                ,  101,                    ,                              ,14,0,20190121 08:02:06,    0,         0,         0,65535,65535, 9999,2,                ,0000000,0, 0,         0,    0,0000000000000000000000000000000000000000,0000000000000000000000000000000000000000,         0,         0,         0,         0,1, 0, 0, 0,1857                          ,    0,         0,1,20190121 08:02:06,1211                          ,  101, 9999,  101,  101,    0,     0,     0
 ED5.2,6362949                       ,FS082                         ,SIPsalida           ,          ,                ,  101,                    ,                              , 4,2,20190121 08:02:06,    0,         0,         4,10871,   82,  101,2,                ,0000000,2, 0,         0,    0,0000000000000000000000000000000000000000,0000000000000000000000010000000000000000,         0,         0,         0,         0,1, 0, 0, 0,7632                          ,    4,         0,0,20190121 08:02:02,                              , 9999, 9999, 9999, 9999,32767,     0,     0
 ED5.2,1857                          ,1211                          ,                    ,1952      ,                ,  101,                    ,                              ,14,0,20190121 08:02:07,    0,         0,         0,65535,65535, 9999,2,                ,0000000,0, 0,         0,    0,0000000000000000000000000000000000000000,0000000000000000000000000000000000000000,         0,         0,         0,         0,1, 0, 0, 0,1857                          ,    0,         0,0,20190121 08:02:07,1211                          ,  101, 9999,  101,  101,    0,     0,     0
 ED5.2,4077                          ,4000                          ,                    ,2952      ,                ,  101,                    ,                              ,14,0,20190121 08:02:12,    0,         0,         0,65535,65535, 9999,2,                ,0000000,0, 0,         0,    0,0000000000000000000000000000000000000000,0000000000000000000000000000000000000000,         0,         0,         0,         0,1, 0, 0, 0,4077                          ,    0,         0,0,20190121 08:02:12,4000                          ,  101, 9999,  101,  101,    0,     0,     0
 ED5.2,1403                          ,1328                          ,                    ,1952      ,                ,  101,                    ,                              ,14,0,20190121 08:02:12,    0,         0,         7,65535,65535, 9999,2,                ,0000000,0, 0,         0,    0,0000000000000000000000000000000000000000,0000000000000000000000000000000000000000,         0,         0,         0,         0,1, 0, 0, 0,1403                          ,    0,         7,0,20190121 08:02:05,1328                          ,  101, 9999,  101,  101,    0,     0,     0
 ED5.2,1838                          ,1737                          ,                    ,1635      ,                ,  101,                    ,                              ,14,0,20190121 08:02:14,    0,         0,        67,65535,65535, 9999,2,                ,0000000,0, 0,         0,    0,0000000000000000000000000000000000000000,0000000000000000000000000000000000000000,         0,         0,         0,         0,1, 0, 0, 0,1838                          ,    0,        67,0,20190121 08:01:07,1737                          ,  101, 9999,  101,  101,    0,     0,     0
 ED5.2,3112                          ,3529                          ,                    ,4091      ,                ,  101,                    ,                              ,14,0,20190121 08:02:14,    0,         0,         0,65535,65535, 9999,2,                ,0000000,0, 0,         0,    0,0000000000000000000000000000000000000000,0000000000000000000000000000000000000000,         0,         0,         0,         0,1, 0, 0, 0,3112                          ,    0,         0,0,20190121 08:02:14,3529                          ,  101, 9999,  101,  101,    0,     0,     0
 ED5.2,1331                          ,1016                          ,                    ,1635      ,                ,  101,                    ,                              ,14,0,20190121 08:02:15,    0,         0,         0,65535,65535, 9999,2,                ,0000000,0, 0,         0,    0,0000000000000000000000000000000000000000,0000000000000000000000000000000000000000,         0,         0,         0,         0,1, 0, 0, 0,1557                          ,    0,         0,1,20190121 08:02:15,1016                          ,  101, 9999,  101,  101,    0,     0,     0
 ED5.2,4065                          ,4077                          ,                    ,2952      ,                ,  101,                    ,                              ,14,0,20190121 08:02:18,    0,         0,         0,65535,65535, 9999,2,                ,0000000,0, 0,         0,    0,0000000000000000000000000000000000000000,0000000000000000000000000000000000000000,         0,         0,         0,         0,1, 0, 0, 0,4065                          ,    0,         0,0,20190121 08:02:18,4077                          ,  101, 9999,  101,  101,    0,     0,     0
 ED5.2,1553                          ,1252                          ,                    ,1215      ,                ,  101,                    ,                              ,14,0,20190121 08:02:19,    0,         0,       204,65535,65535, 9999,2,                ,0000000,0, 0,         0,    0,0000000000000000000000000000000000000000,0000000000000000000000000000000000000000,         0,         0,         0,         0,1, 0, 0, 0,1553                          ,    0,       204,0,20190121 07:58:55,1252                          ,  101, 9999,  101,  101,    0,     0,     0
 ED5.2,4063                          ,4077                          ,                    ,2952      ,                ,  101,                    ,                              ,14,0,20190121 08:02:20,    0,         0,         0,65535,65535, 9999,2,                ,0000000,0, 0,         0,    0,0000000000000000000000000000000000000000,0000000000000000000000000000000000000000,         0,         0,         0,         0,1, 0, 0, 0,4063                          ,    0,         0,0,20190121 08:02:20,4077                          ,  101, 9999,  101,  101,    0,     0,     0
 ED5.2,7777                          ,3156                          ,                    ,1979      ,                ,  101,                    ,                              , 3,0,20190121 08:02:22,    0,         0,         0,65535,65535, 9999,2,                ,0000000,0, 0,         0,    0,0000000000000000000000000000000000000000,0000000000000000000000000000000000000000,         0,         0,         0,         0,1, 0, 0, 0,7777                          ,    0,         0,0,20190121 08:02:22,3156                          ,  101, 9999,  101,  101,    0,     0,     0
 ED5.2,3229                          ,3391                          ,                    ,1635      ,                ,  101,                    ,                              ,14,0,20190121 08:02:23,    0,         0,         0,65535,65535, 9999,2,                ,0000000,0, 0,         0,    0,0000000000000000000000000000000000000000,0000000000000000000000000000000000000000,         0,         0,         0,         0,1, 0, 0, 0,3229                          ,    0,         0,0,20190121 08:02:23,3391                          ,  101, 9999,  101,  101,    0,     0,     0
 ED5.2,4040                          ,4071                          ,                    ,2425      ,                ,  101,                    ,                              ,14,0,20190121 08:02:24,    0,         0,       146,65535,65535, 9999,2,                ,0000000,0, 0,         0,    0,0000000000000000000000000000000000000000,0000000000000000000000000000000000000000,         0,         0,         0,         0,1, 0, 0, 0,4040                          ,    0,       146,0,20190121 07:59:58,4071                          ,  101, 9999,  101,  101,    0,     0,     0
 ED5.2,1681                          ,1737                          ,                    ,1635      ,                ,  101,                    ,                              ,14,0,20190121 08:02:25,    0,         0,         0,65535,65535, 9999,2,                ,0000000,0, 0,         0,    0,0000000000000000000000000000000000000000,0000000000000000000000000000000000000000,         0,         0,         0,         0,1, 0, 0, 0,1653                          ,    0,         0,1,20190121 08:02:25,1737                          ,  101, 9999,  101,  101,    0,     0,     0
 ED5.2,1557                          ,1016                          ,                    ,1635      ,                ,  101,                    ,                              ,14,0,20190121 08:02:26,    0,         0,         0,65535,65535, 9999,2,                ,0000000,0, 0,         0,    0,0000000000000000000000000000000000000000,0000000000000000000000000000000000000000,         0,         0,         0,         0,1, 0, 0, 0,1557                          ,    0,         0,1,20190121 08:02:26,1016                          ,  101, 9999,  101,  101,    0,     0,     0
 ED5.2,1747                          ,1819                          ,                    ,1952      ,                ,  101,                    ,                              ,14,0,20190121 08:02:29,    0,         0,        30,65535,65535, 9999,2,                ,0000000,0, 0,         0,    0,0000000000000000000000000000000000000000,0000000000000000000000000000000000000000,         0,         0,         0,         0,1, 0, 0, 0,1747                          ,    0,        30,0,20190121 08:01:59,1819                          ,  101, 9999,  101,  101,    0,     0,     0
 ED5.2,1560                          ,1651                          ,                    ,1425      ,                ,  101,                    ,                              ,14,0,20190121 08:02:31,    0,         0,         0,65535,65535, 9999,2,                ,0000000,0, 0,         0,    0,0000000000000000000000000000000000000000,0000000000000000000000000000000000000000,         0,         0,         0,         0,1, 0, 0, 0,1560                          ,    0,         0,0,20190121 08:02:31,1651                          ,  101, 9999,  101,  101,    0,     0,     0
 ED5.2,3616                          ,3608                          ,                    ,3466      ,                ,  101,                    ,                              ,14,0,20190121 08:02:31,    0,         0,         0,65535,65535, 9999,2,                ,0000000,0, 0,         0,    0,0000000000000000000000000000000000000000,0000000000000000000000000000000000000000,         0,         0,         0,         0,1, 0, 0, 0,3616                          ,    0,         0,0,20190121 08:02:31,3608                          ,  101, 9999,  101,  101,    0,     0,     0
 ED5.2,663165229160                  ,FS020                         ,ETB                 ,          ,                ,  101,                    ,                              , 4,2,20190121 08:02:33,    0,         0,         4,  123,   20,  101,2,                ,0000000,3, 0,         0,    0,0000000000000000000000000000000000000000,0000000000000000000000010000000000000000,         0,         0,         0,         0,1, 0, 0, 0,A800                          ,    5,         0,0,20190121 08:02:29,                              , 9999, 9999, 9999, 9999,32767,     0,     0
 ED5.2,1478                          ,1080                          ,                    ,1952      ,                ,  101,                    ,                              ,14,0,20190121 08:02:35,    0,         0,        33,65535,65535, 9999,2,                ,0000000,0, 0,         0,    0,0000000000000000000000000000000000000000,0000000000000000000000000000000000000000,         0,         0,         0,         0,1, 0, 0, 0,1478                          ,    0,        33,0,20190121 08:02:02,1080                          ,  101, 9999,  101,  101,    0,     0,     0
 ED5.2,2071                          ,2042                          ,                    ,4425      ,                ,  101,                    ,                              ,14,0,20190121 08:02:35,    0,         0,         0,65535,65535, 9999,2,                ,0000000,0, 0,         0,    0,0000000000000000000000000000000000000000,0000000000000000000000000000000000000000,         0,         0,         0,         0,1, 0, 0, 0,2071                          ,    0,         0,0,20190121 08:02:35,2042                          ,  101, 9999,  101,  101,    0,     0,     0
 ED5.2,88                            ,2042                          ,                    ,4425      ,                ,  101,                    ,                              ,14,0,20190121 08:02:37,    0,         0,         2,65535,65535, 9999,2,                ,0000000,0, 0,         0,    0,0000000000000000000000000000000000000000,0000000000000000000000000000000000000000,         0,         0,         0,         0,1, 0, 0, 0,2071                          ,    0,         2,1,20190121 08:02:35,2042                          ,  101, 9999,  101,  101,    0,     0,     0
 ED5.2,6362949                       ,FS082                         ,SIPsalida           ,          ,                ,  101,                    ,                              , 4,2,20190121 08:02:39,    0,         0,         4,10874,   82,  101,2,                ,0000000,2, 0,         0,    0,0000000000000000000000000000000000000000,0000000000000000000000010000000000000000,         0,         0,         0,         0,1, 0, 0, 0,7626                          ,    4,         0,0,20190121 08:02:35,                              , 9999, 9999, 9999, 9999,32767,     0,     0
 ED5.2,3799010                       ,FS082                         ,SIPsalida           ,          ,                ,  101,                    ,                              , 4,2,20190121 08:02:40,    0,         0,        25,10871,   82,  101,2,                ,0000000,2, 0,         0,    0,0000000000000000000000000000000000000000,0000000000000000000000010000000000000000,         0,         0,         0,         0,1, 0, 0, 0,A500                          ,   26,         0,0,20190121 08:02:15,                              , 9999, 9999, 9999, 9999,32767,     0,     0
 ED5.2,4820                          ,4820                          ,JULIA ISABEL BRA    ,1091      ,                ,  101,                    ,                              , 2,2,20190121 08:02:50,    0,         0,         1,   79,   12,  101,2,                ,0010000,2, 1,         0,    0,0000000000000000000000000000000000000000,0000010000000000000000000000000000000000,         0,         0,         0,         0,1, 0, 0, 0,                              ,    0,         0,0,20190121 08:02:49,3218                          , 9999, 9999, 9999,  101,32767,     0,     0
 ED5.2,3218                          ,3391                          ,                    ,1635      ,                ,  101,                    ,                              ,14,0,20190121 08:02:50,    0,         0,        27,65535,65535, 9999,2,                ,0000000,0, 0,         0,    0,0000000000000000000000000000000000000000,0000000000000000000000000000000000000000,         0,         0,         0,         0,1, 0, 0, 0,3229                          ,    0,        27,0,20190121 08:02:23,3391                          ,  101, 9999,  101,  101,    0,     0,     0
 ED5.2,663138773305                  ,1520                          ,JULIANA IZQUIERD    ,1949      ,                ,  101,                    ,                              , 4,2,20190121 08:02:53,    0,         0,        76,  121,   20,  101,2,                ,0000000,2, 1,         0,    0,0000000000000000000000000000000000000000,0000000000000000000000010000000000000000,         0,         0,         0,         0,1, 0, 0, 0,A800                          ,   77,         0,1,20190121 08:01:37,                              , 9999, 9999, 9999, 9999,32767,     0,     0
 ED5.2,7777                          ,1208                          ,                    ,1636      ,                ,  101,                    ,                              , 3,0,20190121 08:02:54,    0,         0,         0,65535,65535, 9999,2,                ,0000000,0, 0,         0,    0,0000000000000000000000000000000000000000,0000000000000000000000000000000000000000,         0,         0,         0,         0,1, 0, 0, 0,7777                          ,    0,         0,0,20190121 08:02:54,1208                          ,  101, 9999,  101,  101,    0,     0,     0
 ED5.2,3287                          ,3529                          ,                    ,4091      ,                ,  101,                    ,                              ,14,0,20190121 08:02:56,    0,         0,        36,65535,65535, 9999,2,                ,0000000,0, 0,         0,    0,0000000000000000000000000000000000000000,0000000000000000000000000000000000000000,         0,         0,         0,         0,1, 0, 0, 0,3287                          ,    0,        36,0,20190121 08:02:20,3529                          ,  101, 9999,  101,  101,    0,     0,     0
 ED5.2,1770                          ,1100                          ,                    ,1635      ,                ,  101,                    ,                              , 3,0,20190121 08:02:56,    0,         0,       241,65535,65535, 9999,2,                ,0000000,0, 0,         0,    0,0000000000000000000000000000000000000000,0000000000000000000000000000000000000000,         0,         0,         0,         0,1, 0, 0, 0,7777                          ,    0,       241,0,20190121 07:58:55,1100                          ,  101, 9999,  101,  101,    0,     0,     0
 ED5.2,7777                          ,1458                          ,                    ,1952      ,                ,  101,                    ,                              , 3,0,20190121 08:02:57,    0,         0,         0,65535,65535, 9999,2,                ,0000000,0, 0,         0,    0,0000000000000000000000000000000000000000,0000000000000000000000000000000000000000,         0,         0,         0,         0,1, 0, 0, 0,7777                          ,    0,         0,0,20190121 08:02:57,1458                          ,  101, 9999,  101,  101,    0,     0,     0
 ED5.2,6362949                       ,3358                          ,MARTHA ELIZA ARE    ,1091      ,                ,  101,                    ,                              , 0,2,20190121 08:03:00,    0,         0,         0,10871,   82,  101,2,                ,0010000,2, 1,         0,    0,1000000000000000000000000000000000000000,0000000000000000000000010000000000001000,         0,         0,         0,         0,1, 0, 0, 0,6362949                       ,    0,         0,0,20190121 08:03:00,3358                          , 9999, 9999, 9999,  101,32767,     0,     0
 ED5.2,6362949                       ,3358                          ,MARTHA ELIZA ARE    ,1091      ,                ,  101,                    ,                              , 0,2,20190121 08:03:02,    0,         0,         0,10004,   11,  101,2,                ,0010000,2, 1,         0,    0,1000000000000000000000000000000000000000,0000000000000000000000010000000000001000,         0,         0,         0,         0,1, 0, 0, 0,6362949                       ,    0,         0,0,20190121 08:03:02,3358                          , 9999, 9999, 9999,  101,32767,     0,     0
 ED5.2,663167402355                  ,1132                          ,MARIA AMPARO PER    ,1843      ,                ,  101,                    ,                              , 4,2,20190121 08:03:02,    0,         0,        96,  120,   20,  101,2,                ,0000000,2, 1,         0,    0,0000000000000000000000000000000000000000,0000000000000000000000010000000000000000,         0,         0,         0,         0,1, 0, 0, 0,A800                          ,   97,         0,1,20190121 08:01:26,                              , 9999, 9999, 9999, 9999,32767,     0,     0
 ED5.2,4053                          ,4077                          ,                    ,2952      ,                ,  101,                    ,                              ,14,0,20190121 08:03:07,    0,         0,        40,65535,65535, 9999,2,                ,0000000,0, 0,         0,    0,0000000000000000000000000000000000000000,0000000000000000000000000000000000000000,         0,         0,         0,         0,1, 0, 0, 0,4053                          ,    0,        40,0,20190121 08:02:27,4077                          ,  101, 9999,  101,  101,    0,     0,     0
 ED5.2,4487107                       ,1229                          ,LAURA ALEXAN PAS    ,1843      ,                ,  101,                    ,                              , 0,2,20190121 08:03:11,    0,         0,        73,10001,   11,  101,2,                ,0010000,2, 1,         0,    0,1000000000000000000000000000000000000000,0000000000000000000000010000000000001000,         0,         0,         0,         0,1, 0, 0, 0,4487107                       ,    0,         0,0,20190121 08:01:58,1229                          , 9999, 9999, 9999,  101,32767,     0,     0
 ED5.2,1770                          ,1631                          ,                    ,1425      ,                ,  101,                    ,                              , 3,0,20190121 08:03:18,    0,         0,        18,65535,65535, 9999,2,                ,0000000,0, 0,         0,    0,0000000000000000000000000000000000000000,0000000000000000000000000000000000000000,         0,         0,         0,         0,1, 0, 0, 0,7777                          ,    0,        18,0,20190121 08:03:00,1631                          ,  101, 9999,  101,  101,    0,     0,     0
 ED5.2,2057                          ,2071                          ,                    ,4635      ,                ,  101,                    ,                              ,14,0,20190121 08:03:21,    0,         0,        14,65535,65535, 9999,2,                ,0000000,0, 0,         0,    0,0000000000000000000000000000000000000000,0000000000000000000000000000000000000000,         0,         0,         0,         0,1, 0, 0, 0,2057                          ,    0,        14,0,20190121 08:03:07,2071                          ,  101, 9999,  101,  101,    0,     0,     0
 ED5.2,4048                          ,4020                          ,                    ,2952      ,                ,  101,                    ,                              ,14,0,20190121 08:03:27,    0,         0,         0,65535,65535, 9999,2,                ,0000000,0, 0,         0,    0,0000000000000000000000000000000000000000,0000000000000000000000000000000000000000,         0,         0,         0,         0,1, 0, 0, 0,4048                          ,    0,         0,0,20190121 08:03:27,4020                          ,  101, 9999,  101,  101,    0,     0,     0
 ED5.2,5100                          ,5136                          ,                    ,3635      ,                ,  101,                    ,                              ,14,0,20190121 08:03:30,    0,         0,        87,65535,65535, 9999,2,                ,0000000,0, 0,         0,    0,0000000000000000000000000000000000000000,0000000000000000000000000000000000000000,         0,         0,         0,         0,1, 0, 0, 0,5100                          ,    0,        87,0,20190121 08:02:03,5136                          ,  101, 9999,  101,  101,    0,     0,     0
 ED5.2,7777                          ,1099                          ,                    ,1638      ,                ,  101,                    ,                              , 3,0,20190121 08:03:30,    0,         0,         0,65535,65535, 9999,2,                ,0000000,0, 0,         0,    0,0000000000000000000000000000000000000000,0000000000000000000000000000000000000000,         0,         0,         0,         0,1, 0, 0, 0,7777                          ,    0,         0,0,20190121 08:03:30,1099                          ,  101, 9999,  101,  101,    0,     0,     0
 ED5.2,1796                          ,1133                          ,                    ,1952      ,                ,  101,                    ,                              , 3,0,20190121 08:03:33,    0,         0,        41,65535,65535, 9999,2,                ,0000000,0, 0,         0,    0,0000000000000000000000000000000000000000,0000000000000000000000000000000000000000,         0,         0,         0,         0,1, 0, 0, 0,7777                          ,    0,        41,0,20190121 08:02:52,1133                          ,  101, 9999,  101,  101,    0,     0,     0
 ED5.2,7777                          ,1208                          ,                    ,1636      ,                ,  101,                    ,                              , 3,0,20190121 08:03:35,    0,         0,         0,65535,65535, 9999,2,                ,0000000,0, 0,         0,    0,0000000000000000000000000000000000000000,0000000000000000000000000000000000000000,         0,         0,         0,         0,1, 0, 0, 0,7777                          ,    0,         0,0,20190121 08:03:35,1208                          ,  101, 9999,  101,  101,    0,     0,     0
 ED5.2,1174                          ,1211                          ,                    ,1952      ,                ,  101,                    ,                              ,14,0,20190121 08:03:42,    0,         0,        90,65535,65535, 9999,2,                ,0000000,0, 0,         0,    0,0000000000000000000000000000000000000000,0000000000000000000000000000000000000000,         0,         0,         0,         0,1, 0, 0, 0,1174                          ,    0,        90,0,20190121 08:02:12,1211                          ,  101, 9999,  101,  101,    0,     0,     0
 ED5.2,1547                          ,1333                          ,                    ,1214      ,                ,  101,                    ,                              ,14,0,20190121 08:03:44,    0,         0,         0,65535,65535, 9999,2,                ,0000000,0, 0,         0,    0,0000000000000000000000000000000000000000,0000000000000000000000000000000000000000,         0,         0,         0,         0,1, 0, 0, 0,1547                          ,    0,         0,0,20190121 08:03:44,1333                          ,  101, 9999,  101,  101,    0,     0,     0
 ED5.2,1108                          ,1834                          ,                    ,1949      ,                ,  101,                    ,                              ,14,0,20190121 08:03:48,    0,         0,        43,65535,65535, 9999,2,                ,0000000,0, 0,         0,    0,0000000000000000000000000000000000000000,0000000000000000000000000000000000000000,         0,         0,         0,         0,1, 0, 0, 0,1108                          ,    0,        43,0,20190121 08:03:05,1834                          ,  101, 9999,  101,  101,    0,     0,     0
 ED5.2,3390                          ,3156                          ,                    ,1979      ,                ,  101,                    ,                              ,14,0,20190121 08:03:50,    0,         0,         0,65535,65535, 9999,2,                ,0000000,0, 0,         0,    0,0000000000000000000000000000000000000000,0000000000000000000000000000000000000000,         0,         0,         0,         0,1, 0, 0, 0,3390                          ,    0,         0,0,20190121 08:03:50,3156                          ,  101, 9999,  101,  101,    0,     0,     0
 ED5.2,7777                          ,1015                          ,                    ,1636      ,                ,  101,                    ,                              , 3,0,20190121 08:03:55,    0,         0,         0,65535,65535, 9999,2,                ,0000000,0, 0,         0,    0,0000000000000000000000000000000000000000,0000000000000000000000000000000000000000,         0,         0,         0,         0,1, 0, 0, 0,7777                          ,    0,         0,0,20190121 08:03:55,1015                          ,  101, 9999,  101,  101,    0,     0,     0
 ED5.2,7777                          ,1272                          ,                    ,1952      ,                ,  101,                    ,                              , 3,0,20190121 08:04:06,    0,         0,         0,65535,65535, 9999,2,                ,0000000,0, 0,         0,    0,0000000000000000000000000000000000000000,0000000000000000000000000000000000000000,         0,         0,         0,         0,1, 0, 0, 0,7777                          ,    0,         0,0,20190121 08:04:06,1272                          ,  101, 9999,  101,  101,    0,     0,     0
 ED5.2,4032                          ,4089                          ,                    ,2952      ,                ,  101,                    ,                              ,14,0,20190121 08:04:18,    0,         0,         0,65535,65535, 9999,2,                ,0000000,0, 0,         0,    0,0000000000000000000000000000000000000000,0000000000000000000000000000000000000000,         0,         0,         0,         0,1, 0, 0, 0,4032                          ,    0,         0,0,20190121 08:04:18,4089                          ,  101, 9999,  101,  101,    0,     0,     0
 ED5.2,7462250                       ,1304                          ,ANDRES FELIP YAG    ,1632      ,                ,  101,                    ,                              , 4,2,20190121 08:04:29,    0,         0,        25,  121,   20,  101,2,                ,0000000,3, 0,         0,    0,0000000000000000000000000000000000000000,0000000000000000000000010000000000000000,         0,         0,         0,         0,1, 0, 0, 0,A800                          ,   25,         0,1,20190121 08:04:04,                              , 9999, 9999, 9999, 9999,32767,     0,     0
 ED5.2,074601059                     ,4020                          ,MARISOL BETANCUR    ,2952      ,                ,  101,                    ,                              , 4,2,20190121 08:04:31,    0,         0,        28,10445,   15,  101,2,                ,0000000,2, 0,         0,    0,0000000000000000000000000000000000000000,0000000000000000000000010000000000000000,         0,         0,         0,         0,1, 0, 0, 0,A800                          ,   29,         0,1,20190121 08:04:03,                              , 9999, 9999, 9999, 9999,32767,     0,     0
 ED5.2,1838                          ,1000                          ,                    ,1635      ,                ,  101,                    ,                              ,14,0,20190121 08:04:32,    0,         0,         0,65535,65535, 9999,2,                ,0000000,0, 0,         0,    0,0000000000000000000000000000000000000000,0000000000000000000000000000000000000000,         0,         0,         0,         0,1, 0, 0, 0,1838                          ,    0,         0,0,20190121 08:04:32,1000                          ,  101, 9999,  101,  101,    0,     0,     0
 ED5.2,4348600                       ,5001                          ,5001                ,          ,                ,  101,                    ,                              , 7,2,20190121 08:04:36,    0,         0,        64,10871,   82,  101,2,                ,0010000,2, 1,         0,    0,1000000000000000000000000000000000000000,0000000000000000000000010000000000001000,         0,         0,         0,         0,1, 0, 0, 0,4348600                       ,    0,         0,0,20190121 08:03:32,                              , 9999, 9999, 9999, 9999,32767,     0,     0
 ED5.2,1355                          ,1441                          ,                    ,1632      ,                ,  101,                    ,                              ,14,0,20190121 08:04:45,    0,         0,       266,65535,65535, 9999,2,                ,0000000,0, 0,         0,    0,0000000000000000000000000000000000000000,0000000000000000000000000000000000000000,         0,         0,         0,         0,1, 0, 0, 0,1355                          ,    0,       266,0,20190121 08:00:19,1441                          ,  101, 9999,  101,  101,    0,     0,     0
 ED5.2,5153                          ,5136                          ,                    ,3635      ,                ,  101,                    ,                              ,14,0,20190121 08:04:48,    0,         0,        11,65535,65535, 9999,2,                ,0000000,0, 0,         0,    0,0000000000000000000000000000000000000000,0000000000000000000000000000000000000000,         0,         0,         0,         0,1, 0, 0, 0,5153                          ,    0,        11,0,20190121 08:04:37,5136                          ,  101, 9999,  101,  101,    0,     0,     0
 ED5.2,                              ,8012                          ,LEIDY STEFAN SER    ,6949      ,                ,  101,                    ,                              , 4,1,20190121 08:04:49,    0,         0,       159,  400,   80,  101,2,                ,0000000,0, 0,         0,    0,0000000000000000000000000000000000000000,0000000000000000000000010000000000000000,         0,         0,         0,         0,1, 0, 0, 0,                              ,   21,       138,1,20190121 08:02:10,                              , 9999, 9999, 9999, 9999,32767,     0,     0
 ED5.2,2045                          ,2066                          ,                    ,4949      ,                ,  101,                    ,                              ,14,0,20190121 08:04:53,    0,         0,        21,65535,65535, 9999,2,                ,0000000,0, 0,         0,    0,0000000000000000000000000000000000000000,0000000000000000000000000000000000000000,         0,         0,         0,         0,1, 0, 0, 0,2045                          ,    0,        21,0,20190121 08:04:32,2066                          ,  101, 9999,  101,  101,    0,     0,     0
 ED5.2,3799010                       ,1730                          ,SILVIA PATRI MEL    ,1422      ,                ,  101,                    ,                              , 4,2,20190121 08:04:56,    0,         0,       125,10874,   82,  101,2,                ,0000000,2, 0,         0,    0,0000000000000000000000000000000000000000,0000000000000000000000010000000000000000,         0,         0,         0,         0,1, 0, 0, 0,A500                          ,  126,         0,1,20190121 08:02:51,                              , 9999, 9999, 9999, 9999,32767,     0,     0
 ED5.2,1557                          ,2071                          ,                    ,4635      ,                ,  101,                    ,                              ,14,0,20190121 08:05:00,    0,         0,         0,65535,65535, 9999,2,                ,0000000,0, 0,         0,    0,0000000000000000000000000000000000000000,0000000000000000000000000000000000000000,         0,         0,         0,         0,1, 0, 0, 0,1557                          ,    0,         0,0,20190121 08:05:00,2071                          ,  101, 9999,  101,  101,    0,     0,     0
 ED5.2,3411511                       ,3264                          ,CARLOS ANDRE JIM    ,1466      ,                ,  101,                    ,                              , 4,2,20190121 08:05:02,    0,         0,       988,10868,   82,  101,2,                ,0000000,2, 0,         0,    0,0000000000000000000000000000000000000000,0000000000000000000000010000000000000000,         0,         0,         0,         0,1, 0, 0, 0,A500                          ,    5,       983,0,20190121 07:48:34,                              , 9999, 9999, 9999, 9999,32767,     0,     0
 ED5.2,9261376                       ,1671                          ,MARISELA PINEDA     ,1633      ,                ,  101,                    ,                              , 0,2,20190121 08:05:08,    0,         0,       299,10003,   11,  101,2,                ,0010000,2, 1,         0,    0,1000000000000000000000000000000000000000,0000000000000000000000010000000000001000,         0,         0,         0,         0,1, 0, 0, 0,9261376                       ,    0,         0,0,20190121 08:00:09,1671                          , 9999, 9999, 9999,  101,32767,     0,     0
 ED5.2,663183906114                  ,1211                          ,MARTHA PATRI GUE    ,1952      ,                ,  101,                    ,                              , 4,2,20190121 08:05:10,    0,         0,        74,  120,   20,  101,2,                ,0000000,3, 0,         0,    0,0000000000000000000000000000000000000000,0000000000000000000000010000000000000000,         0,         0,         0,         0,1, 0, 0, 0,A800                          ,   11,        63,0,20190121 08:03:56,                              , 9999, 9999, 9999, 9999,32767,     0,     0
 ED5.2,1184                          ,1272                          ,                    ,1952      ,                ,  101,                    ,                              ,14,0,20190121 08:05:14,    0,         0,        49,65535,65535, 9999,2,                ,0000000,0, 0,         0,    0,0000000000000000000000000000000000000000,0000000000000000000000000000000000000000,         0,         0,         0,         0,1, 0, 0, 0,1184                          ,    0,        49,0,20190121 08:04:25,1272                          ,  101, 9999,  101,  101,    0,     0,     0
 ED5.2,1012                          ,2071                          ,                    ,4635      ,                ,  101,                    ,                              ,14,0,20190121 08:05:16,    0,         0,         0,65535,65535, 9999,2,                ,0000000,0, 0,         0,    0,0000000000000000000000000000000000000000,0000000000000000000000000000000000000000,         0,         0,         0,         0,1, 0, 0, 0,1557                          ,    0,         0,1,20190121 08:05:16,2071                          ,  101, 9999,  101,  101,    0,     0,     0
 ED5.2,1015                          ,1494                          ,                    ,1635      ,                ,  101,                    ,                              ,14,0,20190121 08:05:22,    0,         0,        19,65535,65535, 9999,2,                ,0000000,0, 0,         0,    0,0000000000000000000000000000000000000000,0000000000000000000000000000000000000000,         0,         0,         0,         0,1, 0, 0, 0,1015                          ,    0,        19,0,20190121 08:05:03,1494                          ,  101, 9999,  101,  101,    0,     0,     0
 ED5.2,134146121                     ,1266                          ,NURY JOHANNA RAM    ,1952      ,                ,  101,                    ,                              , 0,1,20190121 08:05:26,    0,         0,         3,  378,   21,  101,2,                ,0010000,0, 0,         0,    0,0000000000000000000000000000000000000000,0000000000000000000000010000000000001000,         0,         0,         0,         0,1, 0, 0, 0,03134146121                   ,    0,         0,0,20190121 08:05:23,1266                          , 9999, 9999, 9999,  101,32767,     0,     0
 ED5.2,5140                          ,5207                          ,                    ,7952      ,                ,  101,                    ,                              ,14,0,20190121 08:05:31,    0,         0,         0,65535,65535, 9999,2,                ,0000000,0, 0,         0,    0,0000000000000000000000000000000000000000,0000000000000000000000000000000000000000,         0,         0,         0,         0,1, 0, 0, 0,5140                          ,    0,         0,0,20190121 08:05:31,5207                          ,  101, 9999,  101,  101,    0,     0,     0
 ED5.2,1331                          ,2071                          ,                    ,4635      ,                ,  101,                    ,                              ,14,0,20190121 08:05:31,    0,         0,         0,65535,65535, 9999,2,                ,0000000,0, 0,         0,    0,0000000000000000000000000000000000000000,0000000000000000000000000000000000000000,         0,         0,         0,         0,1, 0, 0, 0,1557                          ,    0,         0,1,20190121 08:05:31,2071                          ,  101, 9999,  101,  101,    0,     0,     0
 ED5.2,5133                          ,5207                          ,                    ,7952      ,                ,  101,                    ,                              ,14,0,20190121 08:05:31,    0,         0,         0,65535,65535, 9999,2,                ,0000000,0, 0,         0,    0,0000000000000000000000000000000000000000,0000000000000000000000000000000000000000,         0,         0,         0,         0,1, 0, 0, 0,5140                          ,    0,         0,1,20190121 08:05:31,5207                          ,  101, 9999,  101,  101,    0,     0,     0
 ED5.2,1132                          ,1305                          ,                    ,1952      ,                ,  101,                    ,                              ,14,0,20190121 08:05:39,    0,         0,         0,65535,65535, 9999,2,                ,0000000,0, 0,         0,    0,0000000000000000000000000000000000000000,0000000000000000000000000000000000000000,         0,         0,         0,         0,1, 0, 0, 0,1248                          ,    0,         0,1,20190121 08:05:39,1305                          ,  101, 9999,  101,  101,    0,     0,     0
 ED5.2,3191100                       ,5121                          ,CHAVELYS PAT DIA    ,3952      ,                ,  101,                    ,                              , 0,2,20190121 08:05:39,    0,         0,         0,10874,   82,  101,2,                ,0010000,2, 1,         0,    0,1000000000000000000000000000000000000000,0000000000000000000000010000000000001000,         0,         0,         0,         0,1, 0, 0, 0,3191100                       ,    0,         0,0,20190121 08:05:39,5121                          , 9999, 9999, 9999,  101,32767,     0,     0
 ED5.2,7777                          ,2056                          ,                    ,4952      ,                ,  101,                    ,                              , 3,0,20190121 08:05:42,    0,         0,         0,65535,65535, 9999,2,                ,0000000,0, 0,         0,    0,0000000000000000000000000000000000000000,0000000000000000000000000000000000000000,         0,         0,         0,         0,1, 0, 0, 0,7777                          ,    0,         0,0,20190121 08:05:42,2056                          ,  101, 9999,  101,  101,    0,     0,     0
 ED5.2,1557                          ,2071                          ,                    ,4635      ,                ,  101,                    ,                              ,14,0,20190121 08:05:47,    0,         0,         0,65535,65535, 9999,2,                ,0000000,0, 0,         0,    0,0000000000000000000000000000000000000000,0000000000000000000000000000000000000000,         0,         0,         0,         0,1, 0, 0, 0,1557                          ,    0,         0,1,20190121 08:05:47,2071                          ,  101, 9999,  101,  101,    0,     0,     0
 ED5.2,1770                          ,3249                          ,                    ,1466      ,                ,  101,                    ,                              , 3,0,20190121 08:05:49,    0,         0,       147,65535,65535, 9999,2,                ,0000000,0, 0,         0,    0,0000000000000000000000000000000000000000,0000000000000000000000000000000000000000,         0,         0,         0,         0,1, 0, 0, 0,7777                          ,    0,       147,0,20190121 08:03:22,3249                          ,  101, 9999,  101,  101,    0,     0,     0
 ED5.2,3799010                       ,1730                          ,SILVIA PATRI MEL    ,1422      ,                ,  101,                    ,                              , 4,2,20190121 08:05:50,    0,         0,        43,10868,   82,  101,2,                ,0000000,2, 0,         0,    0,0000000000000000000000000000000000000000,0000000000000000000000010000000000000000,         0,         0,         0,         0,1, 0, 0, 0,A500                          ,   43,         0,1,20190121 08:05:07,                              , 9999, 9999, 9999, 9999,32767,     0,     0
 ED5.2,3191100                       ,5121                          ,CHAVELYS PAT DIA    ,3952      ,                ,  101,                    ,                              , 0,2,20190121 08:05:53,    0,         0,         0,10868,   82,  101,2,                ,0010000,2, 1,         0,    0,1000000000000000000000000000000000000000,0000000000000000000000010000000000001000,         0,         0,         0,         0,1, 0, 0, 0,3191100                       ,    0,         0,0,20190121 08:05:53,5121                          , 9999, 9999, 9999,  101,32767,     0,     0
 ED5.2,7777                          ,2035                          ,                    ,4952      ,                ,  101,                    ,                              , 3,0,20190121 08:06:00,    0,         0,         0,65535,65535, 9999,2,                ,0000000,0, 0,         0,    0,0000000000000000000000000000000000000000,0000000000000000000000000000000000000000,         0,         0,         0,         0,1, 0, 0, 0,7777                          ,    0,         0,0,20190121 08:06:00,2035                          ,  101, 9999,  101,  101,    0,     0,     0
 ED5.2,072554652                     ,3403                          ,FLABIA ADUVI CAR    ,2091      ,                ,  101,                    ,                              , 4,2,20190121 08:06:02,    0,         0,        97,11361,  201,  101,2,                ,0000000,2, 0,         0,    0,0000000000000000000000000000000000000000,0000000000000000000000010000000000000000,         0,         0,         0,         0,1, 0, 0, 0,7764                          ,   29,        69,1,20190121 08:04:25,                              , 9999, 9999, 9999, 9999,32767,     0,     0
 ED5.2,1012                          ,2071                          ,                    ,4635      ,                ,  101,                    ,                              ,14,0,20190121 08:06:02,    0,         0,         0,65535,65535, 9999,2,                ,0000000,0, 0,         0,    0,0000000000000000000000000000000000000000,0000000000000000000000000000000000000000,         0,         0,         0,         0,1, 0, 0, 0,1557                          ,    0,         0,1,20190121 08:06:02,2071                          ,  101, 9999,  101,  101,    0,     0,     0
 ED5.2,1214                          ,1447                          ,                    ,1632      ,                ,  101,                    ,                              ,14,0,20190121 08:06:02,    0,         0,         0,65535,65535, 9999,2,                ,0000000,0, 0,         0,    0,0000000000000000000000000000000000000000,0000000000000000000000000000000000000000,         0,         0,         0,         0,1, 0, 0, 0,1214                          ,    0,         0,0,20190121 08:06:02,1447                          ,  101, 9999,  101,  101,    0,     0,     0
 ED5.2,1212                          ,1447                          ,                    ,1632      ,                ,  101,                    ,                              ,14,0,20190121 08:06:05,    0,         0,         0,65535,65535, 9999,2,                ,0000000,0, 0,         0,    0,0000000000000000000000000000000000000000,0000000000000000000000000000000000000000,         0,         0,         0,         0,1, 0, 0, 0,1214                          ,    0,         0,1,20190121 08:06:05,1447                          ,  101, 9999,  101,  101,    0,     0,     0
 ED5.2,4062                          ,4052                          ,                    ,2741      ,                ,  101,                    ,                              ,14,0,20190121 08:06:07,    0,         0,        39,65535,65535, 9999,2,                ,0000000,0, 0,         0,    0,0000000000000000000000000000000000000000,0000000000000000000000000000000000000000,         0,         0,         0,         0,1, 0, 0, 0,4062                          ,    0,        39,0,20190121 08:05:28,4052                          ,  101, 9999,  101,  101,    0,     0,     0
 ED5.2,3359                          ,1631                          ,                    ,1425      ,                ,  101,                    ,                              ,14,0,20190121 08:06:09,    0,         0,         0,65535,65535, 9999,2,                ,0000000,0, 0,         0,    0,0000000000000000000000000000000000000000,0000000000000000000000000000000000000000,         0,         0,         0,         0,1, 0, 0, 0,3359                          ,    0,         0,0,20190121 08:06:09,1631                          ,  101, 9999,  101,  101,    0,     0,     0
 ED5.2,3134146121                    ,1266                          ,NURY JOHANNA RAM    ,1952      ,                ,  101,                    ,                              , 0,1,20190121 08:06:11,    0,         0,        30,  377,   21,  101,2,                ,0010000,0, 0,         0,    0,0000000000000000000000000000000000000000,0000000000000000000000010000000000001000,         0,         0,         0,         0,1, 0, 0, 0,033134146121                  ,    0,         0,0,20190121 08:05:41,1266                          , 9999, 9999, 9999,  101,32767,     0,     0
 ED5.2,7428383                       ,1125                          ,MARIA PAULA DUQU    ,1952      ,                ,  101,                    ,                              , 0,2,20190121 08:06:13,    0,         0,       550,10002,   11,  101,2,                ,0010000,2, 1,         0,    0,1000000000000000000000000000000000000000,0000000000000000000000010000000000001000,         0,         0,         0,         0,1, 0, 0, 0,7428383                       ,    0,         0,0,20190121 07:57:03,1125                          , 9999, 9999, 9999,  101,32767,     0,     0
 ED5.2,1085                          ,1311                          ,                    ,1420      ,                ,  101,                    ,                              ,14,0,20190121 08:06:13,    0,         0,         0,65535,65535, 9999,2,                ,0000000,0, 0,         0,    0,0000000000000000000000000000000000000000,0000000000000000000000000000000000000000,         0,         0,         0,         0,1, 0, 0, 0,1085                          ,    0,         0,0,20190121 08:06:13,1311                          ,  101, 9999,  101,  101,    0,     0,     0
 ED5.2,88                            ,1311                          ,                    ,1420      ,                ,  101,                    ,                              ,14,0,20190121 08:06:17,    0,         0,         4,65535,65535, 9999,2,                ,0000000,0, 0,         0,    0,0000000000000000000000000000000000000000,0000000000000000000000000000000000000000,         0,         0,         0,         0,1, 0, 0, 0,1085                          ,    0,         4,1,20190121 08:06:13,1311                          ,  101, 9999,  101,  101,    0,     0,     0
 ED5.2,1331                          ,2071                          ,                    ,4635      ,                ,  101,                    ,                              ,14,0,20190121 08:06:18,    0,         0,         0,65535,65535, 9999,2,                ,0000000,0, 0,         0,    0,0000000000000000000000000000000000000000,0000000000000000000000000000000000000000,         0,         0,         0,         0,1, 0, 0, 0,1557                          ,    0,         0,1,20190121 08:06:18,2071                          ,  101, 9999,  101,  101,    0,     0,     0
 ED5.2,1770                          ,1826                          ,                    ,1638      ,                ,  101,                    ,                              , 3,0,20190121 08:06:21,    0,         0,        28,65535,65535, 9999,2,                ,0000000,0, 0,         0,    0,0000000000000000000000000000000000000000,0000000000000000000000000000000000000000,         0,         0,         0,         0,1, 0, 0, 0,7777                          ,    0,        28,0,20190121 08:05:53,1826                          ,  101, 9999,  101,  101,    0,     0,     0
 ED5.2,3609                          ,3616                          ,                    ,3981      ,                ,  101,                    ,                              ,14,0,20190121 08:06:22,    0,         0,       109,65535,65535, 9999,2,                ,0000000,0, 0,         0,    0,0000000000000000000000000000000000000000,0000000000000000000000000000000000000000,         0,         0,         0,         0,1, 0, 0, 0,3609                          ,    0,       109,0,20190121 08:04:33,3616                          ,  101, 9999,  101,  101,    0,     0,     0
 ED5.2,3390                          ,3307                          ,                    ,1089      ,                ,  101,                    ,                              ,14,0,20190121 08:06:24,    0,         0,         0,65535,65535, 9999,2,                ,0000000,0, 0,         0,    0,0000000000000000000000000000000000000000,0000000000000000000000000000000000000000,         0,         0,         0,         0,1, 0, 0, 0,3390                          ,    0,         0,0,20190121 08:06:24,3307                          ,  101, 9999,  101,  101,    0,     0,     0
 ED5.2,1402                          ,1594                          ,                    ,1952      ,                ,  101,                    ,                              ,14,0,20190121 08:06:28,    0,         0,         0,65535,65535, 9999,2,                ,0000000,0, 0,         0,    0,0000000000000000000000000000000000000000,0000000000000000000000000000000000000000,         0,         0,         0,         0,1, 0, 0, 0,1402                          ,    0,         0,0,20190121 08:06:28,1594                          ,  101, 9999,  101,  101,    0,     0,     0
 ED5.2,3214                          ,3512                          ,                    ,4466      ,                ,  101,                    ,                              ,14,0,20190121 08:06:32,    0,         0,         0,65535,65535, 9999,2,                ,0000000,0, 0,         0,    0,0000000000000000000000000000000000000000,0000000000000000000000000000000000000000,         0,         0,         0,         0,1, 0, 0, 0,3214                          ,    0,         0,0,20190121 08:06:32,3512                          ,  101, 9999,  101,  101,    0,     0,     0
 ED5.2,1557                          ,2071                          ,                    ,4635      ,                ,  101,                    ,                              ,14,0,20190121 08:06:33,    0,         0,         0,65535,65535, 9999,2,                ,0000000,0, 0,         0,    0,0000000000000000000000000000000000000000,0000000000000000000000000000000000000000,         0,         0,         0,         0,1, 0, 0, 0,1557                          ,    0,         0,1,20190121 08:06:33,2071                          ,  101, 9999,  101,  101,    0,     0,     0
 ED5.2,1105                          ,1311                          ,                    ,1420      ,                ,  101,                    ,                              ,14,0,20190121 08:06:34,    0,         0,         0,65535,65535, 9999,2,                ,0000000,0, 0,         0,    0,0000000000000000000000000000000000000000,0000000000000000000000000000000000000000,         0,         0,         0,         0,1, 0, 0, 0,1115                          ,    0,         0,1,20190121 08:06:34,1311                          ,  101, 9999,  101,  101,    0,     0,     0
 ED5.2,663547100                     ,4077                          ,ELIANA AGUIRRE      ,2952      ,                ,  101,                    ,                              , 4,2,20190121 08:06:34,    0,         0,        38,10446,   15,  101,2,                ,0000000,2, 0,         0,    0,0000000000000000000000000000000000000000,0000000000000000000000010000000000000000,         0,         0,         0,         0,1, 0, 0, 0,A800                          ,   15,        24,0,20190121 08:05:56,                              , 9999, 9999, 9999, 9999,32767,     0,     0
 ED5.2,1241                          ,1311                          ,                    ,1420      ,                ,  101,                    ,                              ,14,0,20190121 08:06:35,    0,         0,         0,65535,65535, 9999,2,                ,0000000,0, 0,         0,    0,0000000000000000000000000000000000000000,0000000000000000000000000000000000000000,         0,         0,         0,         0,1, 0, 0, 0,1115                          ,    0,         0,1,20190121 08:06:35,1311                          ,  101, 9999,  101,  101,    0,     0,     0
 ED5.2,663158381341                  ,1014                          ,RECEPCION LO COU    ,1635      ,                ,  101,                    ,                              , 4,2,20190121 08:06:40,    0,         0,        39,  123,   20,  101,2,                ,0000000,2, 1,         0,    0,0000000000000000000000000000000000000000,0000000000000000000000010000000000000000,         0,         0,         0,         0,1, 0, 0, 0,A800                          ,   27,        12,1,20190121 08:06:01,                              , 9999, 9999, 9999, 9999,32767,     0,     0
 ED5.2,1012                          ,2071                          ,                    ,4635      ,                ,  101,                    ,                              ,14,0,20190121 08:06:42,    0,         0,         0,65535,65535, 9999,2,                ,0000000,0, 0,         0,    0,0000000000000000000000000000000000000000,0000000000000000000000000000000000000000,         0,         0,         0,         0,1, 0, 0, 0,1557                          ,    0,         0,1,20190121 08:06:42,2071                          ,  101, 9999,  101,  101,    0,     0,     0
 ED5.2,3799010                       ,3269                          ,OSCAR GIOVAN ALV    ,1979      ,                ,  101,                    ,                              , 4,2,20190121 08:06:43,    0,         0,        44,10868,   82,  101,2,                ,0000000,2, 0,         0,    0,0000000000000000000000000000000000000000,0000000000000000000000010000000000000000,         0,         0,         0,         0,1, 0, 0, 0,A500                          ,   14,        31,0,20190121 08:05:59,                              , 9999, 9999, 9999, 9999,32767,     0,     0
 ED5.2,2018                          ,2091                          ,                    ,4949      ,                ,  101,                    ,                              ,14,0,20190121 08:06:44,    0,         0,         0,65535,65535, 9999,2,                ,0000000,0, 0,         0,    0,0000000000000000000000000000000000000000,0000000000000000000000000000000000000000,         0,         0,         0,         0,1, 0, 0, 0,2018                          ,    0,         0,0,20190121 08:06:44,2091                          ,  101, 9999,  101,  101,    0,     0,     0
 ED5.2,3501                          ,2060                          ,                    ,4635      ,                ,  101,                    ,                              ,14,0,20190121 08:06:50,    0,         0,         0,65535,65535, 9999,2,                ,0000000,0, 0,         0,    0,0000000000000000000000000000000000000000,0000000000000000000000000000000000000000,         0,         0,         0,         0,1, 0, 0, 0,3501                          ,    0,         0,0,20190121 08:06:50,2060                          ,  101, 9999,  101,  101,    0,     0,     0
 ED5.2,2056                          ,2091                          ,                    ,4949      ,                ,  101,                    ,                              ,14,0,20190121 08:06:52,    0,         0,         0,65535,65535, 9999,2,                ,0000000,0, 0,         0,    0,0000000000000000000000000000000000000000,0000000000000000000000000000000000000000,         0,         0,         0,         0,1, 0, 0, 0,2018                          ,    0,         0,1,20190121 08:06:52,2091                          ,  101, 9999,  101,  101,    0,     0,     0
 ED5.2,3134146121                    ,1266                          ,NURY JOHANNA RAM    ,1952      ,                ,  101,                    ,                              , 0,1,20190121 08:06:54,    0,         0,        31,  378,   21,  101,2,                ,0010000,0, 0,         0,    0,0000000000000000000000000000000000000000,0000000000000000000000010000000000001000,         0,         0,         0,         0,1, 0, 0, 0,033134146121                  ,    0,         0,0,20190121 08:06:23,1266                          , 9999, 9999, 9999,  101,32767,     0,     0
 ED5.2,6515200                       ,3188                          ,IVAN FELIPE CAMP    ,1597      ,                ,  101,                    ,                              , 0,2,20190121 08:06:56,    0,         0,        27,10876,   82,  101,2,                ,0010000,2, 1,         0,    0,1000000000000000000000000000000000000000,0000000000000000000000010000000000001000,         0,         0,         0,         0,1, 0, 0, 0,6515200                       ,    0,         0,0,20190121 08:06:29,3188                          , 9999, 9999, 9999,  101,32767,     0,     0
 ED5.2,7777                          ,1456                          ,                    ,1952      ,                ,  101,                    ,                              , 3,0,20190121 08:06:56,    0,         0,         0,65535,65535, 9999,2,                ,0000000,0, 0,         0,    0,0000000000000000000000000000000000000000,0000000000000000000000000000000000000000,         0,         0,         0,         0,1, 0, 0, 0,7777                          ,    0,         0,0,20190121 08:06:56,1456                          ,  101, 9999,  101,  101,    0,     0,     0
 ED5.2,2010                          ,2071                          ,                    ,4635      ,                ,  101,                    ,                              ,14,0,20190121 08:06:59,    0,         0,         0,65535,65535, 9999,2,                ,0000000,0, 0,         0,    0,0000000000000000000000000000000000000000,0000000000000000000000000000000000000000,         0,         0,         0,         0,1, 0, 0, 0,2010                          ,    0,         0,0,20190121 08:06:59,2071                          ,  101, 9999,  101,  101,    0,     0,     0
 ED5.2,7777                          ,2074                          ,                    ,4952      ,                ,  101,                    ,                              , 3,0,20190121 08:07:01,    0,         0,         0,65535,65535, 9999,2,                ,0000000,0, 0,         0,    0,0000000000000000000000000000000000000000,0000000000000000000000000000000000000000,         0,         0,         0,         0,1, 0, 0, 0,7777                          ,    0,         0,0,20190121 08:07:01,2074                          ,  101, 9999,  101,  101,    0,     0,     0
 ED5.2,3421                          ,3263                          ,                    ,1979      ,                ,  101,                    ,                              ,14,0,20190121 08:07:04,    0,         0,         0,65535,65535, 9999,2,                ,0000000,0, 0,         0,    0,0000000000000000000000000000000000000000,0000000000000000000000000000000000000000,         0,         0,         0,         0,1, 0, 0, 0,3421                          ,    0,         0,0,20190121 08:07:04,3263                          ,  101, 9999,  101,  101,    0,     0,     0
 ED5.2,663138773305                  ,1520                          ,JULIANA IZQUIERD    ,1949      ,                ,  101,                    ,                              , 4,2,20190121 08:07:05,    0,         0,        65,  121,   20,  101,2,                ,0000000,2, 1,         0,    0,0000000000000000000000000000000000000000,0000000000000000000000010000000000000000,         0,         0,         0,         0,1, 0, 0, 0,A800                          ,   65,         0,1,20190121 08:06:00,                              , 9999, 9999, 9999, 9999,32767,     0,     0
 ED5.2,3379                          ,1631                          ,                    ,1425      ,                ,  101,                    ,                              ,14,0,20190121 08:07:12,    0,         0,        49,65535,65535, 9999,2,                ,0000000,0, 0,         0,    0,0000000000000000000000000000000000000000,0000000000000000000000000000000000000000,         0,         0,         0,         0,1, 0, 0, 0,3379                          ,    0,        49,0,20190121 08:06:23,1631                          ,  101, 9999,  101,  101,    0,     0,     0
 ED5.2,3615                          ,3431                          ,                    ,2675      ,                ,  101,                    ,                              ,14,0,20190121 08:07:13,    0,         0,         0,65535,65535, 9999,2,                ,0000000,0, 0,         0,    0,0000000000000000000000000000000000000000,0000000000000000000000000000000000000000,         0,         0,         0,         0,1, 0, 0, 0,3615                          ,    0,         0,0,20190121 08:07:13,3431                          ,  101, 9999,  101,  101,    0,     0,     0
 ED5.2,2015                          ,2071                          ,                    ,4635      ,                ,  101,                    ,                              ,14,0,20190121 08:07:15,    0,         0,         0,65535,65535, 9999,2,                ,0000000,0, 0,         0,    0,0000000000000000000000000000000000000000,0000000000000000000000000000000000000000,         0,         0,         0,         0,1, 0, 0, 0,2010                          ,    0,         0,1,20190121 08:07:15,2071                          ,  101, 9999,  101,  101,    0,     0,     0
 ED5.2,7443065                       ,1487                          ,HEIDY LILIAN ANG    ,1952      ,                ,  101,                    ,89                            , 4,2,20190121 08:07:15,    0,         0,       109,  120,   20,  101,2,                ,0000000,3, 0,         0,    0,0000000000000000000000000000000000000000,0000000010000000000000000000000000000000,         0,         0,         0,         0,1, 0, 0, 0,A800                          ,   27,        82,1,20190121 08:05:26,                              , 9999, 9999, 9999, 9999,32767,     0,     0
 ED5.2,7777                          ,1208                          ,                    ,1636      ,                ,  101,                    ,                              , 3,0,20190121 08:07:17,    0,         0,         0,65535,65535, 9999,2,                ,0000000,0, 0,         0,    0,0000000000000000000000000000000000000000,0000000000000000000000000000000000000000,         0,         0,         0,         0,1, 0, 0, 0,7777                          ,    0,         0,0,20190121 08:07:17,1208                          ,  101, 9999,  101,  101,    0,     0,     0
 ED5.2,1559                          ,1478                          ,                    ,1952      ,                ,  101,                    ,                              ,14,0,20190121 08:07:30,    0,         0,         0,65535,65535, 9999,2,                ,0000000,0, 0,         0,    0,0000000000000000000000000000000000000000,0000000000000000000000000000000000000000,         0,         0,         0,         0,1, 0, 0, 0,1559                          ,    0,         0,0,20190121 08:07:30,1478                          ,  101, 9999,  101,  101,    0,     0,     0
 ED5.2,1528                          ,1478                          ,                    ,1952      ,                ,  101,                    ,                              ,14,0,20190121 08:07:32,    0,         0,         0,65535,65535, 9999,2,                ,0000000,0, 0,         0,    0,0000000000000000000000000000000000000000,0000000000000000000000000000000000000000,         0,         0,         0,         0,1, 0, 0, 0,1528                          ,    0,         0,0,20190121 08:07:32,1478                          ,  101, 9999,  101,  101,    0,     0,     0
 ED5.2,4026                          ,1802                          ,                    ,1528      ,                ,  101,                    ,                              ,14,0,20190121 08:07:33,    0,         0,         0,65535,65535, 9999,2,                ,0000000,0, 0,         0,    0,0000000000000000000000000000000000000000,0000000000000000000000000000000000000000,         0,         0,         0,         0,1, 0, 0, 0,4026                          ,    0,         0,0,20190121 08:07:33,1802                          ,  101, 9999,  101,  101,    0,     0,     0
 ED5.2,0743202710                    ,1802                          ,JUAN PABLO ROJAS    ,1528      ,                ,  101,                    ,                              , 4,2,20190121 08:07:33,    0,         0,        84,10447,   15,  101,2,                ,0000000,2, 0,         0,    0,0000000000000000000000000000000000000000,0000000000000000000000010000000000000000,         0,         0,         0,         0,1, 0, 0, 0,A800                          ,   47,        38,1,20190121 08:06:09,                              , 9999, 9999, 9999, 9999,32767,     0,     0
 ED5.2,3614                          ,3431                          ,                    ,2675      ,                ,  101,                    ,                              ,14,0,20190121 08:07:36,    0,         0,         0,65535,65535, 9999,2,                ,0000000,0, 0,         0,    0,0000000000000000000000000000000000000000,0000000000000000000000000000000000000000,         0,         0,         0,         0,1, 0, 0, 0,3614                          ,    0,         0,0,20190121 08:07:36,3431                          ,  101, 9999,  101,  101,    0,     0,     0
 ED5.2,2092                          ,2037                          ,                    ,4952      ,                ,  101,                    ,                              ,14,0,20190121 08:07:40,    0,         0,         0,65535,65535, 9999,2,                ,0000000,0, 0,         0,    0,0000000000000000000000000000000000000000,0000000000000000000000000000000000000000,         0,         0,         0,         0,1, 0, 0, 0,2092                          ,    0,         0,0,20190121 08:07:40,2037                          ,  101, 9999,  101,  101,    0,     0,     0
 ED5.2,7777                          ,2035                          ,                    ,4952      ,                ,  101,                    ,                              , 3,0,20190121 08:07:43,    0,         0,         0,65535,65535, 9999,2,                ,0000000,0, 0,         0,    0,0000000000000000000000000000000000000000,0000000000000000000000000000000000000000,         0,         0,         0,         0,1, 0, 0, 0,7777                          ,    0,         0,0,20190121 08:07:43,2035                          ,  101, 9999,  101,  101,    0,     0,     0
 ED5.2,2035                          ,2085                          ,                    ,4843      ,                ,  101,                    ,                              ,14,0,20190121 08:07:46,    0,         0,         1,65535,65535, 9999,2,                ,0000000,0, 0,         0,    0,0000000000000000000000000000000000000000,0000000000000000000000000000000000000000,         0,         0,         0,         0,1, 0, 0, 0,2035                          ,    0,         1,0,20190121 08:07:45,2085                          ,  101, 9999,  101,  101,    0,     0,     0
 ED5.2,2085                          ,2071                          ,                    ,4635      ,                ,  101,                    ,                              ,14,0,20190121 08:07:46,    0,         0,        27,65535,65535, 9999,2,                ,0000000,0, 0,         0,    0,0000000000000000000000000000000000000000,0000000000000000000000000000000000000000,         0,         0,         0,         0,1, 0, 0, 0,2010                          ,    0,        27,1,20190121 08:07:19,2071                          ,  101, 9999,  101,  101,    0,     0,     0
