 ED5.2,8238689                       ,1039                          ,JUAN FRANCIS ALM    ,1631      ,                ,  101,                    ,                              , 0,2,20181122 19:00:50,    0,         0,         0, 2817,   82,  101,2,                ,0010000,2, 1,         0,    0,1000000000000000000000000000000000000000,0000000000000000000000010000000000001000,         0,         0,         0,         0,1, 0, 0, 0,8238689                       ,    0,         0,0,20181122 19:00:50,1039                          , 9999, 9999, 9999,  101,32767,     0,     0
 ED5.2,1115                          ,1336                          ,                    ,1635      ,                ,  101,                    ,                              ,14,0,20181122 19:00:56,    0,         0,       231,65535,65535, 9999,2,                ,0000000,0, 0,         0,    0,0000000000000000000000000000000000000000,0000000000000000000000000000000000000000,         0,         0,         0,         0,1, 0, 0, 0,1115                          ,    0,       231,0,20181122 18:57:05,1336                          ,  101, 9999,  101,  101,    0,     0,     0
 ED5.2,2226506                       ,1449                          ,KAROL VANESS OLI    ,1632      ,                ,  101,                    ,                              , 0,2,20181122 19:01:02,    0,         0,        39, 1951,   11,  101,2,                ,0010000,2, 1,         0,    0,1000000000000000000000000000000000000000,0000000000000000000000010000000000001000,         0,         0,         0,         0,1, 0, 0, 0,2226506                       ,    0,         0,0,20181122 19:00:23,1449                          , 9999, 9999, 9999,  101,32767,     0,     0
 ED5.2,1213                          ,1218                          ,                    ,1638      ,                ,  101,                    ,                              ,14,0,20181122 19:01:14,    0,         0,        48,65535,65535, 9999,2,                ,0000000,0, 0,         0,    0,0000000000000000000000000000000000000000,0000000000000000000000000000000000000000,         0,         0,         0,         0,1, 0, 0, 0,1213                          ,    0,        48,0,20181122 19:00:26,1218                          ,  101, 9999,  101,  101,    0,     0,     0
 ED5.2,4089                          ,4069                          ,                    ,2952      ,                ,  101,                    ,                              ,14,0,20181122 19:01:54,    0,         0,        11,65535,65535, 9999,2,                ,0000000,0, 0,         0,    0,0000000000000000000000000000000000000000,0000000000000000000000000000000000000000,         0,         0,         0,         0,1, 0, 0, 0,4089                          ,    0,        11,0,20181122 19:01:43,4069                          ,  101, 9999,  101,  101,    0,     0,     0
 ED5.2,3600124                       ,5119                          ,GINA PAOLA CUBIL    ,3952      ,                ,  101,                    ,                              , 0,2,20181122 19:02:41,    0,         0,        88, 2817,   82,  101,2,                ,0010000,2, 1,         0,    0,1000000000000000000000000000000000000000,0000000000000000000000010000000000001000,         0,         0,         0,         0,1, 0, 0, 0,3600124                       ,    0,         0,0,20181122 19:01:13,5119                          , 9999, 9999, 9999,  101,32767,     0,     0
 ED5.2,3344030                       ,4027                          ,LILIANA MARIN RI    ,1952      ,                ,  101,                    ,                              , 0,2,20181122 19:03:15,    0,         0,         0, 2395,   15,  101,2,                ,0010000,2, 1,         0,    0,1000000000000000000000000000000000000000,0000000000000000000000010000000000001000,         0,         0,         0,         0,1, 0, 0, 0,3344030                       ,    0,         0,0,20181122 19:03:15,4027                          , 9999, 9999, 9999,  101,32767,     0,     0
 ED5.2,2310345                       ,1364                          ,LUIS FERNELY BER    ,1632      ,                ,  101,                    ,                              , 0,2,20181122 19:03:36,    0,         0,        21, 2817,   82,  101,2,                ,0010000,2, 1,         0,    0,1000000000000000000000000000000000000000,0000000000000000000000010000000000001000,         0,         0,         0,         0,1, 0, 0, 0,2310345                       ,    0,         0,0,20181122 19:03:15,1364                          , 9999, 9999, 9999,  101,32767,     0,     0
 ED5.2,8947387                       ,1364                          ,LUIS FERNELY BER    ,1632      ,                ,  101,                    ,                              , 0,2,20181122 19:05:01,    0,         0,        58, 2817,   82,  101,2,                ,0010000,2, 1,         0,    0,1000000000000000000000000000000000000000,0000000000000000000000010000000000001000,         0,         0,         0,         0,1, 0, 0, 0,8947387                       ,    0,         0,0,20181122 19:04:03,1364                          , 9999, 9999, 9999,  101,32767,     0,     0
 ED5.2,3138041746                    ,1084                          ,LIBRE LIBRE         ,1638      ,                ,  101,                    ,                              , 0,1,20181122 19:05:56,    0,         0,        47,  378,   21,  101,2,                ,0010000,0, 0,         0,    0,0000000000000000000000000000000000000000,0000000000000000000000010000000000001000,         0,         0,         0,         0,1, 0, 0, 0,033138041746                  ,    0,         0,0,20181122 19:05:09,1084                          , 9999, 9999, 9999,  101,32767,     0,     0
 ED5.2,6447700                       ,1544                          ,ANDRES MANUE TOR    ,1952      ,                ,  101,                    ,                              , 0,2,20181122 19:06:23,    0,         0,         0, 1951,   11,  101,2,                ,0010000,2, 1,         0,    0,1000000000000000000000000000000000000000,0000000000000000000000010000000000001000,         0,         0,         0,         0,1, 0, 0, 0,6447700                       ,    0,         0,0,20181122 19:06:23,1544                          , 9999, 9999, 9999,  101,32767,     0,     0
 ED5.2,7428092                       ,FS020                         ,ETB                 ,          ,                ,  101,                    ,                              , 4,2,20181122 19:06:24,    0,         0,         1,  121,   20,  101,2,                ,0000000,3, 0,         0,    0,0000000000000000000000000000000000000000,0000000000000000000000010000000000000000,         0,         0,         0,         0,1, 0, 0, 0,A800                          ,    1,         0,0,20181122 19:06:23,                              , 9999, 9999, 9999, 9999,32767,     0,     0
 ED5.2,1680                          ,1559                          ,                    ,1632      ,                ,  101,                    ,                              ,14,0,20181122 19:06:43,    0,         0,         0,65535,65535, 9999,2,                ,0000000,0, 0,         0,    0,0000000000000000000000000000000000000000,0000000000000000000000000000000000000000,         0,         0,         0,         0,1, 0, 0, 0,1634                          ,    0,         0,1,20181122 19:06:43,1559                          ,  101, 9999,  101,  101,    0,     0,     0
 ED5.2,5945111                       ,1559                          ,LUIS HERNEY ALVA    ,1632      ,                ,  101,                    ,                              , 0,2,20181122 19:06:43,    0,         0,        16, 1951,   11,  101,2,                ,0010000,2, 1,         0,    0,1000000000000000000000000000000000000000,0000000000000000000000010000000000001000,         0,         0,         0,         0,1, 0, 0, 0,5945111                       ,    0,         0,0,20181122 19:06:27,1559                          , 9999, 9999, 9999,  101,32767,     0,     0
 ED5.2,1322                          ,1211                          ,                    ,1952      ,                ,  101,                    ,                              ,14,0,20181122 19:07:03,    0,         0,       143,65535,65535, 9999,2,                ,0000000,0, 0,         0,    0,0000000000000000000000000000000000000000,0000000000000000000000000000000000000000,         0,         0,         0,         0,1, 0, 0, 0,1322                          ,    0,       143,0,20181122 19:04:40,1211                          ,  101, 9999,  101,  101,    0,     0,     0
 ED5.2,1298                          ,1430                          ,                    ,1356      ,                ,  101,                    ,                              ,14,0,20181122 19:07:50,    0,         0,         9,65535,65535, 9999,2,                ,0000000,0, 0,         0,    0,0000000000000000000000000000000000000000,0000000000000000000000000000000000000000,         0,         0,         0,         0,1, 0, 0, 0,1298                          ,    0,         9,0,20181122 19:07:41,1430                          ,  101, 9999,  101,  101,    0,     0,     0
 ED5.2,1169                          ,1516                          ,                    ,1952      ,                ,  101,                    ,                              ,14,0,20181122 19:08:10,    0,         0,        79,65535,65535, 9999,2,                ,0000000,0, 0,         0,    0,0000000000000000000000000000000000000000,0000000000000000000000000000000000000000,         0,         0,         0,         0,1, 0, 0, 0,1169                          ,    0,        79,0,20181122 19:06:51,1516                          ,  101, 9999,  101,  101,    0,     0,     0
 ED5.2,5945111                       ,1559                          ,LUIS HERNEY ALVA    ,1632      ,                ,  101,                    ,1559                          , 0,2,20181122 19:08:23,    0,         0,       100, 1951,   11,  101,2,                ,0010000,2, 1,         0,    0,0000000000000000000000000000000000000000,0000000010000000000000010000000000001000,         0,         0,         0,         0,1, 0, 0, 0,5945111                       ,  117,         0,0,20181122 19:06:43,1680                          , 9999, 9999, 9999,  101,32767,     0,     0
 ED5.2,8017                          ,8015                          ,                    ,6952      ,                ,  101,                    ,                              ,14,0,20181122 19:10:18,    0,         0,      1289,65535,65535, 9999,2,                ,0000000,0, 0,         0,    0,0000000000000000000000000000000000000000,0000000000000000000000000000000000000000,         0,         0,         0,         0,1, 0, 0, 0,8017                          ,    0,      1289,0,20181122 18:48:49,8015                          ,  101, 9999,  101,  101,    0,     0,     0
 ED5.2,1516                          ,1169                          ,                    ,1952      ,                ,  101,                    ,                              ,14,0,20181122 19:10:18,    0,         0,        19,65535,65535, 9999,2,                ,0000000,0, 0,         0,    0,0000000000000000000000000000000000000000,0000000000000000000000000000000000000000,         0,         0,         0,         0,1, 0, 0, 0,1516                          ,    0,        19,0,20181122 19:09:59,1169                          ,  101, 9999,  101,  101,    0,     0,     0
 ED5.2,6439000                       ,1685                          ,VISACION 5          ,1949      ,                ,  101,                    ,                              , 4,2,20181122 19:10:48,    0,         0,      1305,  120,   20,  101,2,                ,0000000,3, 0,         0,    0,0000000000000000000000000000000000000000,0000000000000000000000010000000000000000,         0,         0,         0,         0,1, 0, 0, 0,A800                          ,    7,      1299,0,20181122 18:49:03,                              , 9999, 9999, 9999, 9999,32767,     0,     0
 ED5.2,4291400                       ,1261                          ,BRAYAN SEBAS CHA    ,1945      ,                ,  101,                    ,                              , 4,2,20181122 19:10:54,    0,         0,        32,  121,   20,  101,2,                ,0000000,2, 0,         0,    0,0000000000000000000000000000000000000000,0000000000000000000000010000000000000000,         0,         0,         0,         0,1, 0, 0, 0,A800                          ,   32,         0,0,20181122 19:10:22,                              , 9999, 9999, 9999, 9999,32767,     0,     0
 ED5.2,1340                          ,1297                          ,                    ,1318      ,                ,  101,                    ,                              ,14,0,20181122 19:12:14,    0,         0,         0,65535,65535, 9999,2,                ,0000000,0, 0,         0,    0,0000000000000000000000000000000000000000,0000000000000000000000000000000000000000,         0,         0,         0,         0,1, 0, 0, 0,1340                          ,    0,         0,0,20181122 19:12:14,1297                          ,  101, 9999,  101,  101,    0,     0,     0
 ED5.2,1501                          ,1139                          ,                    ,1952      ,                ,  101,                    ,                              ,14,0,20181122 19:12:31,    0,         0,        18,65535,65535, 9999,2,                ,0000000,0, 0,         0,    0,0000000000000000000000000000000000000000,0000000000000000000000000000000000000000,         0,         0,         0,         0,1, 0, 0, 0,1501                          ,    0,        18,0,20181122 19:12:13,1139                          ,  101, 9999,  101,  101,    0,     0,     0
 ED5.2,6962760                       ,8017                          ,CARMEN SOFIA CAD    ,6952      ,                ,  101,                    ,                              , 0,1,20181122 19:12:41,    0,         0,        31,  400,   80,  101,2,                ,0010000,0, 0,         0,    0,0000000000000000000000000000000000000000,0000000000000000000000010000000000001000,         0,         0,         0,         0,1, 0, 0, 0,6962760                       ,    0,         0,0,20181122 19:12:10,8017                          , 9999, 9999, 9999,  101,32767,     0,     0
 ED5.2,7420771                       ,FS012                         ,                    ,          ,                ,  101,                    ,                              , 7,2,20181122 19:13:30,    0,         0,     35652, 2845,   82,  101,2,                ,0010000,2, 1,         0,    0,1000000000000000000000000000000000000000,0000000000000000000000010000000000001000,         0,         0,         0,         0,1, 0, 0, 0,7420771                       ,    0,         0,0,20181122 09:19:18,                              , 9999, 9999, 9999, 9999,32767,     0,     0
 ED5.2,1329                          ,1485                          ,                    ,1952      ,                ,  101,                    ,                              ,14,0,20181122 19:13:59,    0,         0,        11,65535,65535, 9999,2,                ,0000000,0, 0,         0,    0,0000000000000000000000000000000000000000,0000000000000000000000000000000000000000,         0,         0,         0,         0,1, 0, 0, 0,1329                          ,    0,        11,0,20181122 19:13:48,1485                          ,  101, 9999,  101,  101,    0,     0,     0
 ED5.2,3463782                       ,1297                          ,JEIMY CAROLI ARI    ,1318      ,                ,  101,                    ,                              , 0,2,20181122 19:14:22,    0,         0,       119, 1953,   11,  101,2,                ,0010000,2, 1,         0,    0,1000000000000000000000000000000000000000,0000000000000000000000010000000000001000,         0,         0,         0,         0,1, 0, 0, 0,3463782                       ,    0,         0,0,20181122 19:12:23,1297                          , 9999, 9999, 9999,  101,32767,     0,     0
 ED5.2,5945111                       ,8023                          ,JHONATAN CONMUTA    ,1635      ,                ,  101,                    ,1559                          , 0,2,20181122 19:14:48,    0,         0,       385, 1951,   11,  101,2,                ,0010000,2, 1,         0,    0,0000000000000000000000000000000000000000,0000000010000000000000011000000000001000,         0,         0,         0,         0,1, 0, 0, 0,5945111                       ,  502,         0,0,20181122 19:08:23,1680                          , 9999, 9999, 9999,  101,32767,     0,     0
 ED5.2,3344030                       ,4027                          ,LILIANA MARIN RI    ,1952      ,                ,  101,                    ,                              , 0,2,20181122 19:15:28,    0,         0,        23, 2395,   15,  101,2,                ,0010000,2, 1,         0,    0,1000000000000000000000000000000000000000,0000000000000000000000010000000000001000,         0,         0,         0,         0,1, 0, 0, 0,3344030                       ,    0,         0,0,20181122 19:15:05,4027                          , 9999, 9999, 9999,  101,32767,     0,     0
 ED5.2,6962760                       ,8017                          ,CARMEN SOFIA CAD    ,6952      ,                ,  101,                    ,                              , 0,1,20181122 19:15:47,    0,         0,        35,  401,   80,  101,2,                ,0010000,0, 0,         0,    0,0000000000000000000000000000000000000000,0000000000000000000000010000000000001000,         0,         0,         0,         0,1, 0, 0, 0,6962760                       ,    0,         0,0,20181122 19:15:12,8017                          , 9999, 9999, 9999,  101,32767,     0,     0
 ED5.2,4719724                       ,1228                          ,COORD PROCES ADI    ,1949      ,                ,  101,                    ,                              , 0,2,20181122 19:16:19,    0,         0,       118, 2817,   82,  101,2,                ,0010000,2, 1,         0,    0,1000000000000000000000000000000000000000,0000000000000000000000010000000000001000,         0,         0,         0,         0,1, 0, 0, 0,4719724                       ,    0,         0,0,20181122 19:14:21,1228                          , 9999, 9999, 9999,  101,32767,     0,     0
 ED5.2,6364481                       ,1622                          ,LEIDY XIOMAR RAM    ,1422      ,                ,  101,                    ,                              , 0,2,20181122 19:16:41,    0,         0,         0, 1951,   11,  101,2,                ,0010000,2, 1,         0,    0,1000000000000000000000000000000000000000,0000000000000000000000010000000000001000,         0,         0,         0,         0,1, 0, 0, 0,6364481                       ,    0,         0,0,20181122 19:16:41,1622                          , 9999, 9999, 9999,  101,32767,     0,     0
 ED5.2,6364481                       ,1622                          ,LEIDY XIOMAR RAM    ,1422      ,                ,  101,                    ,                              , 0,2,20181122 19:16:53,    0,         0,         0, 1951,   11,  101,2,                ,0010000,2, 1,         0,    0,1000000000000000000000000000000000000000,0000000000000000000000010000000000001000,         0,         0,         0,         0,1, 0, 0, 0,6364481                       ,    0,         0,0,20181122 19:16:53,1622                          , 9999, 9999, 9999,  101,32767,     0,     0
 ED5.2,1524                          ,1587                          ,                    ,1952      ,                ,  101,                    ,                              ,14,0,20181122 19:17:14,    0,         0,       224,65535,65535, 9999,2,                ,0000000,0, 0,         0,    0,0000000000000000000000000000000000000000,0000000000000000000000000000000000000000,         0,         0,         0,         0,1, 0, 0, 0,1524                          ,    0,       224,0,20181122 19:13:30,1587                          ,  101, 9999,  101,  101,    0,     0,     0
 ED5.2,1305                          ,1471                          ,                    ,1952      ,                ,  101,                    ,                              ,14,0,20181122 19:17:26,    0,         0,        21,65535,65535, 9999,2,                ,0000000,0, 0,         0,    0,0000000000000000000000000000000000000000,0000000000000000000000000000000000000000,         0,         0,         0,         0,1, 0, 0, 0,1305                          ,    0,        21,0,20181122 19:17:05,1471                          ,  101, 9999,  101,  101,    0,     0,     0
 ED5.2,6439000                       ,1685                          ,VISACION 5          ,1949      ,                ,  101,                    ,                              , 4,2,20181122 19:17:44,    0,         0,        33,  120,   20,  101,2,                ,0000000,3, 0,         0,    0,0000000000000000000000000000000000000000,0000000000000000000000010000000000000000,         0,         0,         0,         0,1, 0, 0, 0,A800                          ,   33,         0,0,20181122 19:17:11,                              , 9999, 9999, 9999, 9999,32767,     0,     0
 ED5.2,1622                          ,1119                          ,                    ,1949      ,                ,  101,                    ,                              ,14,0,20181122 19:18:55,    0,         0,         0,65535,65535, 9999,2,                ,0000000,0, 0,         0,    0,0000000000000000000000000000000000000000,0000000000000000000000000000000000000000,         0,         0,         0,         0,1, 0, 0, 0,1622                          ,    0,         0,0,20181122 19:18:55,1119                          ,  101, 9999,  101,  101,    0,     0,     0
 ED5.2,7444464                       ,1622                          ,LEIDY XIOMAR RAM    ,1422      ,                ,  101,                    ,                              , 0,2,20181122 19:19:08,    0,         0,       115, 1951,   11,  101,2,                ,0010000,2, 1,         0,    0,1000000000000000000000000000000000000000,0000000000000000000000010000000000001000,         0,         0,         0,         0,1, 0, 0, 0,7444464                       ,    0,         0,0,20181122 19:17:13,1622                          , 9999, 9999, 9999,  101,32767,     0,     0
 ED5.2,1587                          ,1856                          ,                    ,1952      ,                ,  101,                    ,                              ,14,0,20181122 19:19:23,    0,         0,        11,65535,65535, 9999,2,                ,0000000,0, 0,         0,    0,0000000000000000000000000000000000000000,0000000000000000000000000000000000000000,         0,         0,         0,         0,1, 0, 0, 0,1587                          ,    0,        11,0,20181122 19:19:12,1856                          ,  101, 9999,  101,  101,    0,     0,     0
 ED5.2,1838                          ,4051                          ,                    ,2635      ,                ,  101,                    ,                              ,14,0,20181122 19:19:45,    0,         0,         0,65535,65535, 9999,2,                ,0000000,0, 0,         0,    0,0000000000000000000000000000000000000000,0000000000000000000000000000000000000000,         0,         0,         0,         0,1, 0, 0, 0,1838                          ,    0,         0,0,20181122 19:19:45,4051                          ,  101, 9999,  101,  101,    0,     0,     0
 ED5.2,1468                          ,1736                          ,                    ,1635      ,                ,  101,                    ,                              ,14,0,20181122 19:20:44,    0,         0,         8,65535,65535, 9999,2,                ,0000000,0, 0,         0,    0,0000000000000000000000000000000000000000,0000000000000000000000000000000000000000,         0,         0,         0,         0,1, 0, 0, 0,1468                          ,    0,         8,0,20181122 19:20:36,1736                          ,  101, 9999,  101,  101,    0,     0,     0
 ED5.2,3015493611                    ,1228                          ,COORD PROCES ADI    ,1949      ,                ,  101,                    ,                              , 0,2,20181122 19:22:33,    0,         0,        25, 2299,   66,  101,2,                ,0010000,2, 1,         0,    0,1000000000000000000000000000000000000000,0000000000000000000000010000000000001000,         0,         0,         0,         0,1, 0, 0, 0,033015493611                  ,    0,         0,0,20181122 19:22:08,1228                          , 9999, 9999, 9999,  101,32767,     0,     0
 ED5.2,3178807620                    ,1351                          ,LILIANA BARRERA     ,1949      ,                ,  101,                    ,                              , 0,1,20181122 19:22:34,    0,         0,        44,  377,   21,  101,2,                ,0010000,0, 0,         0,    0,0000000000000000000000000000000000000000,0000000000000000000000010000000000001000,         0,         0,         0,         0,1, 0, 0, 0,033178807620                  ,    0,         0,0,20181122 19:21:50,1351                          , 9999, 9999, 9999,  101,32767,     0,     0
 ED5.2,                              ,7500                          ,Recep Bogota        ,          ,                ,  101,                    ,                              , 4,1,20181122 19:23:10,    0,         0,         0,  378,   21,  101,2,                ,0000000,0, 0,         0,    0,0000000000000000000000000000000000000000,0000000000000000000000010000000000000000,         0,         0,         0,         0,1, 0, 0, 0,                              ,   25,         0,1,20181122 19:23:10,                              , 9999, 9999, 9999, 9999,32767,     0,     0
 ED5.2,1213                          ,1468                          ,                    ,1638      ,                ,  101,                    ,                              ,14,0,20181122 19:23:13,    0,         0,        19,65535,65535, 9999,2,                ,0000000,0, 0,         0,    0,0000000000000000000000000000000000000000,0000000000000000000000000000000000000000,         0,         0,         0,         0,1, 0, 0, 0,1213                          ,    0,        19,0,20181122 19:22:54,1468                          ,  101, 9999,  101,  101,    0,     0,     0
 ED5.2,1226                          ,1114                          ,                    ,1949      ,                ,  101,                    ,                              ,14,0,20181122 19:23:36,    0,         0,       138,65535,65535, 9999,2,                ,0000000,0, 0,         0,    0,0000000000000000000000000000000000000000,0000000000000000000000000000000000000000,         0,         0,         0,         0,1, 0, 0, 0,1226                          ,    0,       138,0,20181122 19:21:18,1114                          ,  101, 9999,  101,  101,    0,     0,     0
 ED5.2,1291                          ,1476                          ,                    ,1952      ,                ,  101,                    ,                              ,14,0,20181122 19:23:39,    0,         0,         0,65535,65535, 9999,2,                ,0000000,0, 0,         0,    0,0000000000000000000000000000000000000000,0000000000000000000000000000000000000000,         0,         0,         0,         0,1, 0, 0, 0,1291                          ,    0,         0,0,20181122 19:23:39,1476                          ,  101, 9999,  101,  101,    0,     0,     0
 ED5.2,1420                          ,1736                          ,                    ,1635      ,                ,  101,                    ,                              ,14,0,20181122 19:23:53,    0,         0,         0,65535,65535, 9999,2,                ,0000000,0, 0,         0,    0,0000000000000000000000000000000000000000,0000000000000000000000000000000000000000,         0,         0,         0,         0,1, 0, 0, 0,1420                          ,    0,         0,0,20181122 19:23:53,1736                          ,  101, 9999,  101,  101,    0,     0,     0
 ED5.2,1685                          ,1736                          ,                    ,1635      ,                ,  101,                    ,                              ,14,0,20181122 19:24:00,    0,         0,         0,65535,65535, 9999,2,                ,0000000,0, 0,         0,    0,0000000000000000000000000000000000000000,0000000000000000000000000000000000000000,         0,         0,         0,         0,1, 0, 0, 0,1420                          ,    0,         0,1,20181122 19:24:00,1736                          ,  101, 9999,  101,  101,    0,     0,     0
 ED5.2,5945111                       ,1559                          ,LUIS HERNEY ALVA    ,1632      ,                ,  101,                    ,                              , 0,2,20181122 19:24:48,    0,         0,      1079, 1952,   11,  101,2,                ,0010000,2, 1,         0,    0,1000000000000000000000000000000000000000,0000000000000000000000010000000000001000,         0,         0,         0,         0,1, 0, 0, 0,5945111                       ,    0,         0,0,20181122 19:06:49,1559                          , 9999, 9999, 9999,  101,32767,     0,     0
 ED5.2,6962760                       ,8017                          ,CARMEN SOFIA CAD    ,6952      ,                ,  101,                    ,                              , 0,1,20181122 19:25:10,    0,         0,         0,  402,   80,  101,2,                ,0010000,0, 0,         0,    0,0000000000000000000000000000000000000000,0000000000000000000000010000000000001000,         0,         0,         0,         0,1, 0, 0, 0,6962760                       ,    0,         0,0,20181122 19:25:10,8017                          , 9999, 9999, 9999,  101,32767,     0,     0
 ED5.2,1440                          ,1067                          ,                    ,1952      ,                ,  101,                    ,                              ,14,0,20181122 19:25:45,    0,         0,         0,65535,65535, 9999,2,                ,0000000,0, 0,         0,    0,0000000000000000000000000000000000000000,0000000000000000000000000000000000000000,         0,         0,         0,         0,1, 0, 0, 0,1440                          ,    0,         0,0,20181122 19:25:45,1067                          ,  101, 9999,  101,  101,    0,     0,     0
 ED5.2,1441                          ,1067                          ,                    ,1952      ,                ,  101,                    ,                              ,14,0,20181122 19:25:50,    0,         0,         0,65535,65535, 9999,2,                ,0000000,0, 0,         0,    0,0000000000000000000000000000000000000000,0000000000000000000000000000000000000000,         0,         0,         0,         0,1, 0, 0, 0,1440                          ,    0,         0,1,20181122 19:25:50,1067                          ,  101, 9999,  101,  101,    0,     0,     0
 ED5.2,4323739                       ,1368                          ,CAJA 6              ,1949      ,                ,  101,                    ,                              , 4,2,20181122 19:26:24,    0,         0,        82,  120,   20,  101,2,                ,0000000,3, 0,         0,    0,0000000000000000000000000000000000000000,0000000000000000000000010000000000000000,         0,         0,         0,         0,1, 0, 0, 0,A800                          ,   82,         0,0,20181122 19:25:02,                              , 9999, 9999, 9999, 9999,32767,     0,     0
 ED5.2,7444464                       ,1622                          ,LEIDY XIOMAR RAM    ,1422      ,                ,  101,                    ,                              , 0,2,20181122 19:27:47,    0,         0,       517, 1951,   11,  101,2,                ,0010000,2, 1,         0,    0,1000000000000000000000000000000000000000,0000000000000000000000010000000000001000,         0,         0,         0,         0,1, 0, 0, 0,7444464                       ,    0,         0,0,20181122 19:19:10,1622                          , 9999, 9999, 9999,  101,32767,     0,     0
 ED5.2,4348798                       ,4040                          ,YURLEY VANES GUA    ,2425      ,                ,  101,                    ,                              , 0,2,20181122 19:28:55,    0,         0,         1, 2395,   15,  101,2,                ,0010000,2, 1,         0,    0,1000000000000000000000000000000000000000,0000000000000000000000010000000000001000,         0,         0,         0,         0,1, 0, 0, 0,4348798                       ,    0,         0,0,20181122 19:28:54,4040                          , 9999, 9999, 9999,  101,32767,     0,     0
 ED5.2,4348798                       ,4040                          ,YURLEY VANES GUA    ,2425      ,                ,  101,                    ,                              , 0,2,20181122 19:29:01,    0,         0,         0, 2395,   15,  101,2,                ,0010000,2, 1,         0,    0,1000000000000000000000000000000000000000,0000000000000000000000010000000000001000,         0,         0,         0,         0,1, 0, 0, 0,4348798                       ,    0,         0,0,20181122 19:29:01,4040                          , 9999, 9999, 9999,  101,32767,     0,     0
 ED5.2,4348798                       ,4040                          ,YURLEY VANES GUA    ,2425      ,                ,  101,                    ,                              , 0,2,20181122 19:29:08,    0,         0,         0, 2395,   15,  101,2,                ,0010000,2, 1,         0,    0,1000000000000000000000000000000000000000,0000000000000000000000010000000000001000,         0,         0,         0,         0,1, 0, 0, 0,4348798                       ,    0,         0,0,20181122 19:29:08,4040                          , 9999, 9999, 9999,  101,32767,     0,     0
 ED5.2,4323739                       ,1368                          ,CAJA 6              ,1949      ,                ,  101,                    ,                              , 4,2,20181122 19:29:11,    0,         0,       141,  120,   20,  101,2,                ,0000000,3, 0,         0,    0,0000000000000000000000000000000000000000,0000000000000000000000010000000000000000,         0,         0,         0,         0,1, 0, 0, 0,A800                          ,  142,         0,0,20181122 19:26:50,                              , 9999, 9999, 9999, 9999,32767,     0,     0
 ED5.2,4348798                       ,4040                          ,YURLEY VANES GUA    ,2425      ,                ,  101,                    ,                              , 0,2,20181122 19:29:17,    0,         0,         0, 2395,   15,  101,2,                ,0010000,2, 1,         0,    0,1000000000000000000000000000000000000000,0000000000000000000000010000000000001000,         0,         0,         0,         0,1, 0, 0, 0,4348798                       ,    0,         0,0,20181122 19:29:17,4040                          , 9999, 9999, 9999,  101,32767,     0,     0
 ED5.2,663183418477                  ,5136                          ,RECEPCION 3 BQUI    ,3635      ,                ,  101,                    ,                              , 4,2,20181122 19:29:23,    0,         0,        59, 2817,   82,  101,2,                ,0000000,2, 0,         0,    0,0000000000000000000000000000000000000000,0000000000000000000000010000000000000000,         0,         0,         0,         0,1, 0, 0, 0,A900                          ,   59,         0,1,20181122 19:28:24,                              , 9999, 9999, 9999, 9999,32767,     0,     0
 ED5.2,3160965                       ,1622                          ,LEIDY XIOMAR RAM    ,1422      ,                ,  101,                    ,                              , 0,1,20181122 19:29:38,    0,         0,         0,  378,   21,  101,2,                ,0010000,0, 0,         0,    0,0000000000000000000000000000000000000000,0000000000000000000000010000000000001000,         0,         0,         0,         0,1, 0, 0, 0,03316                         ,    0,         0,0,20181122 19:29:38,1622                          , 9999, 9999, 9999,  101,32767,     0,     0
 ED5.2,0050762464763                 ,FS082                         ,SIPsalida           ,          ,                ,  101,                    ,                              , 4,2,20181122 19:29:46,    0,         0,         3, 2818,   82,  101,2,                ,0000000,2, 0,         0,    0,0000000000000000000000000000000000000000,0000000000000000000000010000000000000000,         0,         0,         0,         0,1, 0, 0, 0,A900                          ,    3,         0,0,20181122 19:29:43,                              , 9999, 9999, 9999, 9999,32767,     0,     0
 ED5.2,663183418477                  ,5136                          ,RECEPCION 3 BQUI    ,3635      ,                ,  101,                    ,                              , 4,2,20181122 19:30:39,    0,         0,        64, 2817,   82,  101,2,                ,0000000,2, 0,         0,    0,0000000000000000000000000000000000000000,0000000000000000000000010000000000000000,         0,         0,         0,         0,1, 0, 0, 0,A900                          ,   64,         0,1,20181122 19:29:35,                              , 9999, 9999, 9999, 9999,32767,     0,     0
 ED5.2,3127625358                    ,4040                          ,YURLEY VANES GUA    ,2425      ,                ,  101,                    ,                              , 0,2,20181122 19:30:55,    0,         0,        54, 2299,   66,  101,2,                ,0010000,2, 1,         0,    0,1000000000000000000000000000000000000000,0000000000000000000000010000000000001000,         0,         0,         0,         0,1, 0, 0, 0,033127625358                  ,    0,         0,0,20181122 19:30:01,4040                          , 9999, 9999, 9999,  101,32767,     0,     0
 ED5.2,7420719                       ,FS020                         ,ETB                 ,          ,                ,  101,                    ,                              , 4,2,20181122 19:30:56,    0,         0,         3,  120,   20,  101,2,                ,0000000,3, 0,         0,    0,0000000000000000000000000000000000000000,0000000000000000000000010000000000000000,         0,         0,         0,         0,1, 0, 0, 0,A800                          ,    3,         0,0,20181122 19:30:53,                              , 9999, 9999, 9999, 9999,32767,     0,     0
 ED5.2,3166240965                    ,1622                          ,LEIDY XIOMAR RAM    ,1422      ,                ,  101,                    ,                              , 0,1,20181122 19:32:41,    0,         0,       162,  377,   21,  101,2,                ,0010000,0, 0,         0,    0,0000000000000000000000000000000000000000,0000000000000000000000010000000000001000,         0,         0,         0,         0,1, 0, 0, 0,033166240965                  ,    0,         0,0,20181122 19:29:59,1622                          , 9999, 9999, 9999,  101,32767,     0,     0
 ED5.2,3118832852                    ,1681                          ,MONICA ESPITIA      ,1425      ,                ,  101,                    ,                              , 0,2,20181122 19:35:16,    0,         0,         0, 2299,   66,  101,2,                ,0010000,2, 1,         0,    0,1000000000000000000000000000000000000000,0000000000000000000000010000000000001000,         0,         0,         0,         0,1, 0, 0, 0,033118832852                  ,    0,         0,0,20181122 19:35:16,1681                          , 9999, 9999, 9999,  101,32767,     0,     0
 ED5.2,7420719                       ,FS020                         ,ETB                 ,          ,                ,  101,                    ,                              , 4,2,20181122 19:35:48,    0,         0,        33,  120,   20,  101,2,                ,0000000,3, 0,         0,    0,0000000000000000000000000000000000000000,0000000000000000000000010000000000000000,         0,         0,         0,         0,1, 0, 0, 0,A800                          ,   33,         0,0,20181122 19:35:15,                              , 9999, 9999, 9999, 9999,32767,     0,     0
 ED5.2,663173686594                  ,1737                          ,RECEPCION TO ALI    ,1635      ,                ,  101,                    ,                              , 4,2,20181122 19:39:17,    0,         0,        86,  120,   20,  101,2,                ,0000000,2, 1,         0,    0,0000000000000000000000000000000000000000,0000000000000000000000010000000000000000,         0,         0,         0,         0,1, 0, 0, 0,A800                          ,   28,        58,0,20181122 19:37:51,                              , 9999, 9999, 9999, 9999,32767,     0,     0
 ED5.2,1565                          ,1591                          ,                    ,1952      ,                ,  101,                    ,                              ,14,0,20181122 19:40:17,    0,         0,        27,65535,65535, 9999,2,                ,0000000,0, 0,         0,    0,0000000000000000000000000000000000000000,0000000000000000000000000000000000000000,         0,         0,         0,         0,1, 0, 0, 0,1565                          ,    0,        27,0,20181122 19:39:50,1591                          ,  101, 9999,  101,  101,    0,     0,     0
 ED5.2,1170                          ,1264                          ,                    ,1952      ,                ,  101,                    ,                              ,14,0,20181122 19:40:42,    0,         0,       497,65535,65535, 9999,2,                ,0000000,0, 0,         0,    0,0000000000000000000000000000000000000000,0000000000000000000000000000000000000000,         0,         0,         0,         0,1, 0, 0, 0,1170                          ,    0,       497,0,20181122 19:32:25,1264                          ,  101, 9999,  101,  101,    0,     0,     0
 ED5.2,1455                          ,1264                          ,                    ,1952      ,                ,  101,                    ,                              ,14,0,20181122 19:40:54,    0,         0,         0,65535,65535, 9999,2,                ,0000000,0, 0,         0,    0,0000000000000000000000000000000000000000,0000000000000000000000000000000000000000,         0,         0,         0,         0,1, 0, 0, 0,1455                          ,    0,         0,0,20181122 19:40:54,1264                          ,  101, 9999,  101,  101,    0,     0,     0
 ED5.2,7027                          ,1139                          ,EDNA MARGARI BOL    ,1952      ,                ,  101,                    ,                              , 0,2,20181122 19:40:58,    0,         0,         0, 1951,   11,  101,2,                ,0010000,2, 1,         0,    0,1000000000000000000000000000000000000000,0000000000000000000000010000000000001000,         0,         0,         0,         0,1, 0, 0, 0,7027                          ,    0,         0,0,20181122 19:40:58,1139                          , 9999, 9999, 9999,  101,32767,     0,     0
 ED5.2,88                            ,8012                          ,                    ,6949      ,                ,  101,                    ,                              ,14,0,20181122 19:41:02,    0,         0,         1,65535,65535, 9999,2,                ,0000000,0, 0,         0,    0,0000000000000000000000000000000000000000,0000000000000000000000000000000000000000,         0,         0,         0,         0,1, 0, 0, 0,88                            ,    0,         1,0,20181122 19:41:01,8012                          ,  101, 9999,  101,  101,    0,     0,     0
 ED5.2,072846697                     ,4003                          ,JUDY FRANCEL JAR    ,2952      ,                ,  101,                    ,                              , 4,2,20181122 19:41:08,    0,         0,        41, 2395,   15,  101,2,                ,0000000,2, 0,         0,    0,0000000000000000000000000000000000000000,0000000000000000000000010000000000000000,         0,         0,         0,         0,1, 0, 0, 0,A800                          ,   41,         0,1,20181122 19:40:27,                              , 9999, 9999, 9999, 9999,32767,     0,     0
 ED5.2,7027963                       ,1139                          ,EDNA MARGARI BOL    ,1952      ,                ,  101,                    ,                              , 0,2,20181122 19:42:21,    0,         0,         0, 1951,   11,  101,2,                ,0010000,2, 1,         0,    0,1000000000000000000000000000000000000000,0000000000000000000000010000000000001000,         0,         0,         0,         0,1, 0, 0, 0,7027963                       ,    0,         0,0,20181122 19:42:21,1139                          , 9999, 9999, 9999,  101,32767,     0,     0
 ED5.2,1588                          ,1587                          ,                    ,1952      ,                ,  101,                    ,                              ,14,0,20181122 19:42:27,    0,         0,         0,65535,65535, 9999,2,                ,0000000,0, 0,         0,    0,0000000000000000000000000000000000000000,0000000000000000000000000000000000000000,         0,         0,         0,         0,1, 0, 0, 0,1588                          ,    0,         0,0,20181122 19:42:27,1587                          ,  101, 9999,  101,  101,    0,     0,     0
 ED5.2,1039                          ,1298                          ,                    ,1356      ,                ,  101,                    ,                              ,14,0,20181122 19:42:31,    0,         0,       135,65535,65535, 9999,2,                ,0000000,0, 0,         0,    0,0000000000000000000000000000000000000000,0000000000000000000000000000000000000000,         0,         0,         0,         0,1, 0, 0, 0,1039                          ,    0,       135,0,20181122 19:40:16,1298                          ,  101, 9999,  101,  101,    0,     0,     0
 ED5.2,1591                          ,1587                          ,                    ,1952      ,                ,  101,                    ,                              ,14,0,20181122 19:42:40,    0,         0,        10,65535,65535, 9999,2,                ,0000000,0, 0,         0,    0,0000000000000000000000000000000000000000,0000000000000000000000000000000000000000,         0,         0,         0,         0,1, 0, 0, 0,1591                          ,    0,        10,0,20181122 19:42:30,1587                          ,  101, 9999,  101,  101,    0,     0,     0
 ED5.2,1298                          ,1039                          ,                    ,1631      ,                ,  101,                    ,                              ,14,0,20181122 19:42:42,    0,         0,         6,65535,65535, 9999,2,                ,0000000,0, 0,         0,    0,0000000000000000000000000000000000000000,0000000000000000000000000000000000000000,         0,         0,         0,         0,1, 0, 0, 0,1298                          ,    0,         6,0,20181122 19:42:36,1039                          ,  101, 9999,  101,  101,    0,     0,     0
 ED5.2,7027963                       ,1139                          ,EDNA MARGARI BOL    ,1952      ,                ,  101,                    ,                              , 0,2,20181122 19:44:22,    0,         0,         0, 1951,   11,  101,2,                ,0010000,2, 1,         0,    0,1000000000000000000000000000000000000000,0000000000000000000000010000000000001000,         0,         0,         0,         0,1, 0, 0, 0,7027963                       ,    0,         0,0,20181122 19:44:22,1139                          , 9999, 9999, 9999,  101,32767,     0,     0
 ED5.2,1524                          ,1587                          ,                    ,1952      ,                ,  101,                    ,                              ,14,0,20181122 19:44:23,    0,         0,         6,65535,65535, 9999,2,                ,0000000,0, 0,         0,    0,0000000000000000000000000000000000000000,0000000000000000000000000000000000000000,         0,         0,         0,         0,1, 0, 0, 0,1524                          ,    0,         6,0,20181122 19:44:17,1587                          ,  101, 9999,  101,  101,    0,     0,     0
 ED5.2,1455                          ,1736                          ,                    ,1635      ,                ,  101,                    ,                              ,14,0,20181122 19:44:41,    0,         0,        14,65535,65535, 9999,2,                ,0000000,0, 0,         0,    0,0000000000000000000000000000000000000000,0000000000000000000000000000000000000000,         0,         0,         0,         0,1, 0, 0, 0,1455                          ,    0,        14,0,20181122 19:44:27,1736                          ,  101, 9999,  101,  101,    0,     0,     0
 ED5.2,1501                          ,1736                          ,                    ,1635      ,                ,  101,                    ,                              ,14,0,20181122 19:45:10,    0,         0,         9,65535,65535, 9999,2,                ,0000000,0, 0,         0,    0,0000000000000000000000000000000000000000,0000000000000000000000000000000000000000,         0,         0,         0,         0,1, 0, 0, 0,1501                          ,    0,         9,0,20181122 19:45:01,1736                          ,  101, 9999,  101,  101,    0,     0,     0
 ED5.2,1409                          ,1736                          ,                    ,1635      ,                ,  101,                    ,                              ,14,0,20181122 19:45:27,    0,         0,        10,65535,65535, 9999,2,                ,0000000,0, 0,         0,    0,0000000000000000000000000000000000000000,0000000000000000000000000000000000000000,         0,         0,         0,         0,1, 0, 0, 0,1409                          ,    0,        10,0,20181122 19:45:17,1736                          ,  101, 9999,  101,  101,    0,     0,     0
 ED5.2,3005018276                    ,5122                          ,MILAGRO DE J CUE    ,3635      ,                ,  101,                    ,                              , 0,1,20181122 19:47:23,    0,         0,       387,  378,   21,  101,2,                ,0010000,0, 0,         0,    0,0000000000000000000000000000000000000000,0000000000000000000000010000000000001000,         0,         0,         0,         0,1, 0, 0, 0,033005018276                  ,    0,         0,0,20181122 19:40:56,5122                          , 9999, 9999, 9999,  101,32767,     0,     0
 ED5.2,6604874                       ,1067                          ,LUZ CAROLINE CAI    ,1952      ,                ,  101,                    ,                              , 0,2,20181122 19:51:13,    0,         0,       217, 1951,   11,  101,2,                ,0010000,2, 1,         0,    0,1000000000000000000000000000000000000000,0000000000000000000000010000000000001000,         0,         0,         0,         0,1, 0, 0, 0,6604874                       ,    0,         0,0,20181122 19:47:36,1067                          , 9999, 9999, 9999,  101,32767,     0,     0
 ED5.2,6684869                       ,1448                          ,SANDRA MILEN PER    ,1952      ,                ,  101,                    ,                              , 0,2,20181122 19:54:24,    0,         0,         0, 1951,   11,  101,2,                ,0010000,2, 1,         0,    0,1000000000000000000000000000000000000000,0000000000000000000000010000000000001000,         0,         0,         0,         0,1, 0, 0, 0,6684869                       ,    0,         0,0,20181122 19:54:24,1448                          , 9999, 9999, 9999,  101,32767,     0,     0
 ED5.2,314                           ,1681                          ,MONICA ESPITIA      ,1425      ,                ,  101,                    ,                              , 0,2,20181122 19:55:11,    0,         0,         0, 2299,   66,  101,2,                ,0010000,2, 1,         0,    0,1000000000000000000000000000000000000000,0000000000000000000000010000000000001000,         0,         0,         0,         0,1, 0, 0, 0,03314                         ,    0,         0,0,20181122 19:55:11,1681                          , 9999, 9999, 9999,  101,32767,     0,     0
 ED5.2,6604869                       ,1448                          ,SANDRA MILEN PER    ,1952      ,                ,  101,                    ,                              , 0,2,20181122 19:55:54,    0,         0,        53, 1951,   11,  101,2,                ,0010000,2, 1,         0,    0,1000000000000000000000000000000000000000,0000000000000000000000010000000000001000,         0,         0,         0,         0,1, 0, 0, 0,6604869                       ,    0,         0,0,20181122 19:55:01,1448                          , 9999, 9999, 9999,  101,32767,     0,     0
 ED5.2,6604876                       ,1418                          ,EDNA MARGARI GUA    ,1355      ,                ,  101,                    ,                              , 0,2,20181122 19:56:15,    0,         0,         0, 1951,   11,  101,2,                ,0010000,2, 1,         0,    0,1000000000000000000000000000000000000000,0000000000000000000000010000000000001000,         0,         0,         0,         0,1, 0, 0, 0,6604876                       ,    0,         0,0,20181122 19:56:15,1418                          , 9999, 9999, 9999,  101,32767,     0,     0
 ED5.2,6604876                       ,1418                          ,EDNA MARGARI GUA    ,1355      ,                ,  101,                    ,                              , 0,2,20181122 19:57:22,    0,         0,         0, 1951,   11,  101,2,                ,0010000,2, 1,         0,    0,1000000000000000000000000000000000000000,0000000000000000000000010000000000001000,         0,         0,         0,         0,1, 0, 0, 0,6604876                       ,    0,         0,0,20181122 19:57:22,1418                          , 9999, 9999, 9999,  101,32767,     0,     0
 ED5.2,3017839193                    ,1622                          ,LEIDY XIOMAR RAM    ,1422      ,                ,  101,                    ,                              , 0,1,20181122 19:58:16,    0,         0,        41,  377,   21,  101,2,                ,0010000,0, 0,         0,    0,0000000000000000000000000000000000000000,0000000000000000000000010000000000001000,         0,         0,         0,         0,1, 0, 0, 0,033017839193                  ,    0,         0,0,20181122 19:57:35,1622                          , 9999, 9999, 9999,  101,32767,     0,     0
 ED5.2,3142336624                    ,1681                          ,MONICA ESPITIA      ,1425      ,                ,  101,                    ,                              , 0,2,20181122 19:58:37,    0,         0,        33, 2299,   66,  101,2,                ,0010000,2, 1,         0,    0,1000000000000000000000000000000000000000,0000000000000000000000010000000000001000,         0,         0,         0,         0,1, 0, 0, 0,033142336624                  ,    0,         0,0,20181122 19:58:04,1681                          , 9999, 9999, 9999,  101,32767,     0,     0
 ED5.2,6604876                       ,1418                          ,EDNA MARGARI GUA    ,1355      ,                ,  101,                    ,                              , 0,2,20181122 20:01:16,    0,         0,         0, 1952,   11,  101,2,                ,0010000,2, 1,         0,    0,1000000000000000000000000000000000000000,0000000000000000000000010000000000001000,         0,         0,         0,         0,1, 0, 0, 0,6604876                       ,    0,         0,0,20181122 20:01:16,1418                          , 9999, 9999, 9999,  101,32767,     0,     0
