 ED5.2,3128046717                    ,1736                          ,RECEPCION 2 MORA    ,1635      ,                ,  101,                    ,                              , 0,2,20181106 19:01:50,    0,         0,        33, 2299,   66,  101,2,                ,0010000,2, 1,         0,    0,1000000000000000000000000000000000000000,0000000000000000000000010000000000001000,         0,         0,         0,         0,1, 0, 0, 0,033128046717                  ,    0,         0,0,20181106 19:01:17,1736                          , 9999, 9999, 9999,  101,32767,     0,     0
 ED5.2,1216                          ,1736                          ,                    ,1635      ,                ,  101,                    ,                              ,14,0,20181106 19:02:10,    0,         0,         0,65535,65535, 9999,2,                ,0000000,0, 0,         0,    0,0000000000000000000000000000000000000000,0000000000000000000000000000000000000000,         0,         0,         0,         0,1, 0, 0, 0,1216                          ,    0,         0,0,20181106 19:02:10,1736                          ,  101, 9999,  101,  101,    0,     0,     0
 ED5.2,1214                          ,1736                          ,                    ,1635      ,                ,  101,                    ,                              ,14,0,20181106 19:02:11,    0,         0,         0,65535,65535, 9999,2,                ,0000000,0, 0,         0,    0,0000000000000000000000000000000000000000,0000000000000000000000000000000000000000,         0,         0,         0,         0,1, 0, 0, 0,1216                          ,    0,         0,1,20181106 19:02:11,1736                          ,  101, 9999,  101,  101,    0,     0,     0
 ED5.2,1216                          ,1736                          ,                    ,1635      ,                ,  101,                    ,                              ,14,0,20181106 19:02:25,    0,         0,         0,65535,65535, 9999,2,                ,0000000,0, 0,         0,    0,0000000000000000000000000000000000000000,0000000000000000000000000000000000000000,         0,         0,         0,         0,1, 0, 0, 0,1216                          ,    0,         0,0,20181106 19:02:25,1736                          ,  101, 9999,  101,  101,    0,     0,     0
 ED5.2,1175                          ,1314                          ,                    ,1945      ,                ,  101,                    ,                              ,14,0,20181106 19:02:32,    0,         0,        77,65535,65535, 9999,2,                ,0000000,0, 0,         0,    0,0000000000000000000000000000000000000000,0000000000000000000000000000000000000000,         0,         0,         0,         0,1, 0, 0, 0,1175                          ,    0,        77,0,20181106 19:01:15,1314                          ,  101, 9999,  101,  101,    0,     0,     0
 ED5.2,3269                          ,3136                          ,                    ,1672      ,                ,  101,                    ,                              ,14,0,20181106 19:02:43,    0,         0,       443,65535,65535, 9999,2,                ,0000000,0, 0,         0,    0,0000000000000000000000000000000000000000,0000000000000000000000000000000000000000,         0,         0,         0,         0,1, 0, 0, 0,3269                          ,    0,       443,0,20181106 18:55:20,3136                          ,  101, 9999,  101,  101,    0,     0,     0
 ED5.2,2282842                       ,3374                          ,ANDRES FELIP CAR    ,1570      ,                ,  101,                    ,                              , 0,2,20181106 19:02:49,    0,         0,       321, 2815,   82,  101,2,                ,0010000,2, 1,         0,    0,1000000000000000000000000000000000000000,0000000000000000000000010000000000001000,         0,         0,         0,         0,1, 0, 0, 0,2282842                       ,    0,         0,0,20181106 18:57:28,3374                          , 9999, 9999, 9999,  101,32767,     0,     0
 ED5.2,5875430                       ,4054                          ,PAULA ANDREA RES    ,2952      ,                ,  101,                    ,                              , 0,2,20181106 19:02:52,    0,         0,       209, 2395,   15,  101,2,                ,0010000,2, 1,         0,    0,1000000000000000000000000000000000000000,0000000000000000000000010000000000001000,         0,         0,         0,         0,1, 0, 0, 0,5875430                       ,    0,         0,0,20181106 18:59:23,4054                          , 9999, 9999, 9999,  101,32767,     0,     0
 ED5.2,1736                          ,1214                          ,                    ,1952      ,                ,  101,                    ,                              ,14,0,20181106 19:03:01,    0,         0,        27,65535,65535, 9999,2,                ,0000000,0, 0,         0,    0,0000000000000000000000000000000000000000,0000000000000000000000000000000000000000,         0,         0,         0,         0,1, 0, 0, 0,1736                          ,    0,        27,0,20181106 19:02:34,1214                          ,  101, 9999,  101,  101,    0,     0,     0
 ED5.2,1339                          ,1851                          ,                    ,1979      ,                ,  101,                    ,                              ,14,0,20181106 19:03:31,    0,         0,       693,65535,65535, 9999,2,                ,0000000,0, 0,         0,    0,0000000000000000000000000000000000000000,0000000000000000000000000000000000000000,         0,         0,         0,         0,1, 0, 0, 0,1339                          ,    0,       693,0,20181106 18:51:58,1851                          ,  101, 9999,  101,  101,    0,     0,     0
 ED5.2,7593241                       ,1819                          ,JULIETTE VIV RIN    ,1952      ,                ,  101,                    ,                              , 0,2,20181106 19:03:54,    0,         0,         0, 1952,   11,  101,2,                ,0010000,2, 1,         0,    0,1000000000000000000000000000000000000000,0000000000000000000000010000000000001000,         0,         0,         0,         0,1, 0, 0, 0,7593241                       ,    0,         0,0,20181106 19:03:54,1819                          , 9999, 9999, 9999,  101,32767,     0,     0
 ED5.2,6604876                       ,1369                          ,JUAN ANDRES CARV    ,1632      ,                ,  101,                    ,                              , 0,2,20181106 19:04:42,    0,         0,        52, 1953,   11,  101,2,                ,0010000,2, 1,         0,    0,1000000000000000000000000000000000000000,0000000000000000000000010000000000001000,         0,         0,         0,         0,1, 0, 0, 0,6604876                       ,    0,         0,0,20181106 19:03:50,1369                          , 9999, 9999, 9999,  101,32767,     0,     0
 ED5.2,1059                          ,1368                          ,                    ,1949      ,                ,  101,                    ,                              ,14,0,20181106 19:04:57,    0,         0,         0,65535,65535, 9999,2,                ,0000000,0, 0,         0,    0,0000000000000000000000000000000000000000,0000000000000000000000000000000000000000,         0,         0,         0,         0,1, 0, 0, 0,1059                          ,    0,         0,0,20181106 19:04:57,1368                          ,  101, 9999,  101,  101,    0,     0,     0
 ED5.2,88                            ,1368                          ,                    ,1949      ,                ,  101,                    ,                              ,14,0,20181106 19:04:59,    0,         0,         2,65535,65535, 9999,2,                ,0000000,0, 0,         0,    0,0000000000000000000000000000000000000000,0000000000000000000000000000000000000000,         0,         0,         0,         0,1, 0, 0, 0,1059                          ,    0,         2,1,20181106 19:04:57,1368                          ,  101, 9999,  101,  101,    0,     0,     0
 ED5.2,4055                          ,4063                          ,                    ,2952      ,                ,  101,                    ,                              ,14,0,20181106 19:05:07,    0,         0,        60,65535,65535, 9999,2,                ,0000000,0, 0,         0,    0,0000000000000000000000000000000000000000,0000000000000000000000000000000000000000,         0,         0,         0,         0,1, 0, 0, 0,4055                          ,    0,        60,0,20181106 19:04:07,4063                          ,  101, 9999,  101,  101,    0,     0,     0
 ED5.2,3160960                       ,1161                          ,KATERINE GUARNIZ    ,1110      ,                ,  101,                    ,                              , 4,2,20181106 19:06:07,    0,         0,         0,  120,   20,  101,2,                ,0000000,3, 0,         0,    0,0000000000000000000000000000000000000000,0000000000000000000000010000000000000000,         0,         0,         0,         0,1, 0, 0, 0,1161                          ,    1,         0,0,20181106 19:06:07,                              , 9999, 9999, 9999, 9999,32767,     0,     0
 ED5.2,5185938                       ,FS082                         ,SIPsalida           ,          ,                ,  101,                    ,                              , 4,2,20181106 19:06:14,    0,         0,         0, 2816,   82,  101,2,                ,0000000,2, 0,         0,    0,0000000000000000000000000000000000000000,0000000000000000000000010000000000000000,         0,         0,         0,         0,1, 0, 0, 0,7758                          ,    0,         0,0,20181106 19:06:14,                              , 9999, 9999, 9999, 9999,32767,     0,     0
 ED5.2,6452857                       ,3809                          ,SALA 9 COUNT        ,1635      ,                ,  101,                    ,                              , 0,2,20181106 19:07:18,    0,         0,        87, 2815,   82,  101,2,                ,0010000,2, 1,         0,    0,1000000000000000000000000000000000000000,0000000000000000000000010000000000001000,         0,         0,         0,         0,1, 0, 0, 0,6452857                       ,    0,         0,0,20181106 19:05:51,3809                          , 9999, 9999, 9999,  101,32767,     0,     0
 ED5.2,------------------------------,******************************,                    ,**********,                ,  101,                    ,******************************, 4,2,20181106 19:07:39,    0,         0,        33, 2816,   82,  101,2,                ,0000000,2, 0,         0,    0,0000000000000000000000000000000000000000,0000000000000000000000010000000000000000,         0,         0,         0,         0,1, 0, 0, 0,------------------------------,   29,         5,1,20181106 19:07:06,******************************, 9999, 9999, 9999, 9999,32767,     0,     0
 ED5.2,1121                          ,1437                          ,                    ,1215      ,                ,  101,                    ,                              ,14,0,20181106 19:07:59,    0,         0,         0,65535,65535, 9999,2,                ,0000000,0, 0,         0,    0,0000000000000000000000000000000000000000,0000000000000000000000000000000000000000,         0,         0,         0,         0,1, 0, 0, 0,1121                          ,    0,         0,0,20181106 19:07:59,1437                          ,  101, 9999,  101,  101,    0,     0,     0
 ED5.2,4025                          ,4056                          ,                    ,2635      ,                ,  101,                    ,                              ,14,0,20181106 19:08:01,    0,         0,         7,65535,65535, 9999,2,                ,0000000,0, 0,         0,    0,0000000000000000000000000000000000000000,0000000000000000000000000000000000000000,         0,         0,         0,         0,1, 0, 0, 0,4025                          ,    0,         7,0,20181106 19:07:54,4056                          ,  101, 9999,  101,  101,    0,     0,     0
 ED5.2,9072500                       ,1517                          ,VIVIANA MARC HOR    ,1952      ,                ,  101,                    ,                              , 0,2,20181106 19:09:43,    0,         0,       132, 1952,   11,  101,2,                ,0010000,2, 1,         0,    0,1000000000000000000000000000000000000000,0000000000000000000000010000000000001000,         0,         0,         0,         0,1, 0, 0, 0,9072500                       ,    0,         0,0,20181106 19:07:31,1517                          , 9999, 9999, 9999,  101,32767,     0,     0
 ED5.2,4734353                       ,1588                          ,FLOR ANDREA ROJA    ,1952      ,                ,  101,                    ,                              , 0,2,20181106 19:10:03,    0,         0,       889, 1951,   11,  101,2,                ,0010000,2, 1,         0,    0,1000000000000000000000000000000000000000,0000000000000000000000010000000000001000,         0,         0,         0,         0,1, 0, 0, 0,4734353                       ,    0,         0,0,20181106 18:55:14,1588                          , 9999, 9999, 9999,  101,32767,     0,     0
 ED5.2,------------------------------,******************************,                    ,**********,                ,  101,                    ,******************************, 4,2,20181106 19:10:37,    0,         0,        39, 2815,   82,  101,2,                ,0000000,2, 0,         0,    0,0000000000000000000000000000000000000000,0000000000000000000000010000000000000000,         0,         0,         0,         0,1, 0, 0, 0,------------------------------,   17,        22,1,20181106 19:09:58,******************************, 9999, 9999, 9999, 9999,32767,     0,     0
 ED5.2,1210                          ,1437                          ,                    ,1215      ,                ,  101,                    ,                              ,14,0,20181106 19:11:11,    0,         0,       188,65535,65535, 9999,2,                ,0000000,0, 0,         0,    0,0000000000000000000000000000000000000000,0000000000000000000000000000000000000000,         0,         0,         0,         0,1, 0, 0, 0,1210                          ,    0,       188,0,20181106 19:08:03,1437                          ,  101, 9999,  101,  101,    0,     0,     0
 ED5.2,1736                          ,1867                          ,                    ,1952      ,                ,  101,                    ,                              ,14,0,20181106 19:12:48,    0,         0,        28,65535,65535, 9999,2,                ,0000000,0, 0,         0,    0,0000000000000000000000000000000000000000,0000000000000000000000000000000000000000,         0,         0,         0,         0,1, 0, 0, 0,1736                          ,    0,        28,0,20181106 19:12:20,1867                          ,  101, 9999,  101,  101,    0,     0,     0
 ED5.2,1314                          ,1175                          ,                    ,1638      ,                ,  101,                    ,                              ,14,0,20181106 19:13:06,    0,         0,       568,65535,65535, 9999,2,                ,0000000,0, 0,         0,    0,0000000000000000000000000000000000000000,0000000000000000000000000000000000000000,         0,         0,         0,         0,1, 0, 0, 0,1314                          ,    0,       568,0,20181106 19:03:38,1175                          ,  101, 9999,  101,  101,    0,     0,     0
 ED5.2,7420771                       ,4821                          ,                    ,          ,                ,  101,                    ,                              , 7,2,20181106 19:14:13,    0,         0,     40274, 2824,   82,  101,2,                ,0010000,2, 1,         0,    0,1000000000000000000000000000000000000000,0000000000000000000000010000000000001000,         0,         0,         0,         0,1, 0, 0, 0,7420771                       ,    0,         0,0,20181106 08:02:59,                              , 9999, 9999, 9999, 9999,32767,     0,     0
 ED5.2,7781397                       ,1145                          ,BIBIANA RODRIGUE    ,1949      ,                ,  101,                    ,                              , 0,2,20181106 19:16:31,    0,         0,        43, 1952,   11,  101,2,                ,0010000,2, 1,         0,    0,1000000000000000000000000000000000000000,0000000000000000000000010000000000001000,         0,         0,         0,         0,1, 0, 0, 0,7781397                       ,    0,         0,0,20181106 19:15:48,1145                          , 9999, 9999, 9999,  101,32767,     0,     0
 ED5.2,2123505                       ,1334                          ,CAJERO RECAUDO      ,1949      ,                ,  101,                    ,                              , 0,2,20181106 19:16:54,    0,         0,        74, 1951,   11,  101,2,                ,0010000,2, 1,         0,    0,1000000000000000000000000000000000000000,0000000000000000000000010000000000001000,         0,         0,         0,         0,1, 0, 0, 0,2123505                       ,    0,         0,0,20181106 19:15:40,1334                          , 9999, 9999, 9999,  101,32767,     0,     0
 ED5.2,1820                          ,1340                          ,                    ,1635      ,                ,  101,                    ,                              ,14,0,20181106 19:17:51,    0,         0,         6,65535,65535, 9999,2,                ,0000000,0, 0,         0,    0,0000000000000000000000000000000000000000,0000000000000000000000000000000000000000,         0,         0,         0,         0,1, 0, 0, 0,1820                          ,    0,         6,0,20181106 19:17:45,1340                          ,  101, 9999,  101,  101,    0,     0,     0
 ED5.2,3485460                       ,3104                          ,VIVIANA ANDR MAR    ,1979      ,                ,  101,                    ,                              , 0,2,20181106 19:17:53,    0,         0,         0, 1951,   11,  101,2,                ,0010000,2, 1,         0,    0,1000000000000000000000000000000000000000,0000000000000000000000010000000000001000,         0,         0,         0,         0,1, 0, 0, 0,3485460                       ,    0,         0,0,20181106 19:17:53,3104                          , 9999, 9999, 9999,  101,32767,     0,     0
 ED5.2,3765460                       ,3104                          ,VIVIANA ANDR MAR    ,1979      ,                ,  101,                    ,                              , 0,2,20181106 19:17:59,    0,         0,         0, 1951,   11,  101,2,                ,0010000,2, 1,         0,    0,1000000000000000000000000000000000000000,0000000000000000000000010000000000001000,         0,         0,         0,         0,1, 0, 0, 0,3765460                       ,    0,         0,0,20181106 19:17:59,3104                          , 9999, 9999, 9999,  101,32767,     0,     0
 ED5.2,1074                          ,1340                          ,                    ,1635      ,                ,  101,                    ,                              ,14,0,20181106 19:18:54,    0,         0,        10,65535,65535, 9999,2,                ,0000000,0, 0,         0,    0,0000000000000000000000000000000000000000,0000000000000000000000000000000000000000,         0,         0,         0,         0,1, 0, 0, 0,1074                          ,    0,        10,0,20181106 19:18:44,1340                          ,  101, 9999,  101,  101,    0,     0,     0
 ED5.2,1286                          ,1356                          ,                    ,1842      ,                ,  101,                    ,                              ,14,0,20181106 19:19:05,    0,         0,         0,65535,65535, 9999,2,                ,0000000,0, 0,         0,    0,0000000000000000000000000000000000000000,0000000000000000000000000000000000000000,         0,         0,         0,         0,1, 0, 0, 0,1286                          ,    0,         0,0,20181106 19:19:05,1356                          ,  101, 9999,  101,  101,    0,     0,     0
 ED5.2,663142135069                  ,1304                          ,ANDRES FELIP YAG    ,1632      ,                ,  101,                    ,                              , 4,2,20181106 19:19:18,    0,         0,       635,  120,   20,  101,2,                ,0000000,2, 1,         0,    0,0000000000000000000000000000000000000000,0000000000000000000000010000000000000000,         0,         0,         0,         0,1, 0, 0, 0,A800                          ,   21,       615,0,20181106 19:08:43,                              , 9999, 9999, 9999, 9999,32767,     0,     0
 ED5.2,1184                          ,1356                          ,                    ,1842      ,                ,  101,                    ,                              ,14,0,20181106 19:19:23,    0,         0,         0,65535,65535, 9999,2,                ,0000000,0, 0,         0,    0,0000000000000000000000000000000000000000,0000000000000000000000000000000000000000,         0,         0,         0,         0,1, 0, 0, 0,1286                          ,    0,         0,1,20181106 19:19:23,1356                          ,  101, 9999,  101,  101,    0,     0,     0
 ED5.2,1217                          ,1369                          ,                    ,1632      ,                ,  101,                    ,                              ,14,0,20181106 19:19:32,    0,         0,        40,65535,65535, 9999,2,                ,0000000,0, 0,         0,    0,0000000000000000000000000000000000000000,0000000000000000000000000000000000000000,         0,         0,         0,         0,1, 0, 0, 0,1217                          ,    0,        40,0,20181106 19:18:52,1369                          ,  101, 9999,  101,  101,    0,     0,     0
 ED5.2,3535132                       ,3314                          ,EDGAR ALBERT SER    ,1089      ,                ,  101,                    ,                              , 0,2,20181106 19:20:22,    0,         0,     42035, 2817,   82,  101,2,                ,0010000,2, 1,         0,    0,1000000000000000000000000000000000000000,0000000000000000000000010000000000001000,         0,         0,         0,         0,1, 0, 0, 0,3535132                       ,    0,         0,0,20181106 07:39:47,3314                          , 9999, 9999, 9999,  101,32767,     0,     0
 ED5.2,1009                          ,4051                          ,                    ,2635      ,                ,  101,                    ,                              ,14,0,20181106 19:21:17,    0,         0,         0,65535,65535, 9999,2,                ,0000000,0, 0,         0,    0,0000000000000000000000000000000000000000,0000000000000000000000000000000000000000,         0,         0,         0,         0,1, 0, 0, 0,1009                          ,    0,         0,0,20181106 19:21:17,4051                          ,  101, 9999,  101,  101,    0,     0,     0
 ED5.2,1838                          ,4051                          ,                    ,2635      ,                ,  101,                    ,                              ,14,0,20181106 19:21:30,    0,         0,         0,65535,65535, 9999,2,                ,0000000,0, 0,         0,    0,0000000000000000000000000000000000000000,0000000000000000000000000000000000000000,         0,         0,         0,         0,1, 0, 0, 0,1838                          ,    0,         0,0,20181106 19:21:30,4051                          ,  101, 9999,  101,  101,    0,     0,     0
 ED5.2,663165279124                  ,FS082                         ,SIPsalida           ,          ,                ,  101,                    ,                              , 4,2,20181106 19:22:38,    0,         0,         3, 2815,   82,  101,2,                ,0000000,2, 0,         0,    0,0000000000000000000000000000000000000000,0000000000000000000000010000000000000000,         0,         0,         0,         0,1, 0, 0, 0,A500                          ,    4,         0,0,20181106 19:22:35,                              , 9999, 9999, 9999, 9999,32767,     0,     0
 ED5.2,1005                          ,1228                          ,                    ,1949      ,                ,  101,                    ,                              ,14,0,20181106 19:23:05,    0,         0,        72,65535,65535, 9999,2,                ,0000000,0, 0,         0,    0,0000000000000000000000000000000000000000,0000000000000000000000000000000000000000,         0,         0,         0,         0,1, 0, 0, 0,1005                          ,    0,        72,0,20181106 19:21:53,1228                          ,  101, 9999,  101,  101,    0,     0,     0
 ED5.2,3535159                       ,FS012                         ,                    ,          ,                ,  101,                    ,                              , 7,2,20181106 19:23:18,    0,         0,     34777, 2835,   82,  101,2,                ,0010000,2, 1,         0,    0,1000000000000000000000000000000000000000,0000000000000000000000010000000000001000,         0,         0,         0,         0,1, 0, 0, 0,3535159                       ,    0,         0,0,20181106 09:43:41,                              , 9999, 9999, 9999, 9999,32767,     0,     0
 ED5.2,1200                          ,4051                          ,                    ,2635      ,                ,  101,                    ,                              ,14,0,20181106 19:24:28,    0,         0,         0,65535,65535, 9999,2,                ,0000000,0, 0,         0,    0,0000000000000000000000000000000000000000,0000000000000000000000000000000000000000,         0,         0,         0,         0,1, 0, 0, 0,1200                          ,    0,         0,0,20181106 19:24:28,4051                          ,  101, 9999,  101,  101,    0,     0,     0
 ED5.2,1200                          ,4051                          ,                    ,2635      ,                ,  101,                    ,                              ,14,0,20181106 19:24:31,    0,         0,         0,65535,65535, 9999,2,                ,0000000,0, 0,         0,    0,0000000000000000000000000000000000000000,0000000000000000000000000000000000000000,         0,         0,         0,         0,1, 0, 0, 0,1200                          ,    0,         0,0,20181106 19:24:31,4051                          ,  101, 9999,  101,  101,    0,     0,     0
 ED5.2,1120                          ,4051                          ,                    ,2635      ,                ,  101,                    ,                              ,14,0,20181106 19:24:39,    0,         0,         0,65535,65535, 9999,2,                ,0000000,0, 0,         0,    0,0000000000000000000000000000000000000000,0000000000000000000000000000000000000000,         0,         0,         0,         0,1, 0, 0, 0,1120                          ,    0,         0,0,20181106 19:24:39,4051                          ,  101, 9999,  101,  101,    0,     0,     0
 ED5.2,3765460                       ,3104                          ,VIVIANA ANDR MAR    ,1979      ,                ,  101,                    ,                              , 0,2,20181106 19:26:09,    0,         0,       487,  121,   20,  101,2,                ,0010000,2, 1,         0,    0,1000000000000000000000000000000000000000,0000000000000000000000010000000000001000,         0,         0,         0,         0,1, 0, 0, 0,3765460                       ,    0,         0,0,20181106 19:18:02,3104                          , 9999, 9999, 9999,  101,32767,     0,     0
 ED5.2,1216                          ,1736                          ,                    ,1635      ,                ,  101,                    ,                              ,14,0,20181106 19:29:43,    0,         0,         0,65535,65535, 9999,2,                ,0000000,0, 0,         0,    0,0000000000000000000000000000000000000000,0000000000000000000000000000000000000000,         0,         0,         0,         0,1, 0, 0, 0,1216                          ,    0,         0,0,20181106 19:29:43,1736                          ,  101, 9999,  101,  101,    0,     0,     0
 ED5.2,663157970327                  ,1124                          ,SEBASTIAN CA GIL    ,1952      ,                ,  101,                    ,                              , 4,2,20181106 19:29:57,    0,         0,        34,  120,   20,  101,2,                ,0000000,2, 1,         0,    0,0000000000000000000000000000000000000000,0000000000000000000000010000000000000000,         0,         0,         0,         0,1, 0, 0, 0,A800                          ,   34,         0,1,20181106 19:29:23,                              , 9999, 9999, 9999, 9999,32767,     0,     0
 ED5.2,1216                          ,1736                          ,                    ,1635      ,                ,  101,                    ,                              ,14,0,20181106 19:30:11,    0,         0,         0,65535,65535, 9999,2,                ,0000000,0, 0,         0,    0,0000000000000000000000000000000000000000,0000000000000000000000000000000000000000,         0,         0,         0,         0,1, 0, 0, 0,1216                          ,    0,         0,0,20181106 19:30:11,1736                          ,  101, 9999,  101,  101,    0,     0,     0
 ED5.2,663157970327                  ,1516                          ,TANIA CANTE PI      ,1952      ,                ,  101,                    ,                              , 4,2,20181106 19:30:57,    0,         0,        46,  120,   20,  101,2,                ,0000000,2, 1,         0,    0,0000000000000000000000000000000000000000,0000000000000000000000010000000000000000,         0,         0,         0,         0,1, 0, 0, 0,A800                          ,   46,         0,1,20181106 19:30:11,                              , 9999, 9999, 9999, 9999,32767,     0,     0
 ED5.2,3282                          ,1297                          ,                    ,1318      ,                ,  101,                    ,                              ,14,0,20181106 19:31:17,    0,         0,         0,65535,65535, 9999,2,                ,0000000,0, 0,         0,    0,0000000000000000000000000000000000000000,0000000000000000000000000000000000000000,         0,         0,         0,         0,1, 0, 0, 0,3282                          ,    0,         0,0,20181106 19:31:17,1297                          ,  101, 9999,  101,  101,    0,     0,     0
 ED5.2,3463782                       ,1297                          ,JEIMY CAROLI ARI    ,1318      ,                ,  101,                    ,                              , 0,2,20181106 19:33:23,    0,         0,       102, 1951,   11,  101,2,                ,0010000,2, 1,         0,    0,1000000000000000000000000000000000000000,0000000000000000000000010000000000001000,         0,         0,         0,         0,1, 0, 0, 0,3463782                       ,    0,         0,0,20181106 19:31:41,1297                          , 9999, 9999, 9999,  101,32767,     0,     0
 ED5.2,4719724                       ,1228                          ,COORD PROCES ADI    ,1949      ,                ,  101,                    ,                              , 0,2,20181106 19:33:37,    0,         0,        15, 2815,   82,  101,2,                ,0010000,2, 1,         0,    0,1000000000000000000000000000000000000000,0000000000000000000000010000000000001000,         0,         0,         0,         0,1, 0, 0, 0,4719724                       ,    0,         0,0,20181106 19:33:22,1228                          , 9999, 9999, 9999,  101,32767,     0,     0
 ED5.2,3463782                       ,1297                          ,JEIMY CAROLI ARI    ,1318      ,                ,  101,                    ,                              , 0,2,20181106 19:33:58,    0,         0,        30, 1951,   11,  101,2,                ,0010000,2, 1,         0,    0,1000000000000000000000000000000000000000,0000000000000000000000010000000000001000,         0,         0,         0,         0,1, 0, 0, 0,3463782                       ,    0,         0,0,20181106 19:33:28,1297                          , 9999, 9999, 9999,  101,32767,     0,     0
 ED5.2,072972231                     ,4003                          ,JUDY FRANCEL JAR    ,2952      ,                ,  101,                    ,                              , 4,2,20181106 19:35:17,    0,         0,       197, 2395,   15,  101,2,                ,0000000,2, 0,         0,    0,0000000000000000000000000000000000000000,0000000000000000000000010000000000000000,         0,         0,         0,         0,1, 0, 0, 0,A800                          ,   15,       183,0,20181106 19:32:00,                              , 9999, 9999, 9999, 9999,32767,     0,     0
 ED5.2,3463782                       ,1297                          ,JEIMY CAROLI ARI    ,1318      ,                ,  101,                    ,                              , 0,2,20181106 19:36:16,    0,         0,       127, 1951,   11,  101,2,                ,0010000,2, 1,         0,    0,1000000000000000000000000000000000000000,0000000000000000000000010000000000001000,         0,         0,         0,         0,1, 0, 0, 0,3463782                       ,    0,         0,0,20181106 19:34:09,1297                          , 9999, 9999, 9999,  101,32767,     0,     0
 ED5.2,3463782                       ,1297                          ,JEIMY CAROLI ARI    ,1318      ,                ,  101,                    ,                              , 0,2,20181106 19:38:01,    0,         0,        98, 1951,   11,  101,2,                ,0010000,2, 1,         0,    0,1000000000000000000000000000000000000000,0000000000000000000000010000000000001000,         0,         0,         0,         0,1, 0, 0, 0,3463782                       ,    0,         0,0,20181106 19:36:23,1297                          , 9999, 9999, 9999,  101,32767,     0,     0
 ED5.2,3463782                       ,1297                          ,JEIMY CAROLI ARI    ,1318      ,                ,  101,                    ,                              , 0,2,20181106 19:39:52,    0,         0,       106, 1951,   11,  101,2,                ,0010000,2, 1,         0,    0,1000000000000000000000000000000000000000,0000000000000000000000010000000000001000,         0,         0,         0,         0,1, 0, 0, 0,3463782                       ,    0,         0,0,20181106 19:38:06,1297                          , 9999, 9999, 9999,  101,32767,     0,     0
 ED5.2,3911796                       ,1145                          ,BIBIANA RODRIGUE    ,1949      ,                ,  101,                    ,                              , 0,2,20181106 19:40:39,    0,         0,        51, 1952,   11,  101,2,                ,0010000,2, 1,         0,    0,1000000000000000000000000000000000000000,0000000000000000000000010000000000001000,         0,         0,         0,         0,1, 0, 0, 0,3911796                       ,    0,         0,0,20181106 19:39:48,1145                          , 9999, 9999, 9999,  101,32767,     0,     0
 ED5.2,1339                          ,3269                          ,                    ,1979      ,                ,  101,                    ,                              ,14,0,20181106 19:40:48,    0,         0,       284,65535,65535, 9999,2,                ,0000000,0, 0,         0,    0,0000000000000000000000000000000000000000,0000000000000000000000000000000000000000,         0,         0,         0,         0,1, 0, 0, 0,1339                          ,    0,       284,0,20181106 19:36:04,3269                          ,  101, 9999,  101,  101,    0,     0,     0
 ED5.2,6070071                       ,3269                          ,OSCAR GIOVAN ALV    ,1979      ,                ,  101,                    ,                              , 0,2,20181106 19:41:14,    0,         0,         0, 1951,   11,  101,2,                ,0010000,2, 1,         0,    0,1000000000000000000000000000000000000000,0000000000000000000000010000000000001000,         0,         0,         0,         0,1, 0, 0, 0,6070071                       ,    0,         0,0,20181106 19:41:14,3269                          , 9999, 9999, 9999,  101,32767,     0,     0
 ED5.2,3341                          ,1265                          ,                    ,1632      ,                ,  101,                    ,                              ,14,0,20181106 19:42:13,    0,         0,         0,65535,65535, 9999,2,                ,0000000,0, 0,         0,    0,0000000000000000000000000000000000000000,0000000000000000000000000000000000000000,         0,         0,         0,         0,1, 0, 0, 0,3341                          ,    0,         0,0,20181106 19:42:13,1265                          ,  101, 9999,  101,  101,    0,     0,     0
 ED5.2,3125                          ,1265                          ,                    ,1632      ,                ,  101,                    ,                              ,14,0,20181106 19:42:13,    0,         0,         0,65535,65535, 9999,2,                ,0000000,0, 0,         0,    0,0000000000000000000000000000000000000000,0000000000000000000000000000000000000000,         0,         0,         0,         0,1, 0, 0, 0,3341                          ,    0,         0,1,20181106 19:42:13,1265                          ,  101, 9999,  101,  101,    0,     0,     0
 ED5.2,3945031                       ,1736                          ,RECEPCION 2 MORA    ,1635      ,                ,  101,                    ,                              , 4,2,20181106 19:42:53,    0,         0,       108,  121,   20,  101,2,                ,0000000,3, 0,         0,    0,0000000000000000000000000000000000000000,0000000000000000000000010000000000000000,         0,         0,         0,         0,1, 0, 0, 0,A800                          ,  108,         0,1,20181106 19:41:05,                              , 9999, 9999, 9999, 9999,32767,     0,     0
 ED5.2,1191                          ,3805                          ,                    ,1675      ,                ,  101,                    ,                              ,14,0,20181106 19:43:07,    0,         0,         0,65535,65535, 9999,2,                ,0000000,0, 0,         0,    0,0000000000000000000000000000000000000000,0000000000000000000000000000000000000000,         0,         0,         0,         0,1, 0, 0, 0,1191                          ,    0,         0,0,20181106 19:43:07,3805                          ,  101, 9999,  101,  101,    0,     0,     0
 ED5.2,7777                          ,3805                          ,                    ,1675      ,                ,  101,                    ,                              , 3,0,20181106 19:43:11,    0,         0,         0,65535,65535, 9999,2,                ,0000000,0, 0,         0,    0,0000000000000000000000000000000000000000,0000000000000000000000000000000000000000,         0,         0,         0,         0,1, 0, 0, 0,7777                          ,    0,         0,0,20181106 19:43:11,3805                          ,  101, 9999,  101,  101,    0,     0,     0
 ED5.2,1191                          ,3805                          ,                    ,1675      ,                ,  101,                    ,                              ,14,0,20181106 19:43:17,    0,         0,         0,65535,65535, 9999,2,                ,0000000,0, 0,         0,    0,0000000000000000000000000000000000000000,0000000000000000000000000000000000000000,         0,         0,         0,         0,1, 0, 0, 0,1191                          ,    0,         0,0,20181106 19:43:17,3805                          ,  101, 9999,  101,  101,    0,     0,     0
 ED5.2,1176                          ,3805                          ,                    ,1675      ,                ,  101,                    ,                              ,14,0,20181106 19:43:19,    0,         0,         0,65535,65535, 9999,2,                ,0000000,0, 0,         0,    0,0000000000000000000000000000000000000000,0000000000000000000000000000000000000000,         0,         0,         0,         0,1, 0, 0, 0,1176                          ,    0,         0,0,20181106 19:43:19,3805                          ,  101, 9999,  101,  101,    0,     0,     0
 ED5.2,1132                          ,3805                          ,                    ,1675      ,                ,  101,                    ,                              ,14,0,20181106 19:43:22,    0,         0,         0,65535,65535, 9999,2,                ,0000000,0, 0,         0,    0,0000000000000000000000000000000000000000,0000000000000000000000000000000000000000,         0,         0,         0,         0,1, 0, 0, 0,1132                          ,    0,         0,0,20181106 19:43:22,3805                          ,  101, 9999,  101,  101,    0,     0,     0
 ED5.2,1032                          ,3805                          ,                    ,1675      ,                ,  101,                    ,                              ,14,0,20181106 19:43:39,    0,         0,         0,65535,65535, 9999,2,                ,0000000,0, 0,         0,    0,0000000000000000000000000000000000000000,0000000000000000000000000000000000000000,         0,         0,         0,         0,1, 0, 0, 0,1032                          ,    0,         0,0,20181106 19:43:39,3805                          ,  101, 9999,  101,  101,    0,     0,     0
 ED5.2,1449                          ,3805                          ,                    ,1675      ,                ,  101,                    ,                              ,14,0,20181106 19:43:40,    0,         0,         0,65535,65535, 9999,2,                ,0000000,0, 0,         0,    0,0000000000000000000000000000000000000000,0000000000000000000000000000000000000000,         0,         0,         0,         0,1, 0, 0, 0,1032                          ,    0,         0,1,20181106 19:43:40,3805                          ,  101, 9999,  101,  101,    0,     0,     0
 ED5.2,1191                          ,3805                          ,                    ,1675      ,                ,  101,                    ,                              ,14,0,20181106 19:43:55,    0,         0,         0,65535,65535, 9999,2,                ,0000000,0, 0,         0,    0,0000000000000000000000000000000000000000,0000000000000000000000000000000000000000,         0,         0,         0,         0,1, 0, 0, 0,1191                          ,    0,         0,0,20181106 19:43:55,3805                          ,  101, 9999,  101,  101,    0,     0,     0
 ED5.2,4031                          ,4077                          ,                    ,2952      ,                ,  101,                    ,                              ,14,0,20181106 19:44:43,    0,         0,       349,65535,65535, 9999,2,                ,0000000,0, 0,         0,    0,0000000000000000000000000000000000000000,0000000000000000000000000000000000000000,         0,         0,         0,         0,1, 0, 0, 0,4031                          ,    0,       349,0,20181106 19:38:54,4077                          ,  101, 9999,  101,  101,    0,     0,     0
 ED5.2,663142135069                  ,1304                          ,ANDRES FELIP YAG    ,1632      ,                ,  101,                    ,                              , 4,2,20181106 19:45:25,    0,         0,       753,  120,   20,  101,2,                ,0000000,2, 1,         0,    0,0000000000000000000000000000000000000000,0000000000000000000000010000000000000000,         0,         0,         0,         0,1, 0, 0, 0,A800                          ,   17,       736,0,20181106 19:32:52,                              , 9999, 9999, 9999, 9999,32767,     0,     0
 ED5.2,4742597                       ,4063                          ,FRANCISCO AN GAR    ,2952      ,                ,  101,                    ,                              , 0,2,20181106 19:45:54,    0,         0,       100, 2395,   15,  101,2,                ,0010000,2, 1,         0,    0,1000000000000000000000000000000000000000,0000000000000000000000010000000000001000,         0,         0,         0,         0,1, 0, 0, 0,4742597                       ,    0,         0,0,20181106 19:44:14,4063                          , 9999, 9999, 9999,  101,32767,     0,     0
 ED5.2,1024                          ,4025                          ,                    ,2952      ,                ,  101,                    ,                              ,14,0,20181106 19:46:02,    0,         0,         0,65535,65535, 9999,2,                ,0000000,0, 0,         0,    0,0000000000000000000000000000000000000000,0000000000000000000000000000000000000000,         0,         0,         0,         0,1, 0, 0, 0,1024                          ,    0,         0,0,20181106 19:46:02,4025                          ,  101, 9999,  101,  101,    0,     0,     0
 ED5.2,1466                          ,4025                          ,                    ,2952      ,                ,  101,                    ,                              ,14,0,20181106 19:46:04,    0,         0,         0,65535,65535, 9999,2,                ,0000000,0, 0,         0,    0,0000000000000000000000000000000000000000,0000000000000000000000000000000000000000,         0,         0,         0,         0,1, 0, 0, 0,1024                          ,    0,         0,1,20181106 19:46:04,4025                          ,  101, 9999,  101,  101,    0,     0,     0
 ED5.2,663162221336                  ,1340                          ,RECEPCION MORATO    ,1635      ,                ,  101,                    ,                              , 4,2,20181106 19:49:05,    0,         0,       134,  120,   20,  101,2,                ,0000000,2, 1,         0,    0,0000000000000000000000000000000000000000,0000000000000000000000010000000000000000,         0,         0,         0,         0,1, 0, 0, 0,A800                          ,  134,         0,1,20181106 19:46:51,                              , 9999, 9999, 9999, 9999,32767,     0,     0
 ED5.2,1216                          ,1736                          ,                    ,1635      ,                ,  101,                    ,                              ,14,0,20181106 19:49:18,    0,         0,         0,65535,65535, 9999,2,                ,0000000,0, 0,         0,    0,0000000000000000000000000000000000000000,0000000000000000000000000000000000000000,         0,         0,         0,         0,1, 0, 0, 0,1216                          ,    0,         0,0,20181106 19:49:18,1736                          ,  101, 9999,  101,  101,    0,     0,     0
 ED5.2,3814500                       ,FS020                         ,ETB                 ,          ,                ,  101,                    ,                              , 4,2,20181106 19:49:24,    0,         0,         2,  120,   20,  101,2,                ,0000000,2, 0,         0,    0,0000000000000000000000000000000000000000,0000000000000000000000010000000000000000,         0,         0,         0,         0,1, 0, 0, 0,A800                          ,    3,         0,0,20181106 19:49:22,                              , 9999, 9999, 9999, 9999,32767,     0,     0
 ED5.2,1216                          ,1736                          ,                    ,1635      ,                ,  101,                    ,                              ,14,0,20181106 19:49:28,    0,         0,         0,65535,65535, 9999,2,                ,0000000,0, 0,         0,    0,0000000000000000000000000000000000000000,0000000000000000000000000000000000000000,         0,         0,         0,         0,1, 0, 0, 0,1216                          ,    0,         0,0,20181106 19:49:28,1736                          ,  101, 9999,  101,  101,    0,     0,     0
 ED5.2,074742597                     ,4063                          ,FRANCISCO AN GAR    ,2952      ,                ,  101,                    ,                              , 4,2,20181106 19:49:43,    0,         0,        82, 2395,   15,  101,2,                ,0000000,2, 0,         0,    0,0000000000000000000000000000000000000000,0000000000000000000000010000000000000000,         0,         0,         0,         0,1, 0, 0, 0,A800                          ,   11,        71,0,20181106 19:48:21,                              , 9999, 9999, 9999, 9999,32767,     0,     0
 ED5.2,4009                          ,4054                          ,                    ,2952      ,                ,  101,                    ,                              ,14,0,20181106 19:51:51,    0,         0,         0,65535,65535, 9999,2,                ,0000000,0, 0,         0,    0,0000000000000000000000000000000000000000,0000000000000000000000000000000000000000,         0,         0,         0,         0,1, 0, 0, 0,4009                          ,    0,         0,0,20181106 19:51:51,4054                          ,  101, 9999,  101,  101,    0,     0,     0
 ED5.2,6070071                       ,3269                          ,OSCAR GIOVAN ALV    ,1979      ,                ,  101,                    ,                              , 0,2,20181106 19:51:58,    0,         0,       636, 1951,   11,  101,2,                ,0010000,2, 1,         0,    0,1000000000000000000000000000000000000000,0000000000000000000000010000000000001000,         0,         0,         0,         0,1, 0, 0, 0,6070071                       ,    0,         0,0,20181106 19:41:22,3269                          , 9999, 9999, 9999,  101,32767,     0,     0
 ED5.2,6170127                       ,1437                          ,LUZ ANDREA GOMEZ    ,1215      ,                ,  101,                    ,                              , 0,2,20181106 19:52:24,    0,         0,        95, 1953,   11,  101,2,                ,0010000,2, 1,         0,    0,1000000000000000000000000000000000000000,0000000000000000000000010000000000001000,         0,         0,         0,         0,1, 0, 0, 0,6170127                       ,    0,         0,0,20181106 19:50:49,1437                          , 9999, 9999, 9999,  101,32767,     0,     0
 ED5.2,4087                          ,4054                          ,                    ,2952      ,                ,  101,                    ,                              ,14,0,20181106 19:53:12,    0,         0,        70,65535,65535, 9999,2,                ,0000000,0, 0,         0,    0,0000000000000000000000000000000000000000,0000000000000000000000000000000000000000,         0,         0,         0,         0,1, 0, 0, 0,4087                          ,    0,        70,0,20181106 19:52:02,4054                          ,  101, 9999,  101,  101,    0,     0,     0
 ED5.2,663152553913                  ,FS020                         ,ETB                 ,          ,                ,  101,                    ,                              , 4,2,20181106 19:53:28,    0,         0,         4,  120,   20,  101,2,                ,0000000,3, 0,         0,    0,0000000000000000000000000000000000000000,0000000000000000000000010000000000000000,         0,         0,         0,         0,1, 0, 0, 0,A800                          ,    4,         0,0,20181106 19:53:24,                              , 9999, 9999, 9999, 9999,32767,     0,     0
 ED5.2,3036370                       ,3239                          ,JOSE ANTONIO ECH    ,1979      ,                ,  101,                    ,                              , 0,2,20181106 19:54:30,    0,         0,       277, 1952,   11,  101,2,                ,0010000,2, 1,         0,    0,1000000000000000000000000000000000000000,0000000000000000000000010000000000001000,         0,         0,         0,         0,1, 0, 0, 0,3036370                       ,    0,         0,0,20181106 19:49:53,3239                          , 9999, 9999, 9999,  101,32767,     0,     0
 ED5.2,6604869                       ,1150                          ,LINA VANESA GALI    ,1952      ,                ,  101,                    ,                              , 0,2,20181106 19:54:35,    0,         0,        83, 1951,   11,  101,2,                ,0010000,2, 1,         0,    0,1000000000000000000000000000000000000000,0000000000000000000000010000000000001000,         0,         0,         0,         0,1, 0, 0, 0,6604869                       ,    0,         0,0,20181106 19:53:12,1150                          , 9999, 9999, 9999,  101,32767,     0,     0
 ED5.2,663142135069                  ,1304                          ,ANDRES FELIP YAG    ,1632      ,                ,  101,                    ,                              , 4,2,20181106 19:54:51,    0,         0,        69,  120,   20,  101,2,                ,0000000,2, 1,         0,    0,0000000000000000000000000000000000000000,0000000000000000000000010000000000000000,         0,         0,         0,         0,1, 0, 0, 0,A800                          ,   25,        45,0,20181106 19:53:42,                              , 9999, 9999, 9999, 9999,32767,     0,     0
 ED5.2,7420719                       ,FS020                         ,ETB                 ,          ,                ,  101,                    ,                              , 4,2,20181106 19:54:57,    0,         0,         3,  120,   20,  101,2,                ,0000000,3, 0,         0,    0,0000000000000000000000000000000000000000,0000000000000000000000010000000000000000,         0,         0,         0,         0,1, 0, 0, 0,A800                          ,    3,         0,0,20181106 19:54:54,                              , 9999, 9999, 9999, 9999,32767,     0,     0
 ED5.2,1175                          ,1314                          ,                    ,1945      ,                ,  101,                    ,                              ,14,0,20181106 19:55:15,    0,         0,        31,65535,65535, 9999,2,                ,0000000,0, 0,         0,    0,0000000000000000000000000000000000000000,0000000000000000000000000000000000000000,         0,         0,         0,         0,1, 0, 0, 0,1175                          ,    0,        31,0,20181106 19:54:44,1314                          ,  101, 9999,  101,  101,    0,     0,     0
 ED5.2,3108                          ,1820                          ,                    ,1632      ,                ,  101,                    ,                              ,14,0,20181106 19:56:21,    0,         0,         8,65535,65535, 9999,2,                ,0000000,0, 0,         0,    0,0000000000000000000000000000000000000000,0000000000000000000000000000000000000000,         0,         0,         0,         0,1, 0, 0, 0,3108                          ,    0,         8,0,20181106 19:56:13,1820                          ,  101, 9999,  101,  101,    0,     0,     0
 ED5.2,1216                          ,1736                          ,                    ,1635      ,                ,  101,                    ,                              ,14,0,20181106 19:56:34,    0,         0,         0,65535,65535, 9999,2,                ,0000000,0, 0,         0,    0,0000000000000000000000000000000000000000,0000000000000000000000000000000000000000,         0,         0,         0,         0,1, 0, 0, 0,1216                          ,    0,         0,0,20181106 19:56:34,1736                          ,  101, 9999,  101,  101,    0,     0,     0
 ED5.2,1214                          ,1736                          ,                    ,1635      ,                ,  101,                    ,                              ,14,0,20181106 19:56:34,    0,         0,         0,65535,65535, 9999,2,                ,0000000,0, 0,         0,    0,0000000000000000000000000000000000000000,0000000000000000000000000000000000000000,         0,         0,         0,         0,1, 0, 0, 0,1216                          ,    0,         0,1,20181106 19:56:34,1736                          ,  101, 9999,  101,  101,    0,     0,     0
 ED5.2,1339                          ,3269                          ,                    ,1979      ,                ,  101,                    ,                              ,14,0,20181106 19:56:50,    0,         0,        80,65535,65535, 9999,2,                ,0000000,0, 0,         0,    0,0000000000000000000000000000000000000000,0000000000000000000000000000000000000000,         0,         0,         0,         0,1, 0, 0, 0,1339                          ,    0,        80,0,20181106 19:55:30,3269                          ,  101, 9999,  101,  101,    0,     0,     0
 ED5.2,1216                          ,1736                          ,                    ,1635      ,                ,  101,                    ,                              ,14,0,20181106 19:56:51,    0,         0,         0,65535,65535, 9999,2,                ,0000000,0, 0,         0,    0,0000000000000000000000000000000000000000,0000000000000000000000000000000000000000,         0,         0,         0,         0,1, 0, 0, 0,1216                          ,    0,         0,0,20181106 19:56:51,1736                          ,  101, 9999,  101,  101,    0,     0,     0
 ED5.2,1214                          ,1736                          ,                    ,1635      ,                ,  101,                    ,                              ,14,0,20181106 19:56:52,    0,         0,         0,65535,65535, 9999,2,                ,0000000,0, 0,         0,    0,0000000000000000000000000000000000000000,0000000000000000000000000000000000000000,         0,         0,         0,         0,1, 0, 0, 0,1216                          ,    0,         0,1,20181106 19:56:52,1736                          ,  101, 9999,  101,  101,    0,     0,     0
 ED5.2,617012                        ,1437                          ,LUZ ANDREA GOMEZ    ,1215      ,                ,  101,                    ,                              , 0,2,20181106 19:58:27,    0,         0,         0, 1952,   11,  101,2,                ,0010000,2, 1,         0,    0,1000000000000000000000000000000000000000,0000000000000000000000010000000000001000,         0,         0,         0,         0,1, 0, 0, 0,617012                        ,    0,         0,0,20181106 19:58:27,1437                          , 9999, 9999, 9999,  101,32767,     0,     0
 ED5.2,9072580                       ,1517                          ,VIVIANA MARC HOR    ,1952      ,                ,  101,                    ,                              , 0,2,20181106 19:58:32,    0,         0,         0, 1952,   11,  101,2,                ,0010000,2, 1,         0,    0,1000000000000000000000000000000000000000,0000000000000000000000010000000000001000,         0,         0,         0,         0,1, 0, 0, 0,9072580                       ,    0,         0,0,20181106 19:58:32,1517                          , 9999, 9999, 9999,  101,32767,     0,     0
 ED5.2,6170127                       ,1437                          ,LUZ ANDREA GOMEZ    ,1215      ,                ,  101,                    ,                              , 0,2,20181106 19:58:39,    0,         0,         0, 1952,   11,  101,2,                ,0010000,2, 1,         0,    0,1000000000000000000000000000000000000000,0000000000000000000000010000000000001000,         0,         0,         0,         0,1, 0, 0, 0,6170127                       ,    0,         0,0,20181106 19:58:39,1437                          , 9999, 9999, 9999,  101,32767,     0,     0
 ED5.2,6170127                       ,1437                          ,LUZ ANDREA GOMEZ    ,1215      ,                ,  101,                    ,                              , 0,2,20181106 19:58:47,    0,         0,         0, 1954,   11,  101,2,                ,0010000,2, 1,         0,    0,1000000000000000000000000000000000000000,0000000000000000000000010000000000001000,         0,         0,         0,         0,1, 0, 0, 0,6170127                       ,    0,         0,0,20181106 19:58:47,1437                          , 9999, 9999, 9999,  101,32767,     0,     0
 ED5.2,6170127                       ,1437                          ,LUZ ANDREA GOMEZ    ,1215      ,                ,  101,                    ,                              , 0,2,20181106 19:58:59,    0,         0,         0, 1954,   11,  101,2,                ,0010000,2, 1,         0,    0,1000000000000000000000000000000000000000,0000000000000000000000010000000000001000,         0,         0,         0,         0,1, 0, 0, 0,6170127                       ,    0,         0,0,20181106 19:58:59,1437                          , 9999, 9999, 9999,  101,32767,     0,     0
 ED5.2,9072500                       ,1517                          ,VIVIANA MARC HOR    ,1952      ,                ,  101,                    ,                              , 0,2,20181106 19:59:04,    0,         0,        18, 1953,   11,  101,2,                ,0010000,2, 1,         0,    0,1000000000000000000000000000000000000000,0000000000000000000000010000000000001000,         0,         0,         0,         0,1, 0, 0, 0,9072500                       ,    0,         0,0,20181106 19:58:46,1517                          , 9999, 9999, 9999,  101,32767,     0,     0
 ED5.2,4038                          ,4008                          ,                    ,2952      ,                ,  101,                    ,                              ,14,0,20181106 19:59:35,    0,         0,         4,65535,65535, 9999,2,                ,0000000,0, 0,         0,    0,0000000000000000000000000000000000000000,0000000000000000000000000000000000000000,         0,         0,         0,         0,1, 0, 0, 0,4038                          ,    0,         4,0,20181106 19:59:31,4008                          ,  101, 9999,  101,  101,    0,     0,     0
 ED5.2,3124761801                    ,1150                          ,LINA VANESA GALI    ,1952      ,                ,  101,                    ,                              , 0,2,20181106 20:00:08,    0,         0,         0, 2299,   66,  101,2,                ,0010000,2, 1,         0,    0,1000000000000000000000000000000000000000,0000000000000000000000010000000000001000,         0,         0,         0,         0,1, 0, 0, 0,033124761801                  ,    0,         0,0,20181106 20:00:08,1150                          , 9999, 9999, 9999,  101,32767,     0,     0
