 ED5.2,1559                          ,5140                          ,                    ,3632      ,                ,  101,                    ,                              ,14,0,20181120 19:00:57,    0,         0,         0,65535,65535, 9999,2,                ,0000000,0, 0,         0,    0,0000000000000000000000000000000000000000,0000000000000000000000000000000000000000,         0,         0,         0,         0,1, 0, 0, 0,1559                          ,    0,         0,0,20181120 19:00:57,5140                          ,  101, 9999,  101,  101,    0,     0,     0
 ED5.2,3503450996                    ,1319                          ,LIBRE LIBRE         ,1952      ,                ,  101,                    ,                              , 0,1,20181120 19:01:27,    0,         0,         5,  378,   21,  101,2,                ,0010000,0, 0,         0,    0,0000000000000000000000000000000000000000,0000000000000000000000010000000000001000,         0,         0,         0,         0,1, 0, 0, 0,033503450996                  ,    0,         0,0,20181120 19:01:22,1319                          , 9999, 9999, 9999,  101,32767,     0,     0
 ED5.2,2045                          ,3500                          ,                    ,4675      ,                ,  101,                    ,                              ,14,0,20181120 19:01:32,    0,         0,        41,65535,65535, 9999,2,                ,0000000,0, 0,         0,    0,0000000000000000000000000000000000000000,0000000000000000000000000000000000000000,         0,         0,         0,         0,1, 0, 0, 0,2045                          ,    0,        41,0,20181120 19:00:51,3500                          ,  101, 9999,  101,  101,    0,     0,     0
 ED5.2,4435373                       ,2045                          ,ERNESTO  DIAZ MA    ,4949      ,                ,  101,                    ,                              , 0,2,20181120 19:01:37,    0,         0,         0,  325,   65,  101,2,                ,0010000,2, 1,         0,    0,1000000000000000000000000000000000000000,0000000000000000000000010000000000001000,         0,         0,         0,         0,1, 0, 0, 0,4435373                       ,    0,         0,0,20181120 19:01:37,2045                          , 9999, 9999, 9999,  101,32767,     0,     0
 ED5.2,1559                          ,5140                          ,                    ,3632      ,                ,  101,                    ,                              ,14,0,20181120 19:02:00,    0,         0,         0,65535,65535, 9999,2,                ,0000000,0, 0,         0,    0,0000000000000000000000000000000000000000,0000000000000000000000000000000000000000,         0,         0,         0,         0,1, 0, 0, 0,1559                          ,    0,         0,0,20181120 19:02:00,5140                          ,  101, 9999,  101,  101,    0,     0,     0
 ED5.2,1561                          ,1402                          ,                    ,1952      ,                ,  101,                    ,                              ,14,0,20181120 19:02:16,    0,         0,        43,65535,65535, 9999,2,                ,0000000,0, 0,         0,    0,0000000000000000000000000000000000000000,0000000000000000000000000000000000000000,         0,         0,         0,         0,1, 0, 0, 0,1561                          ,    0,        43,0,20181120 19:01:33,1402                          ,  101, 9999,  101,  101,    0,     0,     0
 ED5.2,3503450696                    ,1319                          ,LIBRE LIBRE         ,1952      ,                ,  101,                    ,                              , 0,1,20181120 19:02:37,    0,         0,        46,  377,   21,  101,2,                ,0010000,0, 0,         0,    0,0000000000000000000000000000000000000000,0000000000000000000000010000000000001000,         0,         0,         0,         0,1, 0, 0, 0,033503450696                  ,    0,         0,0,20181120 19:01:51,1319                          , 9999, 9999, 9999,  101,32767,     0,     0
 ED5.2,1176                          ,1030                          ,                    ,1632      ,                ,  101,                    ,                              ,14,0,20181120 19:03:20,    0,         0,        38,65535,65535, 9999,2,                ,0000000,0, 0,         0,    0,0000000000000000000000000000000000000000,0000000000000000000000000000000000000000,         0,         0,         0,         0,1, 0, 0, 0,1176                          ,    0,        38,0,20181120 19:02:42,1030                          ,  101, 9999,  101,  101,    0,     0,     0
 ED5.2,3208                          ,3148                          ,                    ,1979      ,                ,  101,                    ,                              ,14,0,20181120 19:05:06,    0,         0,        10,65535,65535, 9999,2,                ,0000000,0, 0,         0,    0,0000000000000000000000000000000000000000,0000000000000000000000000000000000000000,         0,         0,         0,         0,1, 0, 0, 0,3208                          ,    0,        10,0,20181120 19:04:56,3148                          ,  101, 9999,  101,  101,    0,     0,     0
 ED5.2,1559                          ,5140                          ,                    ,3632      ,                ,  101,                    ,                              ,14,0,20181120 19:05:16,    0,         0,         0,65535,65535, 9999,2,                ,0000000,0, 0,         0,    0,0000000000000000000000000000000000000000,0000000000000000000000000000000000000000,         0,         0,         0,         0,1, 0, 0, 0,1559                          ,    0,         0,0,20181120 19:05:16,5140                          ,  101, 9999,  101,  101,    0,     0,     0
 ED5.2,5120                          ,5131                          ,                    ,3952      ,                ,  101,                    ,                              ,14,0,20181120 19:05:30,    0,         0,      3342,65535,65535, 9999,2,                ,0000000,0, 0,         0,    0,0000000000000000000000000000000000000000,0000000000000000000000000000000000000000,         0,         0,         0,         0,1, 0, 0, 0,5120                          ,    0,      3342,0,20181120 18:09:48,5131                          ,  101, 9999,  101,  101,    0,     0,     0
 ED5.2,1561                          ,1237                          ,                    ,1633      ,                ,  101,                    ,                              ,14,0,20181120 19:05:34,    0,         0,         0,65535,65535, 9999,2,                ,0000000,0, 0,         0,    0,0000000000000000000000000000000000000000,0000000000000000000000000000000000000000,         0,         0,         0,         0,1, 0, 0, 0,1561                          ,    0,         0,0,20181120 19:05:34,1237                          ,  101, 9999,  101,  101,    0,     0,     0
 ED5.2,6604874                       ,1067                          ,LUZ CAROLINE CAI    ,1952      ,                ,  101,                    ,                              , 0,2,20181120 19:06:19,    0,         0,       334, 1951,   11,  101,2,                ,0010000,2, 1,         0,    0,1000000000000000000000000000000000000000,0000000000000000000000010000000000001000,         0,         0,         0,         0,1, 0, 0, 0,6604874                       ,    0,         0,0,20181120 19:00:45,1067                          , 9999, 9999, 9999,  101,32767,     0,     0
 ED5.2,1339                          ,3243                          ,                    ,1949      ,                ,  101,                    ,                              ,14,0,20181120 19:06:58,    0,         0,        56,65535,65535, 9999,2,                ,0000000,0, 0,         0,    0,0000000000000000000000000000000000000000,0000000000000000000000000000000000000000,         0,         0,         0,         0,1, 0, 0, 0,1339                          ,    0,        56,0,20181120 19:06:02,3243                          ,  101, 9999,  101,  101,    0,     0,     0
 ED5.2,1525                          ,5140                          ,                    ,3632      ,                ,  101,                    ,                              ,14,0,20181120 19:07:44,    0,         0,         0,65535,65535, 9999,2,                ,0000000,0, 0,         0,    0,0000000000000000000000000000000000000000,0000000000000000000000000000000000000000,         0,         0,         0,         0,1, 0, 0, 0,1525                          ,    0,         0,0,20181120 19:07:44,5140                          ,  101, 9999,  101,  101,    0,     0,     0
 ED5.2,1890                          ,5140                          ,                    ,3632      ,                ,  101,                    ,                              ,14,0,20181120 19:07:46,    0,         0,         0,65535,65535, 9999,2,                ,0000000,0, 0,         0,    0,0000000000000000000000000000000000000000,0000000000000000000000000000000000000000,         0,         0,         0,         0,1, 0, 0, 0,1525                          ,    0,         0,1,20181120 19:07:46,5140                          ,  101, 9999,  101,  101,    0,     0,     0
 ED5.2,7468120                       ,1520                          ,JULIANA IZQUIERD    ,1949      ,                ,  101,                    ,                              , 0,2,20181120 19:07:48,    0,         0,        60, 1952,   11,  101,2,                ,0010000,2, 1,         0,    0,1000000000000000000000000000000000000000,0000000000000000000000010000000000001000,         0,         0,         0,         0,1, 0, 0, 0,7468120                       ,    0,         0,0,20181120 19:06:48,1520                          , 9999, 9999, 9999,  101,32767,     0,     0
 ED5.2,1559                          ,5140                          ,                    ,3632      ,                ,  101,                    ,                              ,14,0,20181120 19:08:10,    0,         0,         0,65535,65535, 9999,2,                ,0000000,0, 0,         0,    0,0000000000000000000000000000000000000000,0000000000000000000000000000000000000000,         0,         0,         0,         0,1, 0, 0, 0,1559                          ,    0,         0,0,20181120 19:08:10,5140                          ,  101, 9999,  101,  101,    0,     0,     0
 ED5.2,7766099                       ,1827                          ,LEYDI ISABEL MOL    ,1638      ,                ,  101,                    ,                              , 0,2,20181120 19:08:16,    0,         0,        20, 1953,   11,  101,2,                ,0010000,2, 1,         0,    0,1000000000000000000000000000000000000000,0000000000000000000000010000000000001000,         0,         0,         0,         0,1, 0, 0, 0,7766099                       ,    0,         0,0,20181120 19:07:56,1827                          , 9999, 9999, 9999,  101,32767,     0,     0
 ED5.2,1384                          ,1187                          ,                    ,1945      ,                ,  101,                    ,                              ,14,0,20181120 19:10:01,    0,         0,         6,65535,65535, 9999,2,                ,0000000,0, 0,         0,    0,0000000000000000000000000000000000000000,0000000000000000000000000000000000000000,         0,         0,         0,         0,1, 0, 0, 0,1384                          ,    0,         6,0,20181120 19:09:55,1187                          ,  101, 9999,  101,  101,    0,     0,     0
 ED5.2,1559                          ,5140                          ,                    ,3632      ,                ,  101,                    ,                              ,14,0,20181120 19:10:05,    0,         0,         0,65535,65535, 9999,2,                ,0000000,0, 0,         0,    0,0000000000000000000000000000000000000000,0000000000000000000000000000000000000000,         0,         0,         0,         0,1, 0, 0, 0,1559                          ,    0,         0,0,20181120 19:10:05,5140                          ,  101, 9999,  101,  101,    0,     0,     0
 ED5.2,6604869                       ,1536                          ,YESENIA ORJUELA     ,1161      ,                ,  101,                    ,                              , 0,2,20181120 19:10:39,    0,         0,       232, 1951,   11,  101,2,                ,0010000,2, 1,         0,    0,1000000000000000000000000000000000000000,0000000000000000000000010000000000001000,         0,         0,         0,         0,1, 0, 0, 0,6604869                       ,    0,         0,0,20181120 19:06:47,1536                          , 9999, 9999, 9999,  101,32767,     0,     0
 ED5.2,7505296                       ,3228                          ,ALBA ROSA BOTERO    ,1979      ,                ,  101,                    ,                              , 4,2,20181120 19:11:26,    0,         0,       188, 2817,   82,  101,2,                ,0000000,2, 0,         0,    0,0000000000000000000000000000000000000000,0000000000000000000000010000000000000000,         0,         0,         0,         0,1, 0, 0, 0,A500                          ,    8,       180,0,20181120 19:08:18,                              , 9999, 9999, 9999, 9999,32767,     0,     0
 ED5.2,1237                          ,1561                          ,                    ,1952      ,                ,  101,                    ,                              ,14,0,20181120 19:11:39,    0,         0,       305,65535,65535, 9999,2,                ,0000000,0, 0,         0,    0,0000000000000000000000000000000000000000,0000000000000000000000000000000000000000,         0,         0,         0,         0,1, 0, 0, 0,1237                          ,    0,       305,0,20181120 19:06:34,1561                          ,  101, 9999,  101,  101,    0,     0,     0
 ED5.2,2691079                       ,1163                          ,IVON ANGELIC MAN    ,1952      ,                ,  101,                    ,                              , 4,2,20181120 19:12:05,    0,         0,      1916,  120,   20,  101,2,                ,0000000,3, 0,         0,    0,0000000000000000000000000000000000000000,0000000000000000000000010000000000000000,         0,         0,         0,         0,1, 0, 0, 0,A800                          ,   26,      1890,0,20181120 18:40:09,                              , 9999, 9999, 9999, 9999,32767,     0,     0
 ED5.2,1449                          ,3243                          ,                    ,1949      ,                ,  101,                    ,                              ,14,0,20181120 19:12:33,    0,         0,        27,65535,65535, 9999,2,                ,0000000,0, 0,         0,    0,0000000000000000000000000000000000000000,0000000000000000000000000000000000000000,         0,         0,         0,         0,1, 0, 0, 0,1449                          ,    0,        27,0,20181120 19:12:06,3243                          ,  101, 9999,  101,  101,    0,     0,     0
 ED5.2,3214                          ,3137                          ,                    ,1466      ,                ,  101,                    ,                              ,14,0,20181120 19:12:35,    0,         0,         0,65535,65535, 9999,2,                ,0000000,0, 0,         0,    0,0000000000000000000000000000000000000000,0000000000000000000000000000000000000000,         0,         0,         0,         0,1, 0, 0, 0,3119                          ,    0,         0,1,20181120 19:12:35,3137                          ,  101, 9999,  101,  101,    0,     0,     0
 ED5.2,1478                          ,1444                          ,                    ,1632      ,                ,  101,                    ,                              ,14,0,20181120 19:13:39,    0,         0,        31,65535,65535, 9999,2,                ,0000000,0, 0,         0,    0,0000000000000000000000000000000000000000,0000000000000000000000000000000000000000,         0,         0,         0,         0,1, 0, 0, 0,1478                          ,    0,        31,0,20181120 19:13:08,1444                          ,  101, 9999,  101,  101,    0,     0,     0
 ED5.2,5122                          ,5140                          ,                    ,3632      ,                ,  101,                    ,                              ,14,0,20181120 19:13:48,    0,         0,         0,65535,65535, 9999,2,                ,0000000,0, 0,         0,    0,0000000000000000000000000000000000000000,0000000000000000000000000000000000000000,         0,         0,         0,         0,1, 0, 0, 0,5122                          ,    0,         0,0,20181120 19:13:48,5140                          ,  101, 9999,  101,  101,    0,     0,     0
 ED5.2,6604869                       ,1320                          ,NINY JOHANA RODR    ,1952      ,                ,  101,                    ,                              , 0,2,20181120 19:13:54,    0,         0,       259, 1952,   11,  101,2,                ,0010000,2, 1,         0,    0,1000000000000000000000000000000000000000,0000000000000000000000010000000000001000,         0,         0,         0,         0,1, 0, 0, 0,6604869                       ,    0,         0,0,20181120 19:09:35,1320                          , 9999, 9999, 9999,  101,32767,     0,     0
 ED5.2,6398080                       ,1600                          ,RECEPCION COUNTR    ,1635      ,                ,  101,                    ,                              , 4,2,20181120 19:15:06,    0,         0,        68,  120,   20,  101,2,                ,0000000,2, 0,         0,    0,0000000000000000000000000000000000000000,0000000000000000000000010000000000000000,         0,         0,         0,         0,1, 0, 0, 0,A800                          ,   68,         0,1,20181120 19:13:58,                              , 9999, 9999, 9999, 9999,32767,     0,     0
 ED5.2,2061                          ,2015                          ,                    ,4843      ,                ,  101,                    ,                              ,14,0,20181120 19:15:48,    0,         0,         0,65535,65535, 9999,2,                ,0000000,0, 0,         0,    0,0000000000000000000000000000000000000000,0000000000000000000000000000000000000000,         0,         0,         0,         0,1, 0, 0, 0,2061                          ,    0,         0,0,20181120 19:15:48,2015                          ,  101, 9999,  101,  101,    0,     0,     0
 ED5.2,3344030                       ,4027                          ,LILIANA MARIN RI    ,1952      ,                ,  101,                    ,                              , 0,2,20181120 19:16:20,    0,         0,        45, 2395,   15,  101,2,                ,0010000,2, 1,         0,    0,1000000000000000000000000000000000000000,0000000000000000000000010000000000001000,         0,         0,         0,         0,1, 0, 0, 0,3344030                       ,    0,         0,0,20181120 19:15:35,4027                          , 9999, 9999, 9999,  101,32767,     0,     0
 ED5.2,1187                          ,1265                          ,                    ,1632      ,                ,  101,                    ,                              ,14,0,20181120 19:18:39,    0,         0,        36,65535,65535, 9999,2,                ,0000000,0, 0,         0,    0,0000000000000000000000000000000000000000,0000000000000000000000000000000000000000,         0,         0,         0,         0,1, 0, 0, 0,1187                          ,    0,        36,0,20181120 19:18:03,1265                          ,  101, 9999,  101,  101,    0,     0,     0
 ED5.2,8100196                       ,1415                          ,MARTHA LUCIA BUI    ,1945      ,                ,  101,                    ,                              , 0,2,20181120 19:19:32,    0,         0,       455, 1951,   11,  101,2,                ,0010000,2, 1,         0,    0,1000000000000000000000000000000000000000,0000000000000000000000010000000000001000,         0,         0,         0,         0,1, 0, 0, 0,8100196                       ,    0,         0,0,20181120 19:11:57,1415                          , 9999, 9999, 9999,  101,32767,     0,     0
 ED5.2,1237                          ,1561                          ,                    ,1952      ,                ,  101,                    ,                              ,14,0,20181120 19:19:46,    0,         0,        52,65535,65535, 9999,2,                ,0000000,0, 0,         0,    0,0000000000000000000000000000000000000000,0000000000000000000000000000000000000000,         0,         0,         0,         0,1, 0, 0, 0,1237                          ,    0,        52,0,20181120 19:18:54,1561                          ,  101, 9999,  101,  101,    0,     0,     0
 ED5.2,2123505                       ,1893                          ,LUCERO LISET CRU    ,1741      ,                ,  101,                    ,                              , 0,2,20181120 19:21:03,    0,         0,       109, 1952,   11,  101,2,                ,0010000,2, 1,         0,    0,1000000000000000000000000000000000000000,0000000000000000000000010000000000001000,         0,         0,         0,         0,1, 0, 0, 0,2123505                       ,    0,         0,0,20181120 19:19:14,1893                          , 9999, 9999, 9999,  101,32767,     0,     0
 ED5.2,1559                          ,5140                          ,                    ,3632      ,                ,  101,                    ,                              ,14,0,20181120 19:21:54,    0,         0,         0,65535,65535, 9999,2,                ,0000000,0, 0,         0,    0,0000000000000000000000000000000000000000,0000000000000000000000000000000000000000,         0,         0,         0,         0,1, 0, 0, 0,1559                          ,    0,         0,0,20181120 19:21:54,5140                          ,  101, 9999,  101,  101,    0,     0,     0
 ED5.2,6604869                       ,1561                          ,MARIA FERNAN CAN    ,1952      ,                ,  101,                    ,                              , 0,2,20181120 19:22:05,    0,         0,       126, 1951,   11,  101,2,                ,0010000,2, 1,         0,    0,1000000000000000000000000000000000000000,0000000000000000000000010000000000001000,         0,         0,         0,         0,1, 0, 0, 0,6604869                       ,    0,         0,0,20181120 19:19:59,1561                          , 9999, 9999, 9999,  101,32767,     0,     0
 ED5.2,2061                          ,1559                          ,                    ,1632      ,                ,  101,                    ,                              ,14,0,20181120 19:23:18,    0,         0,      1948,65535,65535, 9999,2,                ,0000000,0, 0,         0,    0,0000000000000000000000000000000000000000,0000000000000000000000000000000000000000,         0,         0,         0,         0,1, 0, 0, 0,2061                          ,    0,      1948,0,20181120 18:50:50,1559                          ,  101, 9999,  101,  101,    0,     0,     0
 ED5.2,3814500                       ,FS082                         ,SIPsalida           ,          ,                ,  101,                    ,                              , 4,2,20181120 19:23:58,    0,         0,        34, 2817,   82,  101,2,                ,0000000,2, 0,         0,    0,0000000000000000000000000000000000000000,0000000000000000000000010000000000000000,         0,         0,         0,         0,1, 0, 0, 0,A500                          ,   34,         0,1,20181120 19:23:24,                              , 9999, 9999, 9999, 9999,32767,     0,     0
 ED5.2,1176                          ,1736                          ,                    ,1635      ,                ,  101,                    ,                              ,14,0,20181120 19:24:43,    0,         0,         0,65535,65535, 9999,2,                ,0000000,0, 0,         0,    0,0000000000000000000000000000000000000000,0000000000000000000000000000000000000000,         0,         0,         0,         0,1, 0, 0, 0,1176                          ,    0,         0,0,20181120 19:24:43,1736                          ,  101, 9999,  101,  101,    0,     0,     0
 ED5.2,1240                          ,1736                          ,                    ,1635      ,                ,  101,                    ,                              ,14,0,20181120 19:24:59,    0,         0,         0,65535,65535, 9999,2,                ,0000000,0, 0,         0,    0,0000000000000000000000000000000000000000,0000000000000000000000000000000000000000,         0,         0,         0,         0,1, 0, 0, 0,1176                          ,    0,         0,1,20181120 19:24:59,1736                          ,  101, 9999,  101,  101,    0,     0,     0
 ED5.2,1532                          ,1736                          ,                    ,1635      ,                ,  101,                    ,                              ,14,0,20181120 19:25:00,    0,         0,         0,65535,65535, 9999,2,                ,0000000,0, 0,         0,    0,0000000000000000000000000000000000000000,0000000000000000000000000000000000000000,         0,         0,         0,         0,1, 0, 0, 0,1176                          ,    0,         0,1,20181120 19:25:00,1736                          ,  101, 9999,  101,  101,    0,     0,     0
 ED5.2,072972231                     ,4000                          ,RECEPCION MEDELL    ,2952      ,                ,  101,                    ,                              , 4,2,20181120 19:25:07,    0,         0,        35, 2395,   15,  101,2,                ,0000000,2, 0,         0,    0,0000000000000000000000000000000000000000,0000000000000000000000010000000000000000,         0,         0,         0,         0,1, 0, 0, 0,A800                          ,   35,         0,1,20181120 19:24:32,                              , 9999, 9999, 9999, 9999,32767,     0,     0
 ED5.2,1176                          ,1736                          ,                    ,1635      ,                ,  101,                    ,                              ,14,0,20181120 19:25:20,    0,         0,         0,65535,65535, 9999,2,                ,0000000,0, 0,         0,    0,0000000000000000000000000000000000000000,0000000000000000000000000000000000000000,         0,         0,         0,         0,1, 0, 0, 0,1176                          ,    0,         0,0,20181120 19:25:20,1736                          ,  101, 9999,  101,  101,    0,     0,     0
 ED5.2,6962760                       ,8017                          ,CARMEN SOFIA CAD    ,6952      ,                ,  101,                    ,                              , 0,1,20181120 19:25:28,    0,         0,        98,  400,   80,  101,2,                ,0010000,0, 0,         0,    0,0000000000000000000000000000000000000000,0000000000000000000000010000000000001000,         0,         0,         0,         0,1, 0, 0, 0,6962760                       ,    0,         0,0,20181120 19:23:50,8017                          , 9999, 9999, 9999,  101,32767,     0,     0
 ED5.2,1240                          ,1736                          ,                    ,1635      ,                ,  101,                    ,                              ,14,0,20181120 19:25:42,    0,         0,         8,65535,65535, 9999,2,                ,0000000,0, 0,         0,    0,0000000000000000000000000000000000000000,0000000000000000000000000000000000000000,         0,         0,         0,         0,1, 0, 0, 0,1176                          ,    0,         8,1,20181120 19:25:34,1736                          ,  101, 9999,  101,  101,    0,     0,     0
 ED5.2,1415                          ,1370                          ,                    ,1949      ,                ,  101,                    ,                              ,14,0,20181120 19:25:49,    0,         0,       199,65535,65535, 9999,2,                ,0000000,0, 0,         0,    0,0000000000000000000000000000000000000000,0000000000000000000000000000000000000000,         0,         0,         0,         0,1, 0, 0, 0,1415                          ,    0,       199,0,20181120 19:22:30,1370                          ,  101, 9999,  101,  101,    0,     0,     0
 ED5.2,5140                          ,1364                          ,                    ,1632      ,                ,  101,                    ,                              ,14,0,20181120 19:27:15,    0,         0,        15,65535,65535, 9999,2,                ,0000000,0, 0,         0,    0,0000000000000000000000000000000000000000,0000000000000000000000000000000000000000,         0,         0,         0,         0,1, 0, 0, 0,5140                          ,    0,        15,0,20181120 19:27:00,1364                          ,  101, 9999,  101,  101,    0,     0,     0
 ED5.2,2061                          ,1559                          ,                    ,1632      ,                ,  101,                    ,                              ,14,0,20181120 19:28:10,    0,         0,         0,65535,65535, 9999,2,                ,0000000,0, 0,         0,    0,0000000000000000000000000000000000000000,0000000000000000000000000000000000000000,         0,         0,         0,         0,1, 0, 0, 0,2061                          ,    0,         0,0,20181120 19:28:10,1559                          ,  101, 9999,  101,  101,    0,     0,     0
 ED5.2,88                            ,1559                          ,                    ,1632      ,                ,  101,                    ,                              ,14,0,20181120 19:28:13,    0,         0,         3,65535,65535, 9999,2,                ,0000000,0, 0,         0,    0,0000000000000000000000000000000000000000,0000000000000000000000000000000000000000,         0,         0,         0,         0,1, 0, 0, 0,2061                          ,    0,         3,1,20181120 19:28:10,1559                          ,  101, 9999,  101,  101,    0,     0,     0
 ED5.2,6604869                       ,1030                          ,ALBA LUZ BOLIVAR    ,1632      ,                ,  101,                    ,                              , 0,2,20181120 19:29:05,    0,         0,       459, 1953,   11,  101,2,                ,0010000,2, 1,         0,    0,1000000000000000000000000000000000000000,0000000000000000000000010000000000001000,         0,         0,         0,         0,1, 0, 0, 0,6604869                       ,    0,         0,0,20181120 19:21:26,1030                          , 9999, 9999, 9999,  101,32767,     0,     0
 ED5.2,7505844                       ,1420                          ,CAJA 16             ,1949      ,                ,  101,                    ,                              , 0,2,20181120 19:29:08,    0,         0,        52, 2817,   82,  101,2,                ,0010000,2, 1,         0,    0,1000000000000000000000000000000000000000,0000000000000000000000010000000000001000,         0,         0,         0,         0,1, 0, 0, 0,7505844                       ,    0,         0,0,20181120 19:28:16,1420                          , 9999, 9999, 9999,  101,32767,     0,     0
 ED5.2,5140                          ,1559                          ,                    ,1632      ,                ,  101,                    ,                              ,14,0,20181120 19:31:28,    0,         0,         0,65535,65535, 9999,2,                ,0000000,0, 0,         0,    0,0000000000000000000000000000000000000000,0000000000000000000000000000000000000000,         0,         0,         0,         0,1, 0, 0, 0,5140                          ,    0,         0,0,20181120 19:31:28,1559                          ,  101, 9999,  101,  101,    0,     0,     0
 ED5.2,3212090943                    ,3250                          ,ANGELA MARIA INS    ,1466      ,                ,  101,                    ,                              , 0,2,20181120 19:34:18,    0,         0,        15, 2299,   66,  101,2,                ,0010000,2, 1,         0,    0,1000000000000000000000000000000000000000,0000000000000000000000010000000000001000,         0,         0,         0,         0,1, 0, 0, 0,033212090943                  ,    0,         0,0,20181120 19:34:03,3250                          , 9999, 9999, 9999,  101,32767,     0,     0
 ED5.2,4444321                       ,4053                          ,OLGA BARRERA        ,2318      ,                ,  101,                    ,                              , 0,2,20181120 19:36:52,    0,         0,         6, 2395,   15,  101,2,                ,0010000,2, 1,         0,    0,1000000000000000000000000000000000000000,0000000000000000000000010000000000001000,         0,         0,         0,         0,1, 0, 0, 0,4444321                       ,    0,         0,0,20181120 19:36:46,4053                          , 9999, 9999, 9999,  101,32767,     0,     0
 ED5.2,4444321                       ,4053                          ,OLGA BARRERA        ,2318      ,                ,  101,                    ,                              , 0,2,20181120 19:37:10,    0,         0,        16, 2395,   15,  101,2,                ,0010000,2, 1,         0,    0,1000000000000000000000000000000000000000,0000000000000000000000010000000000001000,         0,         0,         0,         0,1, 0, 0, 0,4444321                       ,    0,         0,0,20181120 19:36:54,4053                          , 9999, 9999, 9999,  101,32767,     0,     0
 ED5.2,4444321                       ,4053                          ,OLGA BARRERA        ,2318      ,                ,  101,                    ,                              , 0,2,20181120 19:37:31,    0,         0,        16, 2395,   15,  101,2,                ,0010000,2, 1,         0,    0,1000000000000000000000000000000000000000,0000000000000000000000010000000000001000,         0,         0,         0,         0,1, 0, 0, 0,4444321                       ,    0,         0,0,20181120 19:37:15,4053                          , 9999, 9999, 9999,  101,32767,     0,     0
 ED5.2,4444321                       ,4053                          ,OLGA BARRERA        ,2318      ,                ,  101,                    ,                              , 0,2,20181120 19:37:49,    0,         0,        14, 2395,   15,  101,2,                ,0010000,2, 1,         0,    0,1000000000000000000000000000000000000000,0000000000000000000000010000000000001000,         0,         0,         0,         0,1, 0, 0, 0,4444321                       ,    0,         0,0,20181120 19:37:35,4053                          , 9999, 9999, 9999,  101,32767,     0,     0
 ED5.2,4444321                       ,4053                          ,OLGA BARRERA        ,2318      ,                ,  101,                    ,                              , 0,2,20181120 19:38:06,    0,         0,        15, 2395,   15,  101,2,                ,0010000,2, 1,         0,    0,1000000000000000000000000000000000000000,0000000000000000000000010000000000001000,         0,         0,         0,         0,1, 0, 0, 0,4444321                       ,    0,         0,0,20181120 19:37:51,4053                          , 9999, 9999, 9999,  101,32767,     0,     0
 ED5.2,4444321                       ,4053                          ,OLGA BARRERA        ,2318      ,                ,  101,                    ,                              , 0,2,20181120 19:38:24,    0,         0,        15, 2395,   15,  101,2,                ,0010000,2, 1,         0,    0,1000000000000000000000000000000000000000,0000000000000000000000010000000000001000,         0,         0,         0,         0,1, 0, 0, 0,4444321                       ,    0,         0,0,20181120 19:38:09,4053                          , 9999, 9999, 9999,  101,32767,     0,     0
 ED5.2,4444321                       ,4053                          ,OLGA BARRERA        ,2318      ,                ,  101,                    ,                              , 0,2,20181120 19:38:44,    0,         0,        16, 2395,   15,  101,2,                ,0010000,2, 1,         0,    0,1000000000000000000000000000000000000000,0000000000000000000000010000000000001000,         0,         0,         0,         0,1, 0, 0, 0,4444321                       ,    0,         0,0,20181120 19:38:28,4053                          , 9999, 9999, 9999,  101,32767,     0,     0
 ED5.2,6962760                       ,8017                          ,CARMEN SOFIA CAD    ,6952      ,                ,  101,                    ,                              , 0,1,20181120 19:39:03,    0,         0,        88,  401,   80,  101,2,                ,0010000,0, 0,         0,    0,0000000000000000000000000000000000000000,0000000000000000000000010000000000001000,         0,         0,         0,         0,1, 0, 0, 0,6962760                       ,    0,         0,0,20181120 19:37:35,8017                          , 9999, 9999, 9999,  101,32767,     0,     0
 ED5.2,4444321                       ,4053                          ,OLGA BARRERA        ,2318      ,                ,  101,                    ,                              , 0,2,20181120 19:39:04,    0,         0,        15, 2395,   15,  101,2,                ,0010000,2, 1,         0,    0,1000000000000000000000000000000000000000,0000000000000000000000010000000000001000,         0,         0,         0,         0,1, 0, 0, 0,4444321                       ,    0,         0,0,20181120 19:38:49,4053                          , 9999, 9999, 9999,  101,32767,     0,     0
 ED5.2,7777                          ,1176                          ,                    ,1632      ,                ,  101,                    ,                              , 3,0,20181120 19:39:11,    0,         0,         0,65535,65535, 9999,2,                ,0000000,0, 0,         0,    0,0000000000000000000000000000000000000000,0000000000000000000000000000000000000000,         0,         0,         0,         0,1, 0, 0, 0,7777                          ,    0,         0,0,20181120 19:39:11,1176                          ,  101, 9999,  101,  101,    0,     0,     0
 ED5.2,4444321                       ,4053                          ,OLGA BARRERA        ,2318      ,                ,  101,                    ,                              , 0,2,20181120 19:39:24,    0,         0,        16, 2395,   15,  101,2,                ,0010000,2, 1,         0,    0,1000000000000000000000000000000000000000,0000000000000000000000010000000000001000,         0,         0,         0,         0,1, 0, 0, 0,4444321                       ,    0,         0,0,20181120 19:39:08,4053                          , 9999, 9999, 9999,  101,32767,     0,     0
 ED5.2,1536                          ,1736                          ,                    ,1635      ,                ,  101,                    ,                              ,14,0,20181120 19:43:33,    0,         0,         6,65535,65535, 9999,2,                ,0000000,0, 0,         0,    0,0000000000000000000000000000000000000000,0000000000000000000000000000000000000000,         0,         0,         0,         0,1, 0, 0, 0,1536                          ,    0,         6,0,20181120 19:43:27,1736                          ,  101, 9999,  101,  101,    0,     0,     0
 ED5.2,1699                          ,13814500                      ,                    ,          ,                ,  101,                    ,                              , 7,2,20181120 19:43:43,    0,         0,         0, 1951,   11,  101,2,                ,0010000,2, 1,         0,    0,1000000000000000000000000000000000000000,0000000000000000000000010000000000000000,         0,         0,         0,         0,1, 0, 0, 0,                              ,    0,         0,0,20181120 19:43:43,                              , 9999, 9999, 9999, 9999,32767,     0,     0
 ED5.2,                              ,7500                          ,Recep Bogota        ,          ,                ,  101,                    ,                              , 4,1,20181120 19:45:22,    0,         0,         0,  377,   21,  101,2,                ,0000000,0, 0,         0,    0,0000000000000000000000000000000000000000,0000000000000000000000010000000000000000,         0,         0,         0,         0,1, 0, 0, 0,                              ,   23,         0,1,20181120 19:45:22,                              , 9999, 9999, 9999, 9999,32767,     0,     0
 ED5.2,3814060                       ,1600                          ,RECEPCION COUNTR    ,1635      ,                ,  101,                    ,                              , 4,2,20181120 19:45:37,    0,         0,        63,  120,   20,  101,2,                ,0000000,2, 0,         0,    0,0000000000000000000000000000000000000000,0000000000000000000000010000000000000000,         0,         0,         0,         0,1, 0, 0, 0,A800                          ,   63,         0,1,20181120 19:44:34,                              , 9999, 9999, 9999, 9999,32767,     0,     0
 ED5.2,                              ,7500                          ,Recep Bogota        ,          ,                ,  101,                    ,                              , 4,1,20181120 19:46:22,    0,         0,         0,  377,   21,  101,2,                ,0000000,0, 0,         0,    0,0000000000000000000000000000000000000000,0000000000000000000000010000000000000000,         0,         0,         0,         0,1, 0, 0, 0,                              ,   22,         0,1,20181120 19:46:22,                              , 9999, 9999, 9999, 9999,32767,     0,     0
 ED5.2,1384                          ,1187                          ,                    ,1945      ,                ,  101,                    ,                              ,14,0,20181120 19:50:08,    0,         0,         0,65535,65535, 9999,2,                ,0000000,0, 0,         0,    0,0000000000000000000000000000000000000000,0000000000000000000000000000000000000000,         0,         0,         0,         0,1, 0, 0, 0,1384                          ,    0,         0,0,20181120 19:50:08,1187                          ,  101, 9999,  101,  101,    0,     0,     0
 ED5.2,254830                        ,1252                          ,ANA CAROLINA FAJ    ,1215      ,                ,  101,                    ,                              , 4,2,20181120 19:50:59,    0,         0,        67,  120,   20,  101,2,                ,0000000,3, 0,         0,    0,0000000000000000000000000000000000000000,0000000000000000000000010000000000000000,         0,         0,         0,         0,1, 0, 0, 0,A800                          ,   68,         0,0,20181120 19:49:52,                              , 9999, 9999, 9999, 9999,32767,     0,     0
 ED5.2,8947141                       ,1364                          ,LUIS FERNELY BER    ,1632      ,                ,  101,                    ,                              , 0,2,20181120 19:51:37,    0,         0,        88, 2817,   82,  101,2,                ,0010000,2, 1,         0,    0,1000000000000000000000000000000000000000,0000000000000000000000010000000000001000,         0,         0,         0,         0,1, 0, 0, 0,8947141                       ,    0,         0,0,20181120 19:50:09,1364                          , 9999, 9999, 9999,  101,32767,     0,     0
 ED5.2,663163835901                  ,FS020                         ,ETB                 ,          ,                ,  101,                    ,                              , 4,2,20181120 19:52:14,    0,         0,         4,  121,   20,  101,2,                ,0000000,3, 0,         0,    0,0000000000000000000000000000000000000000,0000000000000000000000010000000000000000,         0,         0,         0,         0,1, 0, 0, 0,A800                          ,    5,         0,0,20181120 19:52:10,                              , 9999, 9999, 9999, 9999,32767,     0,     0
 ED5.2,7420719                       ,1340                          ,RECEPCION MORATO    ,1635      ,                ,  101,                    ,                              , 4,2,20181120 19:52:23,    0,         0,        36,  120,   20,  101,2,                ,0000000,3, 0,         0,    0,0000000000000000000000000000000000000000,0000000000000000000000010000000000000000,         0,         0,         0,         0,1, 0, 0, 0,A800                          ,   37,         0,1,20181120 19:51:47,                              , 9999, 9999, 9999, 9999,32767,     0,     0
 ED5.2,1265                          ,1187                          ,                    ,1945      ,                ,  101,                    ,                              ,14,0,20181120 19:52:23,    0,         0,       130,65535,65535, 9999,2,                ,0000000,0, 0,         0,    0,0000000000000000000000000000000000000000,0000000000000000000000000000000000000000,         0,         0,         0,         0,1, 0, 0, 0,1265                          ,    0,       130,0,20181120 19:50:13,1187                          ,  101, 9999,  101,  101,    0,     0,     0
 ED5.2,1370                          ,1415                          ,                    ,1945      ,                ,  101,                    ,                              ,14,0,20181120 19:52:42,    0,         0,       445,65535,65535, 9999,2,                ,0000000,0, 0,         0,    0,0000000000000000000000000000000000000000,0000000000000000000000000000000000000000,         0,         0,         0,         0,1, 0, 0, 0,1370                          ,    0,       445,0,20181120 19:45:17,1415                          ,  101, 9999,  101,  101,    0,     0,     0
 ED5.2,6082228                       ,2024                          ,ILSE MARGARI MEL    ,4952      ,                ,  101,                    ,                              , 0,2,20181120 19:57:04,    0,         0,       413,  326,   65,  101,2,                ,0010000,2, 1,         0,    0,1000000000000000000000000000000000000000,0000000000000000000000010000000000001000,         0,         0,         0,         0,1, 0, 0, 0,6082228                       ,    0,         0,0,20181120 19:50:11,2024                          , 9999, 9999, 9999,  101,32767,     0,     0
 ED5.2,1895                          ,1736                          ,                    ,1635      ,                ,  101,                    ,                              ,14,0,20181120 19:59:02,    0,         0,         0,65535,65535, 9999,2,                ,0000000,0, 0,         0,    0,0000000000000000000000000000000000000000,0000000000000000000000000000000000000000,         0,         0,         0,         0,1, 0, 0, 0,1895                          ,    0,         0,0,20181120 19:59:02,1736                          ,  101, 9999,  101,  101,    0,     0,     0
 ED5.2,3705460                       ,2024                          ,ILSE MARGARI MEL    ,4952      ,                ,  101,                    ,                              , 0,2,20181120 19:59:09,    0,         0,        63,  327,   65,  101,2,                ,0010000,2, 1,         0,    0,1000000000000000000000000000000000000000,0000000000000000000000010000000000001000,         0,         0,         0,         0,1, 0, 0, 0,3705460                       ,    0,         0,0,20181120 19:58:06,2024                          , 9999, 9999, 9999,  101,32767,     0,     0
 ED5.2,1462                          ,1736                          ,                    ,1635      ,                ,  101,                    ,                              ,14,0,20181120 19:59:20,    0,         0,         6,65535,65535, 9999,2,                ,0000000,0, 0,         0,    0,0000000000000000000000000000000000000000,0000000000000000000000000000000000000000,         0,         0,         0,         0,1, 0, 0, 0,1462                          ,    0,         6,0,20181120 19:59:14,1736                          ,  101, 9999,  101,  101,    0,     0,     0
 ED5.2,1074                          ,1736                          ,                    ,1635      ,                ,  101,                    ,                              ,14,0,20181120 19:59:45,    0,         0,         0,65535,65535, 9999,2,                ,0000000,0, 0,         0,    0,0000000000000000000000000000000000000000,0000000000000000000000000000000000000000,         0,         0,         0,         0,1, 0, 0, 0,1074                          ,    0,         0,0,20181120 19:59:45,1736                          ,  101, 9999,  101,  101,    0,     0,     0
 ED5.2,1374                          ,1067                          ,                    ,1952      ,                ,  101,                    ,                              ,14,0,20181120 19:59:45,    0,         0,         0,65535,65535, 9999,2,                ,0000000,0, 0,         0,    0,0000000000000000000000000000000000000000,0000000000000000000000000000000000000000,         0,         0,         0,         0,1, 0, 0, 0,1374                          ,    0,         0,0,20181120 19:59:45,1067                          ,  101, 9999,  101,  101,    0,     0,     0
 ED5.2,1346                          ,1067                          ,                    ,1952      ,                ,  101,                    ,                              ,14,0,20181120 19:59:49,    0,         0,         0,65535,65535, 9999,2,                ,0000000,0, 0,         0,    0,0000000000000000000000000000000000000000,0000000000000000000000000000000000000000,         0,         0,         0,         0,1, 0, 0, 0,1374                          ,    0,         0,1,20181120 19:59:49,1067                          ,  101, 9999,  101,  101,    0,     0,     0
 ED5.2,1853                          ,1736                          ,                    ,1635      ,                ,  101,                    ,                              ,14,0,20181120 20:00:00,    0,         0,         0,65535,65535, 9999,2,                ,0000000,0, 0,         0,    0,0000000000000000000000000000000000000000,0000000000000000000000000000000000000000,         0,         0,         0,         0,1, 0, 0, 0,1074                          ,    0,         0,1,20181120 20:00:00,1736                          ,  101, 9999,  101,  101,    0,     0,     0
