 ED5.2,1350                          ,1822                          ,                    ,1632      ,                ,  101,                    ,                              ,14,0,20190102 23:12:21,    0,         0,        29,65535,65535, 9999,2,                ,0000000,0, 0,         0,    0,0000000000000000000000000000000000000000,0000000000000000000000000000000000000000,         0,         0,         0,         0,1, 0, 0, 0,1350                          ,    0,        29,0,20190102 23:11:52,1822                          ,  101, 9999,  101,  101,    0,     0,     0
 ED5.2,1447                          ,1351                          ,                    ,1949      ,                ,  101,                    ,                              ,14,0,20190102 23:13:51,    0,         0,        98,65535,65535, 9999,2,                ,0000000,0, 0,         0,    0,0000000000000000000000000000000000000000,0000000000000000000000000000000000000000,         0,         0,         0,         0,1, 0, 0, 0,1447                          ,    0,        98,0,20190102 23:12:13,1351                          ,  101, 9999,  101,  101,    0,     0,     0
 ED5.2,1032                          ,1851                          ,                    ,1979      ,                ,  101,                    ,                              ,14,0,20190102 23:17:14,    0,         0,        43,65535,65535, 9999,2,                ,0000000,0, 0,         0,    0,0000000000000000000000000000000000000000,0000000000000000000000000000000000000000,         0,         0,         0,         0,1, 0, 0, 0,1032                          ,    0,        43,0,20190102 23:16:31,1851                          ,  101, 9999,  101,  101,    0,     0,     0
 ED5.2,3178807620                    ,1351                          ,LILIANA BARRERA     ,1949      ,                ,  101,                    ,                              , 0,1,20190102 23:24:56,    0,         0,        16,  378,   21,  101,2,                ,0010000,0, 0,         0,    0,0000000000000000000000000000000000000000,0000000000000000000000010000000000001000,         0,         0,         0,         0,1, 0, 0, 0,033178807620                  ,    0,         0,0,20190102 23:24:40,1351                          , 9999, 9999, 9999,  101,32767,     0,     0
 ED5.2,                              ,7500                          ,Recep Bogota        ,          ,                ,  101,                    ,                              , 4,1,20190102 23:25:45,    0,         0,         0,  378,   21,  101,2,                ,0000000,0, 0,         0,    0,0000000000000000000000000000000000000000,0000000000000000000000010000000000000000,         0,         0,         0,         0,1, 0, 0, 0,                              ,   16,         0,1,20190102 23:25:45,                              , 9999, 9999, 9999, 9999,32767,     0,     0
 ED5.2,1032                          ,1351                          ,                    ,1949      ,                ,  101,                    ,                              ,14,0,20190102 23:28:01,    0,         0,         0,65535,65535, 9999,2,                ,0000000,0, 0,         0,    0,0000000000000000000000000000000000000000,0000000000000000000000000000000000000000,         0,         0,         0,         0,1, 0, 0, 0,1032                          ,    0,         0,0,20190102 23:28:01,1351                          ,  101, 9999,  101,  101,    0,     0,     0
 ED5.2,1449                          ,1351                          ,                    ,1949      ,                ,  101,                    ,                              ,14,0,20190102 23:28:17,    0,         0,         0,65535,65535, 9999,2,                ,0000000,0, 0,         0,    0,0000000000000000000000000000000000000000,0000000000000000000000000000000000000000,         0,         0,         0,         0,1, 0, 0, 0,1032                          ,    0,         0,1,20190102 23:28:17,1351                          ,  101, 9999,  101,  101,    0,     0,     0
 ED5.2,1365                          ,1351                          ,                    ,1949      ,                ,  101,                    ,                              ,14,0,20190102 23:28:32,    0,         0,         0,65535,65535, 9999,2,                ,0000000,0, 0,         0,    0,0000000000000000000000000000000000000000,0000000000000000000000000000000000000000,         0,         0,         0,         0,1, 0, 0, 0,1032                          ,    0,         0,1,20190102 23:28:32,1351                          ,  101, 9999,  101,  101,    0,     0,     0
 ED5.2,1350                          ,1351                          ,                    ,1949      ,                ,  101,                    ,                              ,14,0,20190102 23:28:48,    0,         0,         0,65535,65535, 9999,2,                ,0000000,0, 0,         0,    0,0000000000000000000000000000000000000000,0000000000000000000000000000000000000000,         0,         0,         0,         0,1, 0, 0, 0,1032                          ,    0,         0,1,20190102 23:28:48,1351                          ,  101, 9999,  101,  101,    0,     0,     0
 ED5.2,1820                          ,1351                          ,                    ,1949      ,                ,  101,                    ,                              ,14,0,20190102 23:29:03,    0,         0,         0,65535,65535, 9999,2,                ,0000000,0, 0,         0,    0,0000000000000000000000000000000000000000,0000000000000000000000000000000000000000,         0,         0,         0,         0,1, 0, 0, 0,1032                          ,    0,         0,1,20190102 23:29:03,1351                          ,  101, 9999,  101,  101,    0,     0,     0
 ED5.2,1821                          ,1351                          ,                    ,1949      ,                ,  101,                    ,                              ,14,0,20190102 23:29:04,    0,         0,         0,65535,65535, 9999,2,                ,0000000,0, 0,         0,    0,0000000000000000000000000000000000000000,0000000000000000000000000000000000000000,         0,         0,         0,         0,1, 0, 0, 0,1032                          ,    0,         0,1,20190102 23:29:04,1351                          ,  101, 9999,  101,  101,    0,     0,     0
 ED5.2,1351                          ,1032                          ,                    ,1632      ,                ,  101,                    ,                              ,14,0,20190102 23:32:12,    0,         0,       186,65535,65535, 9999,2,                ,0000000,0, 0,         0,    0,0000000000000000000000000000000000000000,0000000000000000000000000000000000000000,         0,         0,         0,         0,1, 0, 0, 0,1351                          ,    0,       186,0,20190102 23:29:06,1032                          ,  101, 9999,  101,  101,    0,     0,     0
 ED5.2,1351                          ,1447                          ,                    ,1632      ,                ,  101,                    ,                              ,14,0,20190102 23:36:42,    0,         0,        89,65535,65535, 9999,2,                ,0000000,0, 0,         0,    0,0000000000000000000000000000000000000000,0000000000000000000000000000000000000000,         0,         0,         0,         0,1, 0, 0, 0,1351                          ,    0,        89,0,20190102 23:35:13,1447                          ,  101, 9999,  101,  101,    0,     0,     0
 ED5.2,3948092                       ,1239                          ,WILLINTONG MUNOZ    ,1949      ,                ,  101,                    ,                              , 4,2,20190102 23:37:59,    0,         0,       132,  120,   20,  101,2,                ,0000000,3, 0,         0,    0,0000000000000000000000000000000000000000,0000000000000000000000010000000000000000,         0,         0,         0,         0,1, 0, 0, 0,A800                          ,    8,       125,0,20190102 23:35:47,                              , 9999, 9999, 9999, 9999,32767,     0,     0
 ED5.2,3134                          ,1030                          ,                    ,1632      ,                ,  101,                    ,                              ,14,0,20190102 23:48:37,    0,         0,         0,65535,65535, 9999,2,                ,0000000,0, 0,         0,    0,0000000000000000000000000000000000000000,0000000000000000000000000000000000000000,         0,         0,         0,         0,1, 0, 0, 0,3134                          ,    0,         0,0,20190102 23:48:37,1030                          ,  101, 9999,  101,  101,    0,     0,     0
 ED5.2,3006380392                    ,3228                          ,ALBA ROSA BOTERO    ,1979      ,                ,  101,                    ,                              , 0,1,20190102 23:49:17,    0,         0,        28,  377,   21,  101,2,                ,0010000,0, 0,         0,    0,0000000000000000000000000000000000000000,0000000000000000000000010000000000001000,         0,         0,         0,         0,1, 0, 0, 0,033006380392                  ,    0,         0,0,20190102 23:48:49,3228                          , 9999, 9999, 9999,  101,32767,     0,     0
 ED5.2,3948092                       ,1239                          ,WILLINTONG MUNOZ    ,1949      ,                ,  101,                    ,                              , 0,2,20190103 00:04:11,    0,         0,         0,10001,   11,  101,2,                ,0010000,2, 1,         0,    0,1000000000000000000000000000000000000000,0000000000000000000000010000000000001000,         0,         0,         0,         0,1, 0, 0, 0,3948092                       ,    0,         0,0,20190103 00:04:11,1239                          , 9999, 9999, 9999,  101,32767,     0,     0
