 ED5.2,6604869                       ,1034                          ,JORGE ARMAND NAV    ,1632      ,                ,  101,                    ,                              , 0,2,20181125 12:05:00,    0,         0,       553, 1951,   11,  101,2,                ,0010000,2, 1,         0,    0,1000000000000000000000000000000000000000,0000000000000000000000010000000000001000,         0,         0,         0,         0,1, 0, 0, 0,6604869                       ,    0,         0,0,20181125 11:55:47,1034                          , 9999, 9999, 9999,  101,32767,     0,     0
 ED5.2,1176                          ,1532                          ,                    ,1632      ,                ,  101,                    ,                              ,14,0,20181125 12:15:18,    0,         0,        18,65535,65535, 9999,2,                ,0000000,0, 0,         0,    0,0000000000000000000000000000000000000000,0000000000000000000000000000000000000000,         0,         0,         0,         0,1, 0, 0, 0,1176                          ,    0,        18,0,20181125 12:15:00,1532                          ,  101, 9999,  101,  101,    0,     0,     0
 ED5.2,1312                          ,1532                          ,                    ,1632      ,                ,  101,                    ,                              ,14,0,20181125 12:17:00,    0,         0,        59,65535,65535, 9999,2,                ,0000000,0, 0,         0,    0,0000000000000000000000000000000000000000,0000000000000000000000000000000000000000,         0,         0,         0,         0,1, 0, 0, 0,1312                          ,    0,        59,0,20181125 12:16:01,1532                          ,  101, 9999,  101,  101,    0,     0,     0
 ED5.2,1559                          ,2067                          ,                    ,4632      ,                ,  101,                    ,                              ,14,0,20181125 12:25:03,    0,         0,        48,65535,65535, 9999,2,                ,0000000,0, 0,         0,    0,0000000000000000000000000000000000000000,0000000000000000000000000000000000000000,         0,         0,         0,         0,1, 0, 0, 0,1559                          ,    0,        48,0,20181125 12:24:15,2067                          ,  101, 9999,  101,  101,    0,     0,     0
 ED5.2,1818                          ,1525                          ,                    ,1632      ,                ,  101,                    ,                              ,14,0,20181125 12:29:21,    0,         0,         6,65535,65535, 9999,2,                ,0000000,0, 0,         0,    0,0000000000000000000000000000000000000000,0000000000000000000000000000000000000000,         0,         0,         0,         0,1, 0, 0, 0,1818                          ,    0,         6,0,20181125 12:29:15,1525                          ,  101, 9999,  101,  101,    0,     0,     0
 ED5.2,1664                          ,1493                          ,                    ,1634      ,                ,  101,                    ,                              ,14,0,20181125 12:29:23,    0,         0,       109,65535,65535, 9999,2,                ,0000000,0, 0,         0,    0,0000000000000000000000000000000000000000,0000000000000000000000000000000000000000,         0,         0,         0,         0,1, 0, 0, 0,1664                          ,    0,       109,0,20181125 12:27:34,1493                          ,  101, 9999,  101,  101,    0,     0,     0
 ED5.2,1525                          ,1818                          ,                    ,1632      ,                ,  101,                    ,                              ,14,0,20181125 12:30:52,    0,         0,         0,65535,65535, 9999,2,                ,0000000,0, 0,         0,    0,0000000000000000000000000000000000000000,0000000000000000000000000000000000000000,         0,         0,         0,         0,1, 0, 0, 0,1525                          ,    0,         0,0,20181125 12:30:52,1818                          ,  101, 9999,  101,  101,    0,     0,     0
 ED5.2,1890                          ,1818                          ,                    ,1632      ,                ,  101,                    ,                              ,14,0,20181125 12:30:58,    0,         0,         0,65535,65535, 9999,2,                ,0000000,0, 0,         0,    0,0000000000000000000000000000000000000000,0000000000000000000000000000000000000000,         0,         0,         0,         0,1, 0, 0, 0,1525                          ,    0,         0,1,20181125 12:30:58,1818                          ,  101, 9999,  101,  101,    0,     0,     0
 ED5.2,1525                          ,1818                          ,                    ,1632      ,                ,  101,                    ,                              ,14,0,20181125 12:31:05,    0,         0,         0,65535,65535, 9999,2,                ,0000000,0, 0,         0,    0,0000000000000000000000000000000000000000,0000000000000000000000000000000000000000,         0,         0,         0,         0,1, 0, 0, 0,1525                          ,    0,         0,0,20181125 12:31:05,1818                          ,  101, 9999,  101,  101,    0,     0,     0
 ED5.2,6604869                       ,1357                          ,JUAN SEBASTI ARA    ,1632      ,                ,  101,                    ,                              , 0,2,20181125 12:31:10,    0,         0,      1185, 1951,   11,  101,2,                ,0010000,2, 1,         0,    0,1000000000000000000000000000000000000000,0000000000000000000000010000000000001000,         0,         0,         0,         0,1, 0, 0, 0,6604869                       ,    0,         0,0,20181125 12:11:25,1357                          , 9999, 9999, 9999,  101,32767,     0,     0
 ED5.2,8836173                       ,2061                          ,PAOLA ANDREA GAR    ,4632      ,                ,  101,                    ,                              , 0,2,20181125 12:37:39,    0,         0,        20,  315,   65,  101,2,                ,0010000,2, 1,         0,    0,1000000000000000000000000000000000000000,0000000000000000000000010000000000001000,         0,         0,         0,         0,1, 0, 0, 0,8836173                       ,    0,         0,0,20181125 12:37:19,2061                          , 9999, 9999, 9999,  101,32767,     0,     0
 ED5.2,7497987                       ,1493                          ,LAURA MARCEL MOR    ,1634      ,                ,  101,                    ,                              , 0,2,20181125 12:38:48,    0,         0,        43, 1951,   11,  101,2,                ,0010000,2, 1,         0,    0,1000000000000000000000000000000000000000,0000000000000000000000010000000000001000,         0,         0,         0,         0,1, 0, 0, 0,7497987                       ,    0,         0,0,20181125 12:38:05,1493                          , 9999, 9999, 9999,  101,32767,     0,     0
 ED5.2,4055                          ,1222                          ,                    ,1632      ,                ,  101,                    ,                              ,14,0,20181125 12:41:33,    0,         0,       192,65535,65535, 9999,2,                ,0000000,0, 0,         0,    0,0000000000000000000000000000000000000000,0000000000000000000000000000000000000000,         0,         0,         0,         0,1, 0, 0, 0,4055                          ,    0,       192,0,20181125 12:38:21,1222                          ,  101, 9999,  101,  101,    0,     0,     0
 ED5.2,3814500                       ,FS020                         ,ETB                 ,          ,                ,  101,                    ,                              , 4,2,20181125 12:41:34,    0,         0,         3,  121,   20,  101,2,                ,0000000,2, 0,         0,    0,0000000000000000000000000000000000000000,0000000000000000000000010000000000000000,         0,         0,         0,         0,1, 0, 0, 0,A800                          ,    3,         0,0,20181125 12:41:31,                              , 9999, 9999, 9999, 9999,32767,     0,     0
 ED5.2,0749055110                    ,1736                          ,RECEPCION 2 MORA    ,1635      ,                ,  101,                    ,                              , 4,2,20181125 12:43:40,    0,         0,       127,  122,   20,  101,2,                ,0000000,3, 0,         0,    0,0000000000000000000000000000000000000000,0000000000000000000000010000000000000000,         0,         0,         0,         0,1, 0, 0, 0,A800                          ,  127,         0,1,20181125 12:41:33,                              , 9999, 9999, 9999, 9999,32767,     0,     0
 ED5.2,8836173                       ,2061                          ,PAOLA ANDREA GAR    ,4632      ,                ,  101,                    ,                              , 0,2,20181125 12:53:34,    0,         0,        94,  316,   65,  101,2,                ,0010000,2, 1,         0,    0,1000000000000000000000000000000000000000,0000000000000000000000010000000000001000,         0,         0,         0,         0,1, 0, 0, 0,8836173                       ,    0,         0,0,20181125 12:52:00,2061                          , 9999, 9999, 9999,  101,32767,     0,     0
 ED5.2,1818                          ,1525                          ,                    ,1632      ,                ,  101,                    ,                              ,14,0,20181125 13:01:03,    0,         0,       757,65535,65535, 9999,2,                ,0000000,0, 0,         0,    0,0000000000000000000000000000000000000000,0000000000000000000000000000000000000000,         0,         0,         0,         0,1, 0, 0, 0,1818                          ,    0,       757,0,20181125 12:48:26,1525                          ,  101, 9999,  101,  101,    0,     0,     0
