 ED5.2,1439                          ,1736                          ,                    ,1635      ,                ,  101,                    ,                              ,14,0,20190111 20:03:16,    0,         0,         4,65535,65535, 9999,2,                ,0000000,0, 0,         0,    0,0000000000000000000000000000000000000000,0000000000000000000000000000000000000000,         0,         0,         0,         0,1, 0, 0, 0,1439                          ,    0,         4,0,20190111 20:03:12,1736                          ,  101, 9999,  101,  101,    0,     0,     0
 ED5.2,1525                          ,1736                          ,                    ,1635      ,                ,  101,                    ,                              ,14,0,20190111 20:03:59,    0,         0,         0,65535,65535, 9999,2,                ,0000000,0, 0,         0,    0,0000000000000000000000000000000000000000,0000000000000000000000000000000000000000,         0,         0,         0,         0,1, 0, 0, 0,1525                          ,    0,         0,0,20190111 20:03:59,1736                          ,  101, 9999,  101,  101,    0,     0,     0
 ED5.2,1890                          ,1736                          ,                    ,1635      ,                ,  101,                    ,                              ,14,0,20190111 20:04:14,    0,         0,         0,65535,65535, 9999,2,                ,0000000,0, 0,         0,    0,0000000000000000000000000000000000000000,0000000000000000000000000000000000000000,         0,         0,         0,         0,1, 0, 0, 0,1525                          ,    0,         0,1,20190111 20:04:14,1736                          ,  101, 9999,  101,  101,    0,     0,     0
 ED5.2,1889                          ,1736                          ,                    ,1635      ,                ,  101,                    ,                              ,14,0,20190111 20:04:24,    0,         0,         7,65535,65535, 9999,2,                ,0000000,0, 0,         0,    0,0000000000000000000000000000000000000000,0000000000000000000000000000000000000000,         0,         0,         0,         0,1, 0, 0, 0,1525                          ,    0,         7,1,20190111 20:04:17,1736                          ,  101, 9999,  101,  101,    0,     0,     0
 ED5.2,5142                          ,1468                          ,                    ,1638      ,                ,  101,                    ,                              ,14,0,20190111 20:05:06,    0,         0,         0,65535,65535, 9999,2,                ,0000000,0, 0,         0,    0,0000000000000000000000000000000000000000,0000000000000000000000000000000000000000,         0,         0,         0,         0,1, 0, 0, 0,5142                          ,    0,         0,0,20190111 20:05:06,1468                          ,  101, 9999,  101,  101,    0,     0,     0
 ED5.2,2123505                       ,FS020                         ,ETB                 ,          ,                ,  101,                    ,                              , 4,2,20190111 20:06:05,    0,         0,        22,  120,   20,  101,2,                ,0000000,3, 0,         0,    0,0000000000000000000000000000000000000000,0000000000000000000000010000000000000000,         0,         0,         0,         0,1, 0, 0, 0,A800                          ,   23,         0,0,20190111 20:05:43,                              , 9999, 9999, 9999, 9999,32767,     0,     0
 ED5.2,6170533                       ,1763                          ,KAREN SANTOS N      ,1843      ,                ,  101,                    ,                              , 0,2,20190111 20:06:20,    0,         0,        13,10865,   82,  101,2,                ,0010000,2, 1,         0,    0,1000000000000000000000000000000000000000,0000000000000000000000010000000000001000,         0,         0,         0,         0,1, 0, 0, 0,6170533                       ,    0,         0,0,20190111 20:06:07,1763                          , 9999, 9999, 9999,  101,32767,     0,     0
 ED5.2,1005                          ,1228                          ,                    ,1949      ,                ,  101,                    ,                              ,14,0,20190111 20:06:29,    0,         0,        24,65535,65535, 9999,2,                ,0000000,0, 0,         0,    0,0000000000000000000000000000000000000000,0000000000000000000000000000000000000000,         0,         0,         0,         0,1, 0, 0, 0,1005                          ,    0,        24,0,20190111 20:06:05,1228                          ,  101, 9999,  101,  101,    0,     0,     0
 ED5.2,4077                          ,4087                          ,                    ,2952      ,                ,  101,                    ,                              ,14,0,20190111 20:06:47,    0,         0,         0,65535,65535, 9999,2,                ,0000000,0, 0,         0,    0,0000000000000000000000000000000000000000,0000000000000000000000000000000000000000,         0,         0,         0,         0,1, 0, 0, 0,4077                          ,    0,         0,0,20190111 20:06:47,4087                          ,  101, 9999,  101,  101,    0,     0,     0
 ED5.2,2123505                       ,3125                          ,ANDRES MAURI CAL    ,1673      ,                ,  101,                    ,                              , 4,2,20190111 20:07:05,    0,         0,        42,  120,   20,  101,2,                ,0000000,3, 0,         0,    0,0000000000000000000000000000000000000000,0000000000000000000000010000000000000000,         0,         0,         0,         0,1, 0, 0, 0,A800                          ,   26,        16,0,20190111 20:06:23,                              , 9999, 9999, 9999, 9999,32767,     0,     0
 ED5.2,1180                          ,1222                          ,                    ,1632      ,                ,  101,                    ,                              ,14,0,20190111 20:07:30,    0,         0,         0,65535,65535, 9999,2,                ,0000000,0, 0,         0,    0,0000000000000000000000000000000000000000,0000000000000000000000000000000000000000,         0,         0,         0,         0,1, 0, 0, 0,1180                          ,    0,         0,0,20190111 20:07:30,1222                          ,  101, 9999,  101,  101,    0,     0,     0
 ED5.2,1353                          ,1222                          ,                    ,1632      ,                ,  101,                    ,                              ,14,0,20190111 20:07:37,    0,         0,         0,65535,65535, 9999,2,                ,0000000,0, 0,         0,    0,0000000000000000000000000000000000000000,0000000000000000000000000000000000000000,         0,         0,         0,         0,1, 0, 0, 0,1353                          ,    0,         0,0,20190111 20:07:37,1222                          ,  101, 9999,  101,  101,    0,     0,     0
 ED5.2,1534                          ,1322                          ,                    ,1952      ,                ,  101,                    ,                              ,14,0,20190111 20:07:38,    0,         0,        92,65535,65535, 9999,2,                ,0000000,0, 0,         0,    0,0000000000000000000000000000000000000000,0000000000000000000000000000000000000000,         0,         0,         0,         0,1, 0, 0, 0,1534                          ,    0,        92,0,20190111 20:06:06,1322                          ,  101, 9999,  101,  101,    0,     0,     0
