 ED5.2,2001                          ,2059                          ,                    ,1425      ,                ,  101,                    ,                              ,14,0,20190119 13:01:36,    0,         0,       138,65535,65535, 9999,2,                ,0000000,0, 0,         0,    0,0000000000000000000000000000000000000000,0000000000000000000000000000000000000000,         0,         0,         0,         0,1, 0, 0, 0,2001                          ,    0,       138,0,20190119 12:59:18,2059                          ,  101, 9999,  101,  101,    0,     0,     0
 ED5.2,4850707                       ,2001                          ,SALAS JUNTAS 1      ,4635      ,                ,  101,                    ,                              , 0,2,20190119 13:02:38,    0,         0,         4,  300,   65,  101,2,                ,0010000,2, 1,         0,    0,1000000000000000000000000000000000000000,0000000000000000000000010000000000001000,         0,         0,         0,         0,1, 0, 0, 0,4850707                       ,    0,         0,0,20190119 13:02:34,2001                          , 9999, 9999, 9999,  101,32767,     0,     0
 ED5.2,6                             ,2059                          ,OLGA LUCIA MONTA    ,1425      ,                ,  101,                    ,                              , 0,2,20190119 13:03:23,    0,         0,         0,  301,   65,  101,2,                ,0010000,2, 1,         0,    0,1000000000000000000000000000000000000000,0000000000000000000000010000000000001000,         0,         0,         0,         0,1, 0, 0, 0,6                             ,    0,         0,0,20190119 13:03:23,2059                          , 9999, 9999, 9999,  101,32767,     0,     0
 ED5.2,6442200                       ,2059                          ,OLGA LUCIA MONTA    ,1425      ,                ,  101,                    ,                              , 0,2,20190119 13:03:57,    0,         0,        22,  302,   65,  101,2,                ,0010000,2, 1,         0,    0,1000000000000000000000000000000000000000,0000000000000000000000010000000000001000,         0,         0,         0,         0,1, 0, 0, 0,6442200                       ,    0,         0,0,20190119 13:03:35,2059                          , 9999, 9999, 9999,  101,32767,     0,     0
 ED5.2,6442200                       ,2044                          ,SANDRA PATRI RES    ,4425      ,                ,  101,                    ,                              , 0,2,20190119 13:04:58,    0,         0,        18,  303,   65,  101,2,                ,0010000,2, 1,         0,    0,1000000000000000000000000000000000000000,0000000000000000000000010000000000001000,         0,         0,         0,         0,1, 0, 0, 0,6442200                       ,    0,         0,0,20190119 13:04:40,2044                          , 9999, 9999, 9999,  101,32767,     0,     0
 ED5.2,4718077                       ,1444                          ,SANDRA YAMIL BAL    ,1632      ,                ,  101,                    ,                              , 0,2,20190119 13:07:32,    0,         0,         0,10001,   11,  101,2,                ,0010000,2, 1,         0,    0,1000000000000000000000000000000000000000,0000000000000000000000010000000000001000,         0,         0,         0,         0,1, 0, 0, 0,4718077                       ,    0,         0,0,20190119 13:07:32,1444                          , 9999, 9999, 9999,  101,32767,     0,     0
 ED5.2,8067648                       ,1444                          ,SANDRA YAMIL BAL    ,1632      ,                ,  101,                    ,                              , 0,2,20190119 13:08:48,    0,         0,        67,10001,   11,  101,2,                ,0010000,2, 1,         0,    0,1000000000000000000000000000000000000000,0000000000000000000000010000000000001000,         0,         0,         0,         0,1, 0, 0, 0,8067648                       ,    0,         0,0,20190119 13:07:41,1444                          , 9999, 9999, 9999,  101,32767,     0,     0
 ED5.2,6398080                       ,1600                          ,RECEPCION COUNTR    ,1635      ,                ,  101,                    ,                              , 4,2,20190119 13:11:23,    0,         0,        66,  120,   20,  101,2,                ,0000000,2, 0,         0,    0,0000000000000000000000000000000000000000,0000000000000000000000010000000000000000,         0,         0,         0,         0,1, 0, 0, 0,A800                          ,   67,         0,1,20190119 13:10:17,                              , 9999, 9999, 9999, 9999,32767,     0,     0
 ED5.2,2538534                       ,4017                          ,JUAN FERNAND SOL    ,2843      ,                ,  101,                    ,                              , 0,2,20190119 13:11:28,    0,         0,       194,10445,   15,  101,2,                ,0010000,2, 1,         0,    0,1000000000000000000000000000000000000000,0000000000000000000000010000000000001000,         0,         0,         0,         0,1, 0, 0, 0,2538534                       ,    0,         0,0,20190119 13:08:14,4017                          , 9999, 9999, 9999,  101,32767,     0,     0
 ED5.2,1699                          ,16398080                      ,                    ,          ,                ,  101,                    ,                              , 7,2,20190119 13:14:08,    0,         0,         0,10001,   11,  101,2,                ,0010000,2, 1,         0,    0,1000000000000000000000000000000000000000,0000000000000000000000010000000000000000,         0,         0,         0,         0,1, 0, 0, 0,                              ,    0,         0,0,20190119 13:14:08,                              , 9999, 9999, 9999, 9999,32767,     0,     0
 ED5.2,2044                          ,2001                          ,                    ,4635      ,                ,  101,                    ,                              ,14,0,20190119 13:18:05,    0,         0,         0,65535,65535, 9999,2,                ,0000000,0, 0,         0,    0,0000000000000000000000000000000000000000,0000000000000000000000000000000000000000,         0,         0,         0,         0,1, 0, 0, 0,2044                          ,    0,         0,0,20190119 13:18:05,2001                          ,  101, 9999,  101,  101,    0,     0,     0
 ED5.2,88                            ,2001                          ,                    ,4635      ,                ,  101,                    ,                              ,14,0,20190119 13:18:07,    0,         0,         2,65535,65535, 9999,2,                ,0000000,0, 0,         0,    0,0000000000000000000000000000000000000000,0000000000000000000000000000000000000000,         0,         0,         0,         0,1, 0, 0, 0,2044                          ,    0,         2,1,20190119 13:18:05,2001                          ,  101, 9999,  101,  101,    0,     0,     0
 ED5.2,2001                          ,2044                          ,                    ,4425      ,                ,  101,                    ,                              ,14,0,20190119 13:18:23,    0,         0,         8,65535,65535, 9999,2,                ,0000000,0, 0,         0,    0,0000000000000000000000000000000000000000,0000000000000000000000000000000000000000,         0,         0,         0,         0,1, 0, 0, 0,2001                          ,    0,         8,0,20190119 13:18:15,2044                          ,  101, 9999,  101,  101,    0,     0,     0
 ED5.2,1529                          ,1736                          ,                    ,1635      ,                ,  101,                    ,                              ,14,0,20190119 13:19:25,    0,         0,         0,65535,65535, 9999,2,                ,0000000,0, 0,         0,    0,0000000000000000000000000000000000000000,0000000000000000000000000000000000000000,         0,         0,         0,         0,1, 0, 0, 0,1529                          ,    0,         0,0,20190119 13:19:25,1736                          ,  101, 9999,  101,  101,    0,     0,     0
 ED5.2,1506                          ,1736                          ,                    ,1635      ,                ,  101,                    ,                              ,14,0,20190119 13:19:40,    0,         0,         0,65535,65535, 9999,2,                ,0000000,0, 0,         0,    0,0000000000000000000000000000000000000000,0000000000000000000000000000000000000000,         0,         0,         0,         0,1, 0, 0, 0,1529                          ,    0,         0,1,20190119 13:19:40,1736                          ,  101, 9999,  101,  101,    0,     0,     0
 ED5.2,3005973008                    ,4017                          ,JUAN FERNAND SOL    ,2843      ,                ,  101,                    ,                              , 0,2,20190119 13:19:41,    0,         0,       360,10349,   66,  101,2,                ,0010000,2, 1,         0,    0,1000000000000000000000000000000000000000,0000000000000000000000010000000000001000,         0,         0,         0,         0,1, 0, 0, 0,033005973008                  ,    0,         0,0,20190119 13:13:41,4017                          , 9999, 9999, 9999,  101,32767,     0,     0
 ED5.2,1529                          ,1736                          ,                    ,1635      ,                ,  101,                    ,                              ,14,0,20190119 13:19:56,    0,         0,         0,65535,65535, 9999,2,                ,0000000,0, 0,         0,    0,0000000000000000000000000000000000000000,0000000000000000000000000000000000000000,         0,         0,         0,         0,1, 0, 0, 0,1529                          ,    0,         0,1,20190119 13:19:56,1736                          ,  101, 9999,  101,  101,    0,     0,     0
 ED5.2,1506                          ,1736                          ,                    ,1635      ,                ,  101,                    ,                              ,14,0,20190119 13:20:01,    0,         0,         0,65535,65535, 9999,2,                ,0000000,0, 0,         0,    0,0000000000000000000000000000000000000000,0000000000000000000000000000000000000000,         0,         0,         0,         0,1, 0, 0, 0,1529                          ,    0,         0,1,20190119 13:20:01,1736                          ,  101, 9999,  101,  101,    0,     0,     0
 ED5.2,1526                          ,1736                          ,                    ,1635      ,                ,  101,                    ,                              ,14,0,20190119 13:20:50,    0,         0,         6,65535,65535, 9999,2,                ,0000000,0, 0,         0,    0,0000000000000000000000000000000000000000,0000000000000000000000000000000000000000,         0,         0,         0,         0,1, 0, 0, 0,1526                          ,    0,         6,0,20190119 13:20:44,1736                          ,  101, 9999,  101,  101,    0,     0,     0
 ED5.2,2044                          ,2001                          ,                    ,4635      ,                ,  101,                    ,                              ,14,0,20190119 13:21:56,    0,         0,         0,65535,65535, 9999,2,                ,0000000,0, 0,         0,    0,0000000000000000000000000000000000000000,0000000000000000000000000000000000000000,         0,         0,         0,         0,1, 0, 0, 0,2044                          ,    0,         0,0,20190119 13:21:56,2001                          ,  101, 9999,  101,  101,    0,     0,     0
 ED5.2,88                            ,2001                          ,                    ,4635      ,                ,  101,                    ,                              ,14,0,20190119 13:21:58,    0,         0,         2,65535,65535, 9999,2,                ,0000000,0, 0,         0,    0,0000000000000000000000000000000000000000,0000000000000000000000000000000000000000,         0,         0,         0,         0,1, 0, 0, 0,2044                          ,    0,         2,1,20190119 13:21:56,2001                          ,  101, 9999,  101,  101,    0,     0,     0
 ED5.2,2044                          ,2001                          ,                    ,4635      ,                ,  101,                    ,                              ,14,0,20190119 13:23:08,    0,         0,        39,65535,65535, 9999,2,                ,0000000,0, 0,         0,    0,0000000000000000000000000000000000000000,0000000000000000000000000000000000000000,         0,         0,         0,         0,1, 0, 0, 0,2044                          ,    0,        39,0,20190119 13:22:29,2001                          ,  101, 9999,  101,  101,    0,     0,     0
 ED5.2,1699                          ,16398080                      ,                    ,          ,                ,  101,                    ,                              , 7,2,20190119 13:24:08,    0,         0,         0,10001,   11,  101,2,                ,0010000,2, 1,         0,    0,1000000000000000000000000000000000000000,0000000000000000000000010000000000000000,         0,         0,         0,         0,1, 0, 0, 0,                              ,    0,         0,0,20190119 13:24:08,                              , 9999, 9999, 9999, 9999,32767,     0,     0
 ED5.2,4021                          ,4040                          ,YURLEY VANES GUA    ,2425      ,                ,  101,                    ,                              , 0,2,20190119 13:28:25,    0,         0,         0,10445,   15,  101,2,                ,0010000,2, 1,         0,    0,1000000000000000000000000000000000000000,0000000000000000000000010000000000001000,         0,         0,         0,         0,1, 0, 0, 0,4021                          ,    0,         0,0,20190119 13:28:25,4040                          , 9999, 9999, 9999,  101,32767,     0,     0
 ED5.2,4021                          ,4040                          ,YURLEY VANES GUA    ,2425      ,                ,  101,                    ,                              , 0,2,20190119 13:28:42,    0,         0,         0,10445,   15,  101,2,                ,0010000,2, 1,         0,    0,1000000000000000000000000000000000000000,0000000000000000000000010000000000001000,         0,         0,         0,         0,1, 0, 0, 0,4021                          ,    0,         0,0,20190119 13:28:42,4040                          , 9999, 9999, 9999,  101,32767,     0,     0
 ED5.2,4021                          ,4040                          ,YURLEY VANES GUA    ,2425      ,                ,  101,                    ,                              , 0,2,20190119 13:28:57,    0,         0,         0,10445,   15,  101,2,                ,0010000,2, 1,         0,    0,1000000000000000000000000000000000000000,0000000000000000000000010000000000001000,         0,         0,         0,         0,1, 0, 0, 0,4021                          ,    0,         0,0,20190119 13:28:57,4040                          , 9999, 9999, 9999,  101,32767,     0,     0
 ED5.2,4021                          ,4040                          ,YURLEY VANES GUA    ,2425      ,                ,  101,                    ,                              , 0,2,20190119 13:29:15,    0,         0,         0,10445,   15,  101,2,                ,0010000,2, 1,         0,    0,1000000000000000000000000000000000000000,0000000000000000000000010000000000001000,         0,         0,         0,         0,1, 0, 0, 0,4021                          ,    0,         0,0,20190119 13:29:15,4040                          , 9999, 9999, 9999,  101,32767,     0,     0
 ED5.2,4021                          ,4040                          ,YURLEY VANES GUA    ,2425      ,                ,  101,                    ,                              , 0,2,20190119 13:29:47,    0,         0,         0,10445,   15,  101,2,                ,0010000,2, 1,         0,    0,1000000000000000000000000000000000000000,0000000000000000000000010000000000001000,         0,         0,         0,         0,1, 0, 0, 0,4021                          ,    0,         0,0,20190119 13:29:47,4040                          , 9999, 9999, 9999,  101,32767,     0,     0
 ED5.2,1699                          ,16398080                      ,                    ,          ,                ,  101,                    ,                              , 7,2,20190119 13:30:19,    0,         0,         0,10001,   11,  101,2,                ,0010000,2, 1,         0,    0,1000000000000000000000000000000000000000,0000000000000000000000010000000000000000,         0,         0,         0,         0,1, 0, 0, 0,                              ,    0,         0,0,20190119 13:30:19,                              , 9999, 9999, 9999, 9999,32767,     0,     0
 ED5.2,4021                          ,4040                          ,YURLEY VANES GUA    ,2425      ,                ,  101,                    ,                              , 0,2,20190119 13:30:21,    0,         0,         0,10445,   15,  101,2,                ,0010000,2, 1,         0,    0,1000000000000000000000000000000000000000,0000000000000000000000010000000000001000,         0,         0,         0,         0,1, 0, 0, 0,4021                          ,    0,         0,0,20190119 13:30:21,4040                          , 9999, 9999, 9999,  101,32767,     0,     0
 ED5.2,663168334549                  ,FS082                         ,SIPsalida           ,          ,                ,  101,                    ,                              , 4,2,20190119 13:31:12,    0,         0,         4,10865,   82,  101,2,                ,0000000,2, 0,         0,    0,0000000000000000000000000000000000000000,0000000000000000000000010000000000000000,         0,         0,         0,         0,1, 0, 0, 0,A500                          ,    5,         0,0,20190119 13:31:08,                              , 9999, 9999, 9999, 9999,32767,     0,     0
 ED5.2,6398080                       ,1736                          ,RECEPCION 2 MORA    ,1635      ,                ,  101,                    ,                              , 4,2,20190119 13:34:01,    0,         0,        68,  120,   20,  101,2,                ,0000000,2, 0,         0,    0,0000000000000000000000000000000000000000,0000000000000000000000010000000000000000,         0,         0,         0,         0,1, 0, 0, 0,A800                          ,   68,         0,1,20190119 13:32:53,                              , 9999, 9999, 9999, 9999,32767,     0,     0
 ED5.2,                              ,7500                          ,Recep Bogota        ,          ,                ,  101,                    ,                              , 4,1,20190119 13:34:14,    0,         0,         0,  377,   21,  101,2,                ,0000000,0, 0,         0,    0,0000000000000000000000000000000000000000,0000000000000000000000010000000000000000,         0,         0,         0,         0,1, 0, 0, 0,                              ,   18,         0,1,20190119 13:34:14,                              , 9999, 9999, 9999, 9999,32767,     0,     0
 ED5.2,1699                          ,16398080                      ,                    ,          ,                ,  101,                    ,                              , 7,2,20190119 13:35:24,    0,         0,         0,10001,   11,  101,2,                ,0010000,2, 1,         0,    0,1000000000000000000000000000000000000000,0000000000000000000000010000000000000000,         0,         0,         0,         0,1, 0, 0, 0,                              ,    0,         0,0,20190119 13:35:24,                              , 9999, 9999, 9999, 9999,32767,     0,     0
 ED5.2,6398080                       ,1014                          ,RECEPCION LO COU    ,1635      ,                ,  101,                    ,                              , 4,2,20190119 13:35:28,    0,         0,        66,  120,   20,  101,2,                ,0000000,2, 0,         0,    0,0000000000000000000000000000000000000000,0000000000000000000000010000000000000000,         0,         0,         0,         0,1, 0, 0, 0,A800                          ,   66,         0,1,20190119 13:34:22,                              , 9999, 9999, 9999, 9999,32767,     0,     0
 ED5.2,                              ,FS082                         ,SIPsalida           ,          ,                ,  101,                    ,                              , 4,2,20190119 13:35:44,    0,         0,         5,10865,   82,  101,2,                ,0000000,2, 0,         0,    0,0000000000000000000000000000000000000000,0000000000000000000000010000000000000000,         0,         0,         0,         0,1, 0, 0, 0,A500                          ,    5,         0,0,20190119 13:35:39,                              , 9999, 9999, 9999, 9999,32767,     0,     0
 ED5.2,7436769                       ,FS020                         ,ETB                 ,          ,                ,  101,                    ,                              , 4,2,20190119 13:37:03,    0,         0,        25,  120,   20,  101,2,                ,0000000,3, 0,         0,    0,0000000000000000000000000000000000000000,0000000000000000000000010000000000000000,         0,         0,         0,         0,1, 0, 0, 0,A800                          ,   26,         0,0,20190119 13:36:38,                              , 9999, 9999, 9999, 9999,32767,     0,     0
 ED5.2,1371                          ,4055                          ,                    ,2635      ,                ,  101,                    ,                              ,14,0,20190119 13:38:39,    0,         0,         0,65535,65535, 9999,2,                ,0000000,0, 0,         0,    0,0000000000000000000000000000000000000000,0000000000000000000000000000000000000000,         0,         0,         0,         0,1, 0, 0, 0,1371                          ,    0,         0,0,20190119 13:38:39,4055                          ,  101, 9999,  101,  101,    0,     0,     0
 ED5.2,1304                          ,4055                          ,                    ,2635      ,                ,  101,                    ,                              ,14,0,20190119 13:38:53,    0,         0,         0,65535,65535, 9999,2,                ,0000000,0, 0,         0,    0,0000000000000000000000000000000000000000,0000000000000000000000000000000000000000,         0,         0,         0,         0,1, 0, 0, 0,1371                          ,    0,         0,1,20190119 13:38:53,4055                          ,  101, 9999,  101,  101,    0,     0,     0
 ED5.2,1038                          ,4055                          ,                    ,2635      ,                ,  101,                    ,                              ,14,0,20190119 13:39:05,    0,         0,         0,65535,65535, 9999,2,                ,0000000,0, 0,         0,    0,0000000000000000000000000000000000000000,0000000000000000000000000000000000000000,         0,         0,         0,         0,1, 0, 0, 0,1038                          ,    0,         0,0,20190119 13:39:05,4055                          ,  101, 9999,  101,  101,    0,     0,     0
 ED5.2,1699                          ,16398080                      ,                    ,          ,                ,  101,                    ,                              , 7,2,20190119 13:39:31,    0,         0,         0,10001,   11,  101,2,                ,0010000,2, 1,         0,    0,1000000000000000000000000000000000000000,0000000000000000000000010000000000000000,         0,         0,         0,         0,1, 0, 0, 0,                              ,    0,         0,0,20190119 13:39:31,                              , 9999, 9999, 9999, 9999,32767,     0,     0
 ED5.2,1222                          ,4055                          ,                    ,2635      ,                ,  101,                    ,                              ,14,0,20190119 13:39:33,    0,         0,         0,65535,65535, 9999,2,                ,0000000,0, 0,         0,    0,0000000000000000000000000000000000000000,0000000000000000000000000000000000000000,         0,         0,         0,         0,1, 0, 0, 0,1222                          ,    0,         0,0,20190119 13:39:33,4055                          ,  101, 9999,  101,  101,    0,     0,     0
 ED5.2,1038                          ,4055                          ,                    ,2635      ,                ,  101,                    ,                              ,14,0,20190119 13:39:50,    0,         0,         0,65535,65535, 9999,2,                ,0000000,0, 0,         0,    0,0000000000000000000000000000000000000000,0000000000000000000000000000000000000000,         0,         0,         0,         0,1, 0, 0, 0,1038                          ,    0,         0,0,20190119 13:39:50,4055                          ,  101, 9999,  101,  101,    0,     0,     0
 ED5.2,1534                          ,4055                          ,                    ,2635      ,                ,  101,                    ,                              ,14,0,20190119 13:39:52,    0,         0,         0,65535,65535, 9999,2,                ,0000000,0, 0,         0,    0,0000000000000000000000000000000000000000,0000000000000000000000000000000000000000,         0,         0,         0,         0,1, 0, 0, 0,1038                          ,    0,         0,1,20190119 13:39:52,4055                          ,  101, 9999,  101,  101,    0,     0,     0
 ED5.2,1559                          ,4055                          ,                    ,2635      ,                ,  101,                    ,                              ,14,0,20190119 13:40:14,    0,         0,         0,65535,65535, 9999,2,                ,0000000,0, 0,         0,    0,0000000000000000000000000000000000000000,0000000000000000000000000000000000000000,         0,         0,         0,         0,1, 0, 0, 0,1559                          ,    0,         0,0,20190119 13:40:14,4055                          ,  101, 9999,  101,  101,    0,     0,     0
 ED5.2,1041                          ,4055                          ,                    ,2635      ,                ,  101,                    ,                              ,14,0,20190119 13:40:30,    0,         0,         0,65535,65535, 9999,2,                ,0000000,0, 0,         0,    0,0000000000000000000000000000000000000000,0000000000000000000000000000000000000000,         0,         0,         0,         0,1, 0, 0, 0,1559                          ,    0,         0,1,20190119 13:40:30,4055                          ,  101, 9999,  101,  101,    0,     0,     0
 ED5.2,1525                          ,4055                          ,                    ,2635      ,                ,  101,                    ,                              ,14,0,20190119 13:40:41,    0,         0,         0,65535,65535, 9999,2,                ,0000000,0, 0,         0,    0,0000000000000000000000000000000000000000,0000000000000000000000000000000000000000,         0,         0,         0,         0,1, 0, 0, 0,1559                          ,    0,         0,1,20190119 13:40:41,4055                          ,  101, 9999,  101,  101,    0,     0,     0
 ED5.2,4033                          ,4077                          ,                    ,2952      ,                ,  101,                    ,                              ,14,0,20190119 13:41:09,    0,         0,        82,65535,65535, 9999,2,                ,0000000,0, 0,         0,    0,0000000000000000000000000000000000000000,0000000000000000000000000000000000000000,         0,         0,         0,         0,1, 0, 0, 0,4033                          ,    0,        82,0,20190119 13:39:47,4077                          ,  101, 9999,  101,  101,    0,     0,     0
 ED5.2,1699                          ,16398080                      ,                    ,          ,                ,  101,                    ,                              , 7,2,20190119 13:43:28,    0,         0,         0,10001,   11,  101,2,                ,0010000,2, 1,         0,    0,1000000000000000000000000000000000000000,0000000000000000000000010000000000000000,         0,         0,         0,         0,1, 0, 0, 0,                              ,    0,         0,0,20190119 13:43:28,                              , 9999, 9999, 9999, 9999,32767,     0,     0
 ED5.2,2044                          ,2001                          ,                    ,4635      ,                ,  101,                    ,                              ,14,0,20190119 13:46:41,    0,         0,         0,65535,65535, 9999,2,                ,0000000,0, 0,         0,    0,0000000000000000000000000000000000000000,0000000000000000000000000000000000000000,         0,         0,         0,         0,1, 0, 0, 0,2044                          ,    0,         0,0,20190119 13:46:41,2001                          ,  101, 9999,  101,  101,    0,     0,     0
 ED5.2,88                            ,2001                          ,                    ,4635      ,                ,  101,                    ,                              ,14,0,20190119 13:46:43,    0,         0,         2,65535,65535, 9999,2,                ,0000000,0, 0,         0,    0,0000000000000000000000000000000000000000,0000000000000000000000000000000000000000,         0,         0,         0,         0,1, 0, 0, 0,2044                          ,    0,         2,1,20190119 13:46:41,2001                          ,  101, 9999,  101,  101,    0,     0,     0
 ED5.2,2044                          ,2001                          ,                    ,4635      ,                ,  101,                    ,                              ,14,0,20190119 13:47:08,    0,         0,         0,65535,65535, 9999,2,                ,0000000,0, 0,         0,    0,0000000000000000000000000000000000000000,0000000000000000000000000000000000000000,         0,         0,         0,         0,1, 0, 0, 0,2044                          ,    0,         0,0,20190119 13:47:08,2001                          ,  101, 9999,  101,  101,    0,     0,     0
 ED5.2,88                            ,2001                          ,                    ,4635      ,                ,  101,                    ,                              ,14,0,20190119 13:47:08,    0,         0,         0,65535,65535, 9999,2,                ,0000000,0, 0,         0,    0,0000000000000000000000000000000000000000,0000000000000000000000000000000000000000,         0,         0,         0,         0,1, 0, 0, 0,2044                          ,    0,         0,1,20190119 13:47:08,2001                          ,  101, 9999,  101,  101,    0,     0,     0
 ED5.2,1699                          ,16398080                      ,                    ,          ,                ,  101,                    ,                              , 7,2,20190119 13:47:18,    0,         0,         0,10001,   11,  101,2,                ,0010000,2, 1,         0,    0,1000000000000000000000000000000000000000,0000000000000000000000010000000000000000,         0,         0,         0,         0,1, 0, 0, 0,                              ,    0,         0,0,20190119 13:47:18,                              , 9999, 9999, 9999, 9999,32767,     0,     0
 ED5.2,4077                          ,4017                          ,                    ,2843      ,                ,  101,                    ,                              ,14,0,20190119 13:48:20,    0,         0,       376,65535,65535, 9999,2,                ,0000000,0, 0,         0,    0,0000000000000000000000000000000000000000,0000000000000000000000000000000000000000,         0,         0,         0,         0,1, 0, 0, 0,4077                          ,    0,       376,0,20190119 13:42:04,4017                          ,  101, 9999,  101,  101,    0,     0,     0
 ED5.2,2001                          ,2059                          ,                    ,1425      ,                ,  101,                    ,                              ,14,0,20190119 13:48:21,    0,         0,        53,65535,65535, 9999,2,                ,0000000,0, 0,         0,    0,0000000000000000000000000000000000000000,0000000000000000000000000000000000000000,         0,         0,         0,         0,1, 0, 0, 0,2001                          ,    0,        53,0,20190119 13:47:28,2059                          ,  101, 9999,  101,  101,    0,     0,     0
 ED5.2,2001                          ,2044                          ,                    ,4425      ,                ,  101,                    ,                              ,14,0,20190119 13:49:16,    0,         0,        10,65535,65535, 9999,2,                ,0000000,0, 0,         0,    0,0000000000000000000000000000000000000000,0000000000000000000000000000000000000000,         0,         0,         0,         0,1, 0, 0, 0,2001                          ,    0,        10,0,20190119 13:49:06,2044                          ,  101, 9999,  101,  101,    0,     0,     0
 ED5.2,663188316770                  ,1600                          ,RECEPCION COUNTR    ,1635      ,                ,  101,                    ,                              , 4,2,20190119 13:52:47,    0,         0,        93,  120,   20,  101,2,                ,0000000,3, 0,         0,    0,0000000000000000000000000000000000000000,0000000000000000000000010000000000000000,         0,         0,         0,         0,1, 0, 0, 0,A800                          ,   94,         0,1,20190119 13:51:14,                              , 9999, 9999, 9999, 9999,32767,     0,     0
 ED5.2,6398080                       ,1736                          ,RECEPCION 2 MORA    ,1635      ,                ,  101,                    ,                              , 4,2,20190119 13:53:27,    0,         0,        66,  121,   20,  101,2,                ,0000000,2, 0,         0,    0,0000000000000000000000000000000000000000,0000000000000000000000010000000000000000,         0,         0,         0,         0,1, 0, 0, 0,A800                          ,   67,         0,1,20190119 13:52:21,                              , 9999, 9999, 9999, 9999,32767,     0,     0
 ED5.2,7436769                       ,FS020                         ,ETB                 ,          ,                ,  101,                    ,                              , 4,2,20190119 13:54:49,    0,         0,         4,  120,   20,  101,2,                ,0000000,3, 0,         0,    0,0000000000000000000000000000000000000000,0000000000000000000000010000000000000000,         0,         0,         0,         0,1, 0, 0, 0,A800                          ,    4,         0,0,20190119 13:54:45,                              , 9999, 9999, 9999, 9999,32767,     0,     0
 ED5.2,1699                          ,16398080                      ,                    ,          ,                ,  101,                    ,                              , 7,2,20190119 13:55:30,    0,         0,         0,10001,   11,  101,2,                ,0010000,2, 1,         0,    0,1000000000000000000000000000000000000000,0000000000000000000000010000000000000000,         0,         0,         0,         0,1, 0, 0, 0,                              ,    0,         0,0,20190119 13:55:30,                              , 9999, 9999, 9999, 9999,32767,     0,     0
 ED5.2,4850707                       ,2001                          ,SALAS JUNTAS 1      ,4635      ,                ,  101,                    ,                              , 0,2,20190119 13:57:13,    0,         0,         2,  302,   65,  101,2,                ,0010000,2, 1,         0,    0,1000000000000000000000000000000000000000,0000000000000000000000010000000000001000,         0,         0,         0,         0,1, 0, 0, 0,4850707                       ,    0,         0,0,20190119 13:57:11,2001                          , 9999, 9999, 9999,  101,32767,     0,     0
 ED5.2,8802811                       ,2001                          ,SALAS JUNTAS 1      ,4635      ,                ,  101,                    ,                              , 0,2,20190119 13:57:38,    0,         0,         6,  303,   65,  101,2,                ,0010000,2, 1,         0,    0,1000000000000000000000000000000000000000,0000000000000000000000010000000000001000,         0,         0,         0,         0,1, 0, 0, 0,8802811                       ,    0,         0,0,20190119 13:57:32,2001                          , 9999, 9999, 9999,  101,32767,     0,     0
 ED5.2,6442200                       ,2044                          ,SANDRA PATRI RES    ,4425      ,                ,  101,                    ,                              , 0,2,20190119 13:57:51,    0,         0,        14,  304,   65,  101,2,                ,0010000,2, 1,         0,    0,1000000000000000000000000000000000000000,0000000000000000000000010000000000001000,         0,         0,         0,         0,1, 0, 0, 0,6442200                       ,    0,         0,0,20190119 13:57:37,2044                          , 9999, 9999, 9999,  101,32767,     0,     0
 ED5.2,1699                          ,16398080                      ,                    ,          ,                ,  101,                    ,                              , 7,2,20190119 13:58:16,    0,         0,         0,10001,   11,  101,2,                ,0010000,2, 1,         0,    0,1000000000000000000000000000000000000000,0000000000000000000000010000000000000000,         0,         0,         0,         0,1, 0, 0, 0,                              ,    0,         0,0,20190119 13:58:16,                              , 9999, 9999, 9999, 9999,32767,     0,     0
 ED5.2,7462374                       ,FS020                         ,ETB                 ,          ,                ,  101,                    ,                              , 4,2,20190119 13:58:34,    0,         0,        53,  121,   20,  101,2,                ,0000000,3, 0,         0,    0,0000000000000000000000000000000000000000,0000000000000000000000010000000000000000,         0,         0,         0,         0,1, 0, 0, 0,A800                          ,   54,         0,1,20190119 13:57:41,                              , 9999, 9999, 9999, 9999,32767,     0,     0
 ED5.2,2044                          ,2001                          ,                    ,4635      ,                ,  101,                    ,                              ,14,0,20190119 13:59:08,    0,         0,         9,65535,65535, 9999,2,                ,0000000,0, 0,         0,    0,0000000000000000000000000000000000000000,0000000000000000000000000000000000000000,         0,         0,         0,         0,1, 0, 0, 0,2044                          ,    0,         9,0,20190119 13:58:59,2001                          ,  101, 9999,  101,  101,    0,     0,     0
 ED5.2,663188316770                  ,1307                          ,DANIELA SEGURA F    ,1633      ,                ,  101,                    ,                              , 4,2,20190119 13:59:21,    0,         0,       132,  120,   20,  101,2,                ,0000000,3, 0,         0,    0,0000000000000000000000000000000000000000,0000000000000000000000010000000000000000,         0,         0,         0,         0,1, 0, 0, 0,A800                          ,  132,         0,1,20190119 13:57:09,                              , 9999, 9999, 9999, 9999,32767,     0,     0
 ED5.2,2046                          ,2001                          ,                    ,4635      ,                ,  101,                    ,                              ,14,0,20190119 13:59:47,    0,         0,         5,65535,65535, 9999,2,                ,0000000,0, 0,         0,    0,0000000000000000000000000000000000000000,0000000000000000000000000000000000000000,         0,         0,         0,         0,1, 0, 0, 0,2046                          ,    0,         5,0,20190119 13:59:42,2001                          ,  101, 9999,  101,  101,    0,     0,     0
 ED5.2,6442200                       ,2046                          ,ANDREA  ANGEL UM    ,4425      ,                ,  101,                    ,                              , 0,2,20190119 13:59:53,    0,         0,        18,  305,   65,  101,2,                ,0010000,2, 1,         0,    0,1000000000000000000000000000000000000000,0000000000000000000000010000000000001000,         0,         0,         0,         0,1, 0, 0, 0,6442200                       ,    0,         0,0,20190119 13:59:35,2046                          , 9999, 9999, 9999,  101,32767,     0,     0
 ED5.2,2047                          ,2001                          ,                    ,4635      ,                ,  101,                    ,                              ,14,0,20190119 14:00:26,    0,         0,         7,65535,65535, 9999,2,                ,0000000,0, 0,         0,    0,0000000000000000000000000000000000000000,0000000000000000000000000000000000000000,         0,         0,         0,         0,1, 0, 0, 0,2047                          ,    0,         7,0,20190119 14:00:19,2001                          ,  101, 9999,  101,  101,    0,     0,     0
