 ED5.2,6074949                       ,FS020                         ,ETB                 ,          ,                ,  101,                    ,                              , 4,2,20181120 06:24:55,    0,         0,         4,  120,   20,  101,2,                ,0000000,2, 0,         0,    0,0000000000000000000000000000000000000000,0000000000000000000000010000000000000000,         0,         0,         0,         0,1, 0, 0, 0,A800                          ,    4,         0,0,20181120 06:24:51,                              , 9999, 9999, 9999, 9999,32767,     0,     0
 ED5.2,1597                          ,1387                          ,                    ,1952      ,                ,  101,                    ,                              ,14,0,20181120 06:39:41,    0,         0,         0,65535,65535, 9999,2,                ,0000000,0, 0,         0,    0,0000000000000000000000000000000000000000,0000000000000000000000000000000000000000,         0,         0,         0,         0,1, 0, 0, 0,1597                          ,    0,         0,0,20181120 06:39:41,1387                          ,  101, 9999,  101,  101,    0,     0,     0
 ED5.2,                              ,3600                          ,RECEPCION BARRAN    ,3675      ,                ,  101,                    ,                              , 4,1,20181120 06:42:40,    0,         0,     42225,  430,   91,  101,2,                ,0000000,0, 0,         0,    0,0000000000000000000000000000000000000000,0000000000000000000000010000000000000000,         0,         0,         0,         0,1, 0, 0, 0,                              ,42221,         4,1,20181119 18:58:55,                              , 9999, 9999, 9999, 9999,32767,     0,     0
 ED5.2,5361599                       ,1235                          ,BERNARDO BENITEZ    ,1632      ,                ,  101,                    ,                              , 0,2,20181120 06:44:27,    0,         0,       105, 1951,   11,  101,2,                ,0010000,2, 1,         0,    0,1000000000000000000000000000000000000000,0000000000000000000000010000000000001000,         0,         0,         0,         0,1, 0, 0, 0,5361599                       ,    0,         0,0,20181120 06:42:42,1235                          , 9999, 9999, 9999,  101,32767,     0,     0
 ED5.2,1563                          ,1044                          ,                    ,1843      ,                ,  101,                    ,                              ,14,0,20181120 06:48:35,    0,         0,         0,65535,65535, 9999,2,                ,0000000,0, 0,         0,    0,0000000000000000000000000000000000000000,0000000000000000000000000000000000000000,         0,         0,         0,         0,1, 0, 0, 0,1563                          ,    0,         0,0,20181120 06:48:35,1044                          ,  101, 9999,  101,  101,    0,     0,     0
 ED5.2,1587                          ,1044                          ,                    ,1843      ,                ,  101,                    ,                              ,14,0,20181120 06:48:35,    0,         0,         0,65535,65535, 9999,2,                ,0000000,0, 0,         0,    0,0000000000000000000000000000000000000000,0000000000000000000000000000000000000000,         0,         0,         0,         0,1, 0, 0, 0,1563                          ,    0,         0,1,20181120 06:48:35,1044                          ,  101, 9999,  101,  101,    0,     0,     0
 ED5.2,1138                          ,1211                          ,                    ,1952      ,                ,  101,                    ,                              ,14,0,20181120 06:54:49,    0,         0,       236,65535,65535, 9999,2,                ,0000000,0, 0,         0,    0,0000000000000000000000000000000000000000,0000000000000000000000000000000000000000,         0,         0,         0,         0,1, 0, 0, 0,1138                          ,    0,       236,0,20181120 06:50:53,1211                          ,  101, 9999,  101,  101,    0,     0,     0
 ED5.2,4435373                       ,2042                          ,ERIKA ANDREA TRU    ,4425      ,                ,  101,                    ,                              , 0,2,20181120 06:57:31,    0,         0,        65,  324,   65,  101,2,                ,0010000,2, 1,         0,    0,1000000000000000000000000000000000000000,0000000000000000000000010000000000001000,         0,         0,         0,         0,1, 0, 0, 0,4435373                       ,    0,         0,0,20181120 06:56:26,2042                          , 9999, 9999, 9999,  101,32767,     0,     0
 ED5.2,1217                          ,1211                          ,                    ,1952      ,                ,  101,                    ,                              ,14,0,20181120 06:58:05,    0,         0,       190,65535,65535, 9999,2,                ,0000000,0, 0,         0,    0,0000000000000000000000000000000000000000,0000000000000000000000000000000000000000,         0,         0,         0,         0,1, 0, 0, 0,1217                          ,    0,       190,0,20181120 06:54:55,1211                          ,  101, 9999,  101,  101,    0,     0,     0
 ED5.2,23                            ,1387                          ,WENDY VIVIAN PER    ,1952      ,                ,  101,                    ,                              , 0,2,20181120 07:02:27,    0,         0,         0, 1951,   11,  101,2,                ,0010000,2, 1,         0,    0,1000000000000000000000000000000000000000,0000000000000000000000010000000000001000,         0,         0,         0,         0,1, 0, 0, 0,23                            ,    0,         0,0,20181120 07:02:27,1387                          , 9999, 9999, 9999,  101,32767,     0,     0
