 ED5.2,6604869                       ,3261                          ,DANIELA  GONZALE    ,1318      ,                ,  101,                    ,                              , 0,2,20181126 21:06:00,    0,         0,        21, 1952,   11,  101,2,                ,0010000,2, 1,         0,    0,1000000000000000000000000000000000000000,0000000000000000000000010000000000001000,         0,         0,         0,         0,1, 0, 0, 0,6604869                       ,    0,         0,0,20181126 21:05:39,3261                          , 9999, 9999, 9999,  101,32767,     0,     0
 ED5.2,7225200                       ,1297                          ,JEIMY CAROLI ARI    ,1318      ,                ,  101,                    ,                              , 0,2,20181126 21:08:41,    0,         0,       582, 1951,   11,  101,2,                ,0010000,2, 1,         0,    0,1000000000000000000000000000000000000000,0000000000000000000000010000000000001000,         0,         0,         0,         0,1, 0, 0, 0,7225200                       ,    0,         0,0,20181126 20:58:59,1297                          , 9999, 9999, 9999,  101,32767,     0,     0
 ED5.2,3261                          ,1736                          ,                    ,1635      ,                ,  101,                    ,                              ,14,0,20181126 21:18:32,    0,         0,        35,65535,65535, 9999,2,                ,0000000,0, 0,         0,    0,0000000000000000000000000000000000000000,0000000000000000000000000000000000000000,         0,         0,         0,         0,1, 0, 0, 0,3261                          ,    0,        35,0,20181126 21:17:57,1736                          ,  101, 9999,  101,  101,    0,     0,     0
 ED5.2,3871123                       ,1042                          ,SANDY MILENA VAR    ,1632      ,                ,  101,                    ,                              , 0,2,20181126 21:22:34,    0,         0,       147, 1951,   11,  101,2,                ,0010000,2, 1,         0,    0,1000000000000000000000000000000000000000,0000000000000000000000010000000000001000,         0,         0,         0,         0,1, 0, 0, 0,3871123                       ,    0,         0,0,20181126 21:20:07,1042                          , 9999, 9999, 9999,  101,32767,     0,     0
 ED5.2,2226506                       ,1449                          ,KAROL VANESS OLI    ,1632      ,                ,  101,                    ,                              , 0,2,20181126 21:26:39,    0,         0,       122, 1951,   11,  101,2,                ,0010000,2, 1,         0,    0,1000000000000000000000000000000000000000,0000000000000000000000010000000000001000,         0,         0,         0,         0,1, 0, 0, 0,2226506                       ,    0,         0,0,20181126 21:24:37,1449                          , 9999, 9999, 9999,  101,32767,     0,     0
 ED5.2,074260706                     ,4072                          ,EVA CASTANED        ,2952      ,                ,  101,                    ,                              , 4,2,20181126 21:34:08,    0,         0,       350, 2395,   15,  101,2,                ,0000000,2, 0,         0,    0,0000000000000000000000000000000000000000,0000000000000000000000010000000000000000,         0,         0,         0,         0,1, 0, 0, 0,A800                          ,   13,       337,0,20181126 21:28:18,                              , 9999, 9999, 9999, 9999,32767,     0,     0
 ED5.2,3208840779                    ,1351                          ,LILIANA BARRERA     ,1949      ,                ,  101,                    ,                              , 0,1,20181126 21:36:03,    0,         0,        24,  378,   21,  101,2,                ,0010000,0, 0,         0,    0,0000000000000000000000000000000000000000,0000000000000000000000010000000000001000,         0,         0,         0,         0,1, 0, 0, 0,033208840779                  ,    0,         0,0,20181126 21:35:39,1351                          , 9999, 9999, 9999,  101,32767,     0,     0
 ED5.2,1524                          ,1856                          ,                    ,1952      ,                ,  101,                    ,                              ,14,0,20181126 21:40:01,    0,         0,       173,65535,65535, 9999,2,                ,0000000,0, 0,         0,    0,0000000000000000000000000000000000000000,0000000000000000000000000000000000000000,         0,         0,         0,         0,1, 0, 0, 0,1524                          ,    0,       173,0,20181126 21:37:08,1856                          ,  101, 9999,  101,  101,    0,     0,     0
 ED5.2,6138516                       ,1748                          ,MARY ALEJAND HER    ,1741      ,                ,  101,                    ,                              , 4,2,20181126 21:48:21,    0,         0,        70,  120,   20,  101,2,                ,0000000,3, 0,         0,    0,0000000000000000000000000000000000000000,0000000000000000000000010000000000000000,         0,         0,         0,         0,1, 0, 0, 0,A800                          ,   26,        44,0,20181126 21:47:11,                              , 9999, 9999, 9999, 9999,32767,     0,     0
 ED5.2,663124104443                  ,FS020                         ,ETB                 ,          ,                ,  101,                    ,                              , 4,2,20181126 22:18:23,    0,         0,        24,  120,   20,  101,2,                ,0000000,2, 1,         0,    0,0000000000000000000000000000000000000000,0000000000000000000000010000000000000000,         0,         0,         0,         0,1, 0, 0, 0,A800                          ,   24,         0,0,20181126 22:17:59,                              , 9999, 9999, 9999, 9999,32767,     0,     0
