 ED5.2,663102286170                  ,FS020                         ,ETB                 ,          ,                ,  101,                    ,                              , 4,2,20181124 11:05:42,    0,         0,        30,  120,   20,  101,2,                ,0000000,2, 1,         0,    0,0000000000000000000000000000000000000000,0000000000000000000000010000000000000000,         0,         0,         0,         0,1, 0, 0, 0,A800                          ,   30,         0,0,20181124 11:05:12,                              , 9999, 9999, 9999, 9999,32767,     0,     0
 ED5.2,B44809340                     ,FS200                         ,SIP MED VL          ,          ,                ,  101,                    ,                              ,13,0,20181124 11:10:05,    0,         0,         8, 3187,  200,  101,2,                ,0000000,2, 1,         0,    0,0000000000000000000000000000000000000000,0000000000000000000000010000000000000000,         0,         0,         0,         0,1, 0, 0, 0,7764                          ,    8,         0,0,20181124 11:09:57,                              , 9999, 9999, 9999, 9999,32767,     0,     0
 ED5.2,63333513                      ,1026                          ,SHARIS XIOMA ROD    ,1638      ,                ,  101,                    ,                              , 4,2,20181124 11:16:50,    0,         0,        73, 2816,   82,  101,2,                ,0000000,2, 0,         0,    0,0000000000000000000000000000000000000000,0000000000000000000000010000000000000000,         0,         0,         0,         0,1, 0, 0, 0,A500                          ,   73,         0,1,20181124 11:15:37,                              , 9999, 9999, 9999, 9999,32767,     0,     0
 ED5.2,------------------------------,******************************,                    ,**********,                ,  101,                    ,******************************, 4,2,20181124 11:17:49,    0,         0,        49,  120,   20,  101,2,                ,0000000,3, 0,         0,    0,0000000000000000000000000000000000000000,0000000000000000000000010000000000000000,         0,         0,         0,         0,1, 0, 0, 0,------------------------------,   39,        10,1,20181124 11:17:00,******************************, 9999, 9999, 9999, 9999,32767,     0,     0
 ED5.2,75683887                      ,3377                          ,LIBRE LIBRE         ,1528      ,                ,  101,                    ,                              , 4,2,20181124 11:18:12,    0,         0,       661, 2815,   82,  101,2,                ,0000000,2, 0,         0,    0,0000000000000000000000000000000000000000,0000000000000000000000010000000000000000,         0,         0,         0,         0,1, 0, 0, 0,A500                          ,  661,         0,1,20181124 11:07:11,                              , 9999, 9999, 9999, 9999,32767,     0,     0
 ED5.2,6398080                       ,1014                          ,RECEPCION LO COU    ,1635      ,                ,  101,                    ,                              , 4,2,20181124 11:24:51,    0,         0,        68,  120,   20,  101,2,                ,0000000,2, 0,         0,    0,0000000000000000000000000000000000000000,0000000000000000000000010000000000000000,         0,         0,         0,         0,1, 0, 0, 0,A800                          ,   68,         0,1,20181124 11:23:43,                              , 9999, 9999, 9999, 9999,32767,     0,     0
 ED5.2,4897333                       ,2009                          ,RECEPCION CA CAL    ,4635      ,                ,  101,                    ,                              , 4,2,20181124 11:26:55,    0,         0,       193,  328,   65,  101,2,                ,0000000,3, 0,         0,    0,0000000000000000000000000000000000000000,0000000000000000000000010000000000000000,         0,         0,         0,         0,1, 0, 0, 0,A600                          ,  194,         0,1,20181124 11:23:42,                              , 9999, 9999, 9999, 9999,32767,     0,     0
 ED5.2,4897333                       ,2014                          ,RECEPCION 2 CALI    ,4635      ,                ,  101,                    ,                              , 4,2,20181124 11:29:08,    0,         0,        80,  329,   65,  101,2,                ,0000000,3, 0,         0,    0,0000000000000000000000000000000000000000,0000000000000000000000010000000000000000,         0,         0,         0,         0,1, 0, 0, 0,A600                          ,   81,         0,1,20181124 11:27:48,                              , 9999, 9999, 9999, 9999,32767,     0,     0
 ED5.2,75683887                      ,FS082                         ,SIPsalida           ,          ,                ,  101,                    ,                              , 4,2,20181124 11:29:14,    0,         0,        54, 2815,   82,  101,2,                ,0000000,2, 0,         0,    0,0000000000000000000000000000000000000000,0000000000000000000000010000000000000000,         0,         0,         0,         0,1, 0, 0, 0,A500                          ,   54,         0,1,20181124 11:28:20,                              , 9999, 9999, 9999, 9999,32767,     0,     0
 ED5.2,663164424657                  ,1600                          ,RECEPCION COUNTR    ,1635      ,                ,  101,                    ,                              , 4,2,20181124 11:30:43,    0,         0,       122,  120,   20,  101,2,                ,0000000,3, 0,         0,    0,0000000000000000000000000000000000000000,0000000000000000000000010000000000000000,         0,         0,         0,         0,1, 0, 0, 0,A800                          ,  122,         0,1,20181124 11:28:41,                              , 9999, 9999, 9999, 9999,32767,     0,     0
 ED5.2,75683887                      ,3377                          ,LIBRE LIBRE         ,1528      ,                ,  101,                    ,                              , 4,2,20181124 11:38:10,    0,         0,       500, 2815,   82,  101,2,                ,0000000,2, 0,         0,    0,0000000000000000000000000000000000000000,0000000000000000000000010000000000000000,         0,         0,         0,         0,1, 0, 0, 0,A500                          ,  500,         0,1,20181124 11:29:50,                              , 9999, 9999, 9999, 9999,32767,     0,     0
 ED5.2,663223963446                  ,FS082                         ,SIPsalida           ,          ,                ,  101,                    ,                              , 4,2,20181124 11:46:03,    0,         0,        45, 2815,   82,  101,2,                ,0000000,2, 0,         0,    0,0000000000000000000000000000000000000000,0000000000000000000000010000000000000000,         0,         0,         0,         0,1, 0, 0, 0,7755                          ,   45,         0,1,20181124 11:45:18,                              , 9999, 9999, 9999, 9999,32767,     0,     0
 ED5.2,663223963446                  ,FS082                         ,SIPsalida           ,          ,                ,  101,                    ,                              , 4,2,20181124 11:46:54,    0,         0,        42, 2815,   82,  101,2,                ,0000000,2, 0,         0,    0,0000000000000000000000000000000000000000,0000000000000000000000010000000000000000,         0,         0,         0,         0,1, 0, 0, 0,7755                          ,   43,         0,1,20181124 11:46:12,                              , 9999, 9999, 9999, 9999,32767,     0,     0
 ED5.2,663223963446                  ,FS082                         ,SIPsalida           ,          ,                ,  101,                    ,                              , 4,2,20181124 11:47:37,    0,         0,        34, 2815,   82,  101,2,                ,0000000,2, 0,         0,    0,0000000000000000000000000000000000000000,0000000000000000000000010000000000000000,         0,         0,         0,         0,1, 0, 0, 0,7755                          ,   35,         0,1,20181124 11:47:03,                              , 9999, 9999, 9999, 9999,32767,     0,     0
 ED5.2,6059898                       ,FS082                         ,SIPsalida           ,          ,                ,  101,                    ,                              , 4,2,20181124 11:48:18,    0,         0,         4, 2815,   82,  101,2,                ,0000000,2, 0,         0,    0,0000000000000000000000000000000000000000,0000000000000000000000010000000000000000,         0,         0,         0,         0,1, 0, 0, 0,A500                          ,    5,         0,0,20181124 11:48:14,                              , 9999, 9999, 9999, 9999,32767,     0,     0
 ED5.2,6902909                       ,1236                          ,LAURA STEPHA SEP    ,1632      ,                ,  101,                    ,                              , 0,2,20181124 11:50:53,    0,         0,         0, 1951,   11,  101,2,                ,0010000,2, 1,         0,    0,1000000000000000000000000000000000000000,0000000000000000000000010000000000001000,         0,         0,         0,         0,1, 0, 0, 0,6902909                       ,    0,         0,0,20181124 11:50:53,1236                          , 9999, 9999, 9999,  101,32767,     0,     0
 ED5.2,5189638                       ,FS065                         ,Fidu-Cali           ,          ,                ,  101,                    ,                              , 4,2,20181124 11:51:20,    0,         0,         4,  300,   65,  101,2,                ,0000000,3, 0,         0,    0,0000000000000000000000000000000000000000,0000000000000000000000010000000000000000,         0,         0,         0,         0,1, 0, 0, 0,A600                          ,    4,         0,0,20181124 11:51:16,                              , 9999, 9999, 9999, 9999,32767,     0,     0
 ED5.2,663016724092                  ,5136                          ,RECEPCION 3 BQUI    ,3635      ,                ,  101,                    ,                              , 4,2,20181124 11:52:48,    0,         0,        80, 2815,   82,  101,2,                ,0000000,2, 0,         0,    0,0000000000000000000000000000000000000000,0000000000000000000000010000000000000000,         0,         0,         0,         0,1, 0, 0, 0,A900                          ,   80,         0,1,20181124 11:51:28,                              , 9999, 9999, 9999, 9999,32767,     0,     0
 ED5.2,6604869                       ,1236                          ,LAURA STEPHA SEP    ,1632      ,                ,  101,                    ,                              , 0,2,20181124 11:53:31,    0,         0,       132, 1951,   11,  101,2,                ,0010000,2, 1,         0,    0,1000000000000000000000000000000000000000,0000000000000000000000010000000000001000,         0,         0,         0,         0,1, 0, 0, 0,6604869                       ,    0,         0,0,20181124 11:51:19,1236                          , 9999, 9999, 9999,  101,32767,     0,     0
 ED5.2,580636                        ,FS020                         ,ETB                 ,          ,                ,  101,                    ,                              , 6,2,20181124 11:59:37,    0,         0,         0, 2815,   82,  101,2,                ,0010000,3, 0,         0,    0,1000000000000000000000000000000000000000,0000000000000000000000000001000000000000,         0,         0,         0,         0,1, 0, 0, 0,                              ,    0,         0,0,20181124 11:59:37,                              , 9999, 9999, 9999, 9999,32767,     0,     0
 ED5.2,3905982                       ,FS020                         ,ETB                 ,          ,                ,  101,                    ,                              , 4,2,20181124 11:59:37,    0,         0,         0,  120,   20,  101,2,                ,0000000,3, 0,         0,    0,0000000000000000000000000000000000000000,0000000000000000000000010000000000000000,         0,         0,         0,         0,1, 0, 0, 0,580636                        ,    4,         0,0,20181124 11:59:37,                              , 9999, 9999, 9999, 9999,32767,     0,     0
 ED5.2,663164424657                  ,1014                          ,RECEPCION LO COU    ,1635      ,                ,  101,                    ,                              , 4,2,20181124 12:02:29,    0,         0,       131,  120,   20,  101,2,                ,0000000,3, 0,         0,    0,0000000000000000000000000000000000000000,0000000000000000000000010000000000000000,         0,         0,         0,         0,1, 0, 0, 0,A800                          ,  132,         0,1,20181124 12:00:18,                              , 9999, 9999, 9999, 9999,32767,     0,     0
