 ED5.2,6040335                       ,3400                          ,SARA VILLA RA       ,2675      ,                ,  101,                    ,                              , 4,2,20190209 15:09:02,    0,         0,        41,11361,  201,  101,2,                ,0000000,2, 0,         0,    0,0000000000000000000000000000000000000000,0000000000000000000000010000000000000000,         0,         0,         0,         0,1, 0, 0, 0,7764                          ,   42,         0,0,20190209 15:08:21,                              , 9999, 9999, 9999, 9999,32767,     0,     0
 ED5.2,663174025480                  ,FS020                         ,ETB                 ,          ,                ,  101,                    ,                              , 4,2,20190209 15:13:57,    0,         0,         4,  120,   20,  101,2,                ,0000000,3, 0,         0,    0,0000000000000000000000000000000000000000,0000000000000000000000010000000000000000,         0,         0,         0,         0,1, 0, 0, 0,A800                          ,    4,         0,0,20190209 15:13:53,                              , 9999, 9999, 9999, 9999,32767,     0,     0
 ED5.2,663105483724                  ,FS015                         ,SIPMED F            ,          ,                ,  101,                    ,                              , 4,2,20190209 15:20:58,    0,         0,         9,10445,   15,  101,2,                ,0000000,2, 0,         0,    0,0000000000000000000000000000000000000000,0000000000000000000000010000000000000000,         0,         0,         0,         0,1, 0, 0, 0,A800                          ,   10,         0,0,20190209 15:20:49,                              , 9999, 9999, 9999, 9999,32767,     0,     0
 ED5.2,1452                          ,1033                          ,                    ,1633      ,                ,  101,                    ,                              ,14,0,20190209 15:26:53,    0,         0,        15,65535,65535, 9999,2,                ,0000000,0, 0,         0,    0,0000000000000000000000000000000000000000,0000000000000000000000000000000000000000,         0,         0,         0,         0,1, 0, 0, 0,1452                          ,    0,        15,0,20190209 15:26:38,1033                          ,  101, 9999,  101,  101,    0,     0,     0
 ED5.2,6604876                       ,1369                          ,JUAN ANDRES CARV    ,1632      ,                ,  101,                    ,                              , 0,2,20190209 15:33:45,    0,         0,       153,10001,   11,  101,2,                ,0010000,2, 1,         0,    0,1000000000000000000000000000000000000000,0000000000000000000000010000000000001000,         0,         0,         0,         0,1, 0, 0, 0,6604876                       ,    0,         0,0,20190209 15:31:12,1369                          , 9999, 9999, 9999,  101,32767,     0,     0
 ED5.2,1869                          ,1582                          ,                    ,1949      ,                ,  101,                    ,                              ,14,0,20190209 15:33:47,    0,         0,         0,65535,65535, 9999,2,                ,0000000,0, 0,         0,    0,0000000000000000000000000000000000000000,0000000000000000000000000000000000000000,         0,         0,         0,         0,1, 0, 0, 0,1869                          ,    0,         0,0,20190209 15:33:47,1582                          ,  101, 9999,  101,  101,    0,     0,     0
 ED5.2,1582                          ,1041                          ,                    ,1632      ,                ,  101,                    ,                              ,14,0,20190209 15:33:47,    0,         0,       495,65535,65535, 9999,2,                ,0000000,0, 0,         0,    0,0000000000000000000000000000000000000000,0000000000000000000000000000000000000000,         0,         0,         0,         0,1, 0, 0, 0,1582                          ,    0,       495,0,20190209 15:25:32,1041                          ,  101, 9999,  101,  101,    0,     0,     0
 ED5.2,663117945266                  ,FS020                         ,ETB                 ,          ,                ,  101,                    ,                              , 4,2,20190209 15:36:44,    0,         0,         2,  120,   20,  101,2,                ,0000000,3, 0,         0,    0,0000000000000000000000000000000000000000,0000000000000000000000010000000000000000,         0,         0,         0,         0,1, 0, 0, 0,A800                          ,    2,         0,0,20190209 15:36:42,                              , 9999, 9999, 9999, 9999,32767,     0,     0
 ED5.2,1473                          ,1736                          ,                    ,1635      ,                ,  101,                    ,                              ,14,0,20190209 15:38:22,    0,         0,         6,65535,65535, 9999,2,                ,0000000,0, 0,         0,    0,0000000000000000000000000000000000000000,0000000000000000000000000000000000000000,         0,         0,         0,         0,1, 0, 0, 0,1473                          ,    0,         6,0,20190209 15:38:16,1736                          ,  101, 9999,  101,  101,    0,     0,     0
 ED5.2,1869                          ,1041                          ,                    ,1632      ,                ,  101,                    ,1582                          ,14,0,20190209 15:47:02,    0,         0,       794,65535,65535, 9999,2,                ,0000000,0, 0,         0,    0,0000000000000000000000000000000000000000,0000000000000000000000000000000000000000,         0,         0,         0,         0,1, 0, 0, 0,                              ,    0,       794,0,20190209 15:33:48,1041                          ,  101,  101, 9999,  101,    0,     0,     0
 ED5.2,663012555642                  ,1736                          ,RECEPCION 2 MORA    ,1635      ,                ,  101,                    ,                              , 4,2,20190209 16:04:00,    0,         0,       186,  120,   20,  101,2,                ,0000000,2, 0,         0,    0,0000000000000000000000000000000000000000,0000000000000000000000010000000000000000,         0,         0,         0,         0,1, 0, 0, 0,A800                          ,  186,         0,1,20190209 16:00:54,                              , 9999, 9999, 9999, 9999,32767,     0,     0
