 ED5.2,3124323524                    ,3224                          ,LIZ KATHERIN GOM    ,1979      ,                ,  101,                    ,                              , 0,1,20181217 23:04:39,    0,         0,        25,  378,   21,  101,2,                ,0010000,0, 0,         0,    0,0000000000000000000000000000000000000000,0000000000000000000000010000000000001000,         0,         0,         0,         0,1, 0, 0, 0,033124323524                  ,    0,         0,0,20181217 23:04:14,3224                          , 9999, 9999, 9999,  101,32767,     0,     0
 ED5.2,3132881548                    ,3224                          ,LIZ KATHERIN GOM    ,1979      ,                ,  101,                    ,                              , 0,1,20181217 23:06:33,    0,         0,        34,  377,   21,  101,2,                ,0010000,0, 0,         0,    0,0000000000000000000000000000000000000000,0000000000000000000000010000000000001000,         0,         0,         0,         0,1, 0, 0, 0,033132881548                  ,    0,         0,0,20181217 23:05:59,3224                          , 9999, 9999, 9999,  101,32767,     0,     0
 ED5.2,3132881548                    ,3224                          ,LIZ KATHERIN GOM    ,1979      ,                ,  101,                    ,                              , 0,1,20181217 23:07:19,    0,         0,        33,  378,   21,  101,2,                ,0010000,0, 0,         0,    0,0000000000000000000000000000000000000000,0000000000000000000000010000000000001000,         0,         0,         0,         0,1, 0, 0, 0,033132881548                  ,    0,         0,0,20181217 23:06:46,3224                          , 9999, 9999, 9999,  101,32767,     0,     0
 ED5.2,1340                          ,3224                          ,                    ,1979      ,                ,  101,                    ,                              ,14,0,20181217 23:07:46,    0,         0,         0,65535,65535, 9999,2,                ,0000000,0, 0,         0,    0,0000000000000000000000000000000000000000,0000000000000000000000000000000000000000,         0,         0,         0,         0,1, 0, 0, 0,1340                          ,    0,         0,0,20181217 23:07:46,3224                          ,  101, 9999,  101,  101,    0,     0,     0
 ED5.2,88                            ,3224                          ,                    ,1979      ,                ,  101,                    ,                              ,14,0,20181217 23:07:48,    0,         0,         2,65535,65535, 9999,2,                ,0000000,0, 0,         0,    0,0000000000000000000000000000000000000000,0000000000000000000000000000000000000000,         0,         0,         0,         0,1, 0, 0, 0,1340                          ,    0,         2,1,20181217 23:07:46,3224                          ,  101, 9999,  101,  101,    0,     0,     0
 ED5.2,3132881548                    ,3224                          ,LIZ KATHERIN GOM    ,1979      ,                ,  101,                    ,                              , 0,1,20181217 23:12:13,    0,         0,        38,  377,   21,  101,2,                ,0010000,0, 0,         0,    0,0000000000000000000000000000000000000000,0000000000000000000000010000000000001000,         0,         0,         0,         0,1, 0, 0, 0,033132881548                  ,    0,         0,0,20181217 23:11:35,3224                          , 9999, 9999, 9999,  101,32767,     0,     0
 ED5.2,3058175254                    ,3224                          ,LIZ KATHERIN GOM    ,1979      ,                ,  101,                    ,                              , 0,1,20181217 23:14:23,    0,         0,         7,  378,   21,  101,2,                ,0010000,0, 0,         0,    0,0000000000000000000000000000000000000000,0000000000000000000000010000000000001000,         0,         0,         0,         0,1, 0, 0, 0,033058175254                  ,    0,         0,0,20181217 23:14:16,3224                          , 9999, 9999, 9999,  101,32767,     0,     0
 ED5.2,3058175254                    ,3224                          ,LIZ KATHERIN GOM    ,1979      ,                ,  101,                    ,                              , 0,1,20181217 23:14:41,    0,         0,         5,  377,   21,  101,2,                ,0010000,0, 0,         0,    0,0000000000000000000000000000000000000000,0000000000000000000000010000000000001000,         0,         0,         0,         0,1, 0, 0, 0,033058175254                  ,    0,         0,0,20181217 23:14:36,3224                          , 9999, 9999, 9999,  101,32767,     0,     0
 ED5.2,3058175254                    ,3224                          ,LIZ KATHERIN GOM    ,1979      ,                ,  101,                    ,                              , 0,1,20181217 23:15:03,    0,         0,        10,  378,   21,  101,2,                ,0010000,0, 0,         0,    0,0000000000000000000000000000000000000000,0000000000000000000000010000000000001000,         0,         0,         0,         0,1, 0, 0, 0,033058175254                  ,    0,         0,0,20181217 23:14:53,3224                          , 9999, 9999, 9999,  101,32767,     0,     0
 ED5.2,1340                          ,3224                          ,                    ,1979      ,                ,  101,                    ,                              ,14,0,20181217 23:16:58,    0,         0,         0,65535,65535, 9999,2,                ,0000000,0, 0,         0,    0,0000000000000000000000000000000000000000,0000000000000000000000000000000000000000,         0,         0,         0,         0,1, 0, 0, 0,1340                          ,    0,         0,0,20181217 23:16:58,3224                          ,  101, 9999,  101,  101,    0,     0,     0
 ED5.2,88                            ,3224                          ,                    ,1979      ,                ,  101,                    ,                              ,14,0,20181217 23:16:59,    0,         0,         1,65535,65535, 9999,2,                ,0000000,0, 0,         0,    0,0000000000000000000000000000000000000000,0000000000000000000000000000000000000000,         0,         0,         0,         0,1, 0, 0, 0,1340                          ,    0,         1,1,20181217 23:16:58,3224                          ,  101, 9999,  101,  101,    0,     0,     0
 ED5.2,1340                          ,3224                          ,                    ,1979      ,                ,  101,                    ,                              ,14,0,20181217 23:17:06,    0,         0,         0,65535,65535, 9999,2,                ,0000000,0, 0,         0,    0,0000000000000000000000000000000000000000,0000000000000000000000000000000000000000,         0,         0,         0,         0,1, 0, 0, 0,1340                          ,    0,         0,0,20181217 23:17:06,3224                          ,  101, 9999,  101,  101,    0,     0,     0
 ED5.2,3223211828                    ,3224                          ,LIZ KATHERIN GOM    ,1979      ,                ,  101,                    ,                              , 0,1,20181217 23:23:49,    0,         0,        71,  377,   21,  101,2,                ,0010000,0, 0,         0,    0,0000000000000000000000000000000000000000,0000000000000000000000010000000000001000,         0,         0,         0,         0,1, 0, 0, 0,033223211828                  ,    0,         0,0,20181217 23:22:38,3224                          , 9999, 9999, 9999,  101,32767,     0,     0
 ED5.2,4719724                       ,1228                          ,COORD PROCES ADI    ,1949      ,                ,  101,                    ,                              , 4,2,20181217 23:56:28,    0,         0,        34,  120,   20,  101,2,                ,0000000,3, 0,         0,    0,0000000000000000000000000000000000000000,0000000000000000000000010000000000000000,         0,         0,         0,         0,1, 0, 0, 0,A800                          ,   34,         0,1,20181217 23:55:54,                              , 9999, 9999, 9999, 9999,32767,     0,     0
 ED5.2,4719724                       ,1228                          ,COORD PROCES ADI    ,1949      ,                ,  101,                    ,                              , 4,2,20181217 23:57:33,    0,         0,        50,  120,   20,  101,2,                ,0000000,3, 0,         0,    0,0000000000000000000000000000000000000000,0000000000000000000000010000000000000000,         0,         0,         0,         0,1, 0, 0, 0,A800                          ,   49,         1,1,20181217 23:56:43,                              , 9999, 9999, 9999, 9999,32767,     0,     0
 ED5.2,1472                          ,3167                          ,                    ,1979      ,                ,  101,                    ,                              ,14,0,20181218 00:28:51,    0,         0,         0,65535,65535, 9999,2,                ,0000000,0, 0,         0,    0,0000000000000000000000000000000000000000,0000000000000000000000000000000000000000,         0,         0,         0,         0,1, 0, 0, 0,1472                          ,    0,         0,0,20181218 00:28:51,3167                          ,  101, 9999,  101,  101,    0,     0,     0
