 ED5.2,2123505                       ,1370                          ,JUAN MANUEL PATI    ,1949      ,                ,  101,                    ,                              , 0,2,20190125 19:01:22,    0,         0,        91,10002,   11,  101,2,                ,0010000,2, 1,         0,    0,1000000000000000000000000000000000000000,0000000000000000000000010000000000001000,         0,         0,         0,         0,1, 0, 0, 0,2123505                       ,    0,         0,0,20190125 18:59:51,1370                          , 9999, 9999, 9999,  101,32767,     0,     0
 ED5.2,2123505                       ,1370                          ,JUAN MANUEL PATI    ,1949      ,                ,  101,                    ,                              , 0,2,20190125 19:01:36,    0,         0,         7,10002,   11,  101,2,                ,0010000,2, 1,         0,    0,1000000000000000000000000000000000000000,0000000000000000000000010000000000001000,         0,         0,         0,         0,1, 0, 0, 0,2123505                       ,    0,         0,0,20190125 19:01:29,1370                          , 9999, 9999, 9999,  101,32767,     0,     0
 ED5.2,663174025480                  ,FS020                         ,ETB                 ,          ,                ,  101,                    ,                              , 4,2,20190125 19:01:41,    0,         0,         4,  120,   20,  101,2,                ,0000000,3, 0,         0,    0,0000000000000000000000000000000000000000,0000000000000000000000010000000000000000,         0,         0,         0,         0,1, 0, 0, 0,A800                          ,    4,         0,0,20190125 19:01:37,                              , 9999, 9999, 9999, 9999,32767,     0,     0
 ED5.2,6604869                       ,1176                          ,SINDY MARCEL NAR    ,1632      ,                ,  101,                    ,                              , 0,2,20190125 19:02:39,    0,         0,         0,10002,   11,  101,2,                ,0010000,2, 1,         0,    0,1000000000000000000000000000000000000000,0000000000000000000000010000000000001000,         0,         0,         0,         0,1, 0, 0, 0,6604869                       ,    0,         0,0,20190125 19:02:39,1176                          , 9999, 9999, 9999,  101,32767,     0,     0
 ED5.2,3207065250                    ,4072                          ,EVA CASTANED        ,2952      ,                ,  101,                    ,                              , 0,2,20190125 19:02:50,    0,         0,         0,10349,   66,  101,2,                ,0010000,2, 1,         0,    0,1000000000000000000000000000000000000000,0000000000000000000000010000000000001000,         0,         0,         0,         0,1, 0, 0, 0,033207065250                  ,    0,         0,0,20190125 19:02:50,4072                          , 9999, 9999, 9999,  101,32767,     0,     0
 ED5.2,6459213                       ,1223                          ,CATHERINE RANGEL    ,1632      ,                ,  101,                    ,                              , 0,2,20190125 19:03:08,    0,         0,       265,10001,   11,  101,2,                ,0010000,2, 1,         0,    0,1000000000000000000000000000000000000000,0000000000000000000000010000000000001000,         0,         0,         0,         0,1, 0, 0, 0,6459213                       ,    0,         0,0,20190125 18:58:43,1223                          , 9999, 9999, 9999,  101,32767,     0,     0
 ED5.2,7777                          ,1015                          ,                    ,1636      ,                ,  101,                    ,                              , 3,0,20190125 19:03:39,    0,         0,         0,65535,65535, 9999,2,                ,0000000,0, 0,         0,    0,0000000000000000000000000000000000000000,0000000000000000000000000000000000000000,         0,         0,         0,         0,1, 0, 0, 0,7777                          ,    0,         0,0,20190125 19:03:39,1015                          ,  101, 9999,  101,  101,    0,     0,     0
 ED5.2,6604869                       ,1176                          ,SINDY MARCEL NAR    ,1632      ,                ,  101,                    ,                              , 0,2,20190125 19:03:43,    0,         0,        48,10002,   11,  101,2,                ,0010000,2, 1,         0,    0,1000000000000000000000000000000000000000,0000000000000000000000010000000000001000,         0,         0,         0,         0,1, 0, 0, 0,6604869                       ,    0,         0,0,20190125 19:02:55,1176                          , 9999, 9999, 9999,  101,32767,     0,     0
 ED5.2,1041                          ,2061                          ,                    ,4632      ,                ,  101,                    ,                              ,14,0,20190125 19:03:48,    0,         0,       149,65535,65535, 9999,2,                ,0000000,0, 0,         0,    0,0000000000000000000000000000000000000000,0000000000000000000000000000000000000000,         0,         0,         0,         0,1, 0, 0, 0,1041                          ,    0,       149,0,20190125 19:01:19,2061                          ,  101, 9999,  101,  101,    0,     0,     0
 ED5.2,5138                          ,5142                          ,                    ,3638      ,                ,  101,                    ,                              ,14,0,20190125 19:04:16,    0,         0,         0,65535,65535, 9999,2,                ,0000000,0, 0,         0,    0,0000000000000000000000000000000000000000,0000000000000000000000000000000000000000,         0,         0,         0,         0,1, 0, 0, 0,5138                          ,    0,         0,0,20190125 19:04:16,5142                          ,  101, 9999,  101,  101,    0,     0,     0
 ED5.2,5157                          ,5142                          ,                    ,3638      ,                ,  101,                    ,                              ,14,0,20190125 19:04:25,    0,         0,         0,65535,65535, 9999,2,                ,0000000,0, 0,         0,    0,0000000000000000000000000000000000000000,0000000000000000000000000000000000000000,         0,         0,         0,         0,1, 0, 0, 0,5138                          ,    0,         0,1,20190125 19:04:25,5142                          ,  101, 9999,  101,  101,    0,     0,     0
 ED5.2,1559                          ,4055                          ,                    ,2635      ,                ,  101,                    ,                              ,14,0,20190125 19:05:02,    0,         0,       144,65535,65535, 9999,2,                ,0000000,0, 0,         0,    0,0000000000000000000000000000000000000000,0000000000000000000000000000000000000000,         0,         0,         0,         0,1, 0, 0, 0,1559                          ,    0,       144,0,20190125 19:02:38,4055                          ,  101, 9999,  101,  101,    0,     0,     0
 ED5.2,6170533                       ,1822                          ,SIRLEY ANDRE ARI    ,1632      ,                ,  101,                    ,                              , 0,2,20190125 19:05:30,    0,         0,       128,10003,   11,  101,2,                ,0010000,2, 1,         0,    0,1000000000000000000000000000000000000000,0000000000000000000000010000000000001000,         0,         0,         0,         0,1, 0, 0, 0,6170533                       ,    0,         0,0,20190125 19:03:22,1822                          , 9999, 9999, 9999,  101,32767,     0,     0
 ED5.2,1370                          ,1736                          ,                    ,1635      ,                ,  101,                    ,                              ,14,0,20190125 19:06:39,    0,         0,         0,65535,65535, 9999,2,                ,0000000,0, 0,         0,    0,0000000000000000000000000000000000000000,0000000000000000000000000000000000000000,         0,         0,         0,         0,1, 0, 0, 0,1370                          ,    0,         0,0,20190125 19:06:39,1736                          ,  101, 9999,  101,  101,    0,     0,     0
 ED5.2,1117                          ,1736                          ,                    ,1635      ,                ,  101,                    ,                              ,14,0,20190125 19:06:55,    0,         0,         0,65535,65535, 9999,2,                ,0000000,0, 0,         0,    0,0000000000000000000000000000000000000000,0000000000000000000000000000000000000000,         0,         0,         0,         0,1, 0, 0, 0,1370                          ,    0,         0,1,20190125 19:06:55,1736                          ,  101, 9999,  101,  101,    0,     0,     0
 ED5.2,3946093                       ,1179                          ,JEISSON DAVI CAR    ,1952      ,                ,  101,                    ,                              , 0,2,20190125 19:07:10,    0,         0,        75,10001,   11,  101,2,                ,0010000,2, 1,         0,    0,1000000000000000000000000000000000000000,0000000000000000000000010000000000001000,         0,         0,         0,         0,1, 0, 0, 0,3946093                       ,    0,         0,0,20190125 19:05:55,1179                          , 9999, 9999, 9999,  101,32767,     0,     0
 ED5.2,1306                          ,1736                          ,                    ,1635      ,                ,  101,                    ,                              ,14,0,20190125 19:07:10,    0,         0,         0,65535,65535, 9999,2,                ,0000000,0, 0,         0,    0,0000000000000000000000000000000000000000,0000000000000000000000000000000000000000,         0,         0,         0,         0,1, 0, 0, 0,1370                          ,    0,         0,1,20190125 19:07:10,1736                          ,  101, 9999,  101,  101,    0,     0,     0
 ED5.2,1425                          ,1736                          ,                    ,1635      ,                ,  101,                    ,                              ,14,0,20190125 19:07:22,    0,         0,         0,65535,65535, 9999,2,                ,0000000,0, 0,         0,    0,0000000000000000000000000000000000000000,0000000000000000000000000000000000000000,         0,         0,         0,         0,1, 0, 0, 0,1370                          ,    0,         0,1,20190125 19:07:22,1736                          ,  101, 9999,  101,  101,    0,     0,     0
 ED5.2,1370                          ,1736                          ,                    ,1635      ,                ,  101,                    ,                              ,14,0,20190125 19:07:45,    0,         0,         0,65535,65535, 9999,2,                ,0000000,0, 0,         0,    0,0000000000000000000000000000000000000000,0000000000000000000000000000000000000000,         0,         0,         0,         0,1, 0, 0, 0,1370                          ,    0,         0,0,20190125 19:07:45,1736                          ,  101, 9999,  101,  101,    0,     0,     0
 ED5.2,1117                          ,1736                          ,                    ,1635      ,                ,  101,                    ,                              ,14,0,20190125 19:08:01,    0,         0,         0,65535,65535, 9999,2,                ,0000000,0, 0,         0,    0,0000000000000000000000000000000000000000,0000000000000000000000000000000000000000,         0,         0,         0,         0,1, 0, 0, 0,1370                          ,    0,         0,1,20190125 19:08:01,1736                          ,  101, 9999,  101,  101,    0,     0,     0
 ED5.2,1306                          ,1736                          ,                    ,1635      ,                ,  101,                    ,                              ,14,0,20190125 19:08:16,    0,         0,         0,65535,65535, 9999,2,                ,0000000,0, 0,         0,    0,0000000000000000000000000000000000000000,0000000000000000000000000000000000000000,         0,         0,         0,         0,1, 0, 0, 0,1370                          ,    0,         0,1,20190125 19:08:16,1736                          ,  101, 9999,  101,  101,    0,     0,     0
 ED5.2,1425                          ,1736                          ,                    ,1635      ,                ,  101,                    ,                              ,14,0,20190125 19:08:56,    0,         0,         0,65535,65535, 9999,2,                ,0000000,0, 0,         0,    0,0000000000000000000000000000000000000000,0000000000000000000000000000000000000000,         0,         0,         0,         0,1, 0, 0, 0,1370                          ,    0,         0,1,20190125 19:08:56,1736                          ,  101, 9999,  101,  101,    0,     0,     0
 ED5.2,1370                          ,1736                          ,                    ,1635      ,                ,  101,                    ,                              ,14,0,20190125 19:09:17,    0,         0,        11,65535,65535, 9999,2,                ,0000000,0, 0,         0,    0,0000000000000000000000000000000000000000,0000000000000000000000000000000000000000,         0,         0,         0,         0,1, 0, 0, 0,1370                          ,    0,        11,0,20190125 19:09:06,1736                          ,  101, 9999,  101,  101,    0,     0,     0
 ED5.2,3207065250                    ,4072                          ,EVA CASTANED        ,2952      ,                ,  101,                    ,                              , 0,2,20190125 19:10:11,    0,         0,         0,10349,   66,  101,2,                ,0010000,2, 1,         0,    0,1000000000000000000000000000000000000000,0000000000000000000000010000000000001000,         0,         0,         0,         0,1, 0, 0, 0,033207065250                  ,    0,         0,0,20190125 19:10:11,4072                          , 9999, 9999, 9999,  101,32767,     0,     0
 ED5.2,2123505                       ,3243                          ,FERMIN ORDONEZ      ,1949      ,                ,  101,                    ,                              , 0,2,20190125 19:13:51,    0,         0,       323,10001,   11,  101,2,                ,0010000,2, 1,         0,    0,1000000000000000000000000000000000000000,0000000000000000000000010000000000001000,         0,         0,         0,         0,1, 0, 0, 0,2123505                       ,    0,         0,0,20190125 19:08:28,3243                          , 9999, 9999, 9999,  101,32767,     0,     0
 ED5.2,5733014                       ,4072                          ,EVA CASTANED        ,2952      ,                ,  101,                    ,                              , 0,2,20190125 19:14:14,    0,         0,       161,10445,   15,  101,2,                ,0010000,2, 1,         0,    0,1000000000000000000000000000000000000000,0000000000000000000000010000000000001000,         0,         0,         0,         0,1, 0, 0, 0,5733014                       ,    0,         0,0,20190125 19:11:33,4072                          , 9999, 9999, 9999,  101,32767,     0,     0
 ED5.2,5205                          ,5208                          ,                    ,7843      ,                ,  101,                    ,                              ,14,0,20190125 19:15:22,    0,         0,         0,65535,65535, 9999,2,                ,0000000,0, 0,         0,    0,0000000000000000000000000000000000000000,0000000000000000000000000000000000000000,         0,         0,         0,         0,1, 0, 0, 0,5205                          ,    0,         0,0,20190125 19:15:22,5208                          ,  101, 9999,  101,  101,    0,     0,     0
 ED5.2,5207                          ,5208                          ,                    ,7843      ,                ,  101,                    ,                              ,14,0,20190125 19:15:34,    0,         0,         0,65535,65535, 9999,2,                ,0000000,0, 0,         0,    0,0000000000000000000000000000000000000000,0000000000000000000000000000000000000000,         0,         0,         0,         0,1, 0, 0, 0,5207                          ,    0,         0,0,20190125 19:15:34,5208                          ,  101, 9999,  101,  101,    0,     0,     0
 ED5.2,5206                          ,5208                          ,                    ,7843      ,                ,  101,                    ,                              ,14,0,20190125 19:15:40,    0,         0,         0,65535,65535, 9999,2,                ,0000000,0, 0,         0,    0,0000000000000000000000000000000000000000,0000000000000000000000000000000000000000,         0,         0,         0,         0,1, 0, 0, 0,5211                          ,    0,         0,1,20190125 19:15:40,5208                          ,  101, 9999,  101,  101,    0,     0,     0
 ED5.2,5206                          ,5208                          ,                    ,7843      ,                ,  101,                    ,                              ,14,0,20190125 19:15:43,    0,         0,         0,65535,65535, 9999,2,                ,0000000,0, 0,         0,    0,0000000000000000000000000000000000000000,0000000000000000000000000000000000000000,         0,         0,         0,         0,1, 0, 0, 0,5211                          ,    0,         0,1,20190125 19:15:43,5208                          ,  101, 9999,  101,  101,    0,     0,     0
 ED5.2,5212                          ,5208                          ,                    ,7843      ,                ,  101,                    ,                              ,14,0,20190125 19:15:52,    0,         0,         0,65535,65535, 9999,2,                ,0000000,0, 0,         0,    0,0000000000000000000000000000000000000000,0000000000000000000000000000000000000000,         0,         0,         0,         0,1, 0, 0, 0,5212                          ,    0,         0,0,20190125 19:15:52,5208                          ,  101, 9999,  101,  101,    0,     0,     0
 ED5.2,5202                          ,5208                          ,                    ,7843      ,                ,  101,                    ,                              ,14,0,20190125 19:16:01,    0,         0,         0,65535,65535, 9999,2,                ,0000000,0, 0,         0,    0,0000000000000000000000000000000000000000,0000000000000000000000000000000000000000,         0,         0,         0,         0,1, 0, 0, 0,5202                          ,    0,         0,0,20190125 19:16:01,5208                          ,  101, 9999,  101,  101,    0,     0,     0
 ED5.2,5200                          ,5208                          ,                    ,7843      ,                ,  101,                    ,                              ,14,0,20190125 19:16:05,    0,         0,         0,65535,65535, 9999,2,                ,0000000,0, 0,         0,    0,0000000000000000000000000000000000000000,0000000000000000000000000000000000000000,         0,         0,         0,         0,1, 0, 0, 0,5200                          ,    0,         0,0,20190125 19:16:05,5208                          ,  101, 9999,  101,  101,    0,     0,     0
 ED5.2,5201                          ,5208                          ,                    ,7843      ,                ,  101,                    ,                              ,14,0,20190125 19:16:16,    0,         0,         0,65535,65535, 9999,2,                ,0000000,0, 0,         0,    0,0000000000000000000000000000000000000000,0000000000000000000000000000000000000000,         0,         0,         0,         0,1, 0, 0, 0,5201                          ,    0,         0,0,20190125 19:16:16,5208                          ,  101, 9999,  101,  101,    0,     0,     0
 ED5.2,5126                          ,5208                          ,                    ,7843      ,                ,  101,                    ,                              ,14,0,20190125 19:16:19,    0,         0,         0,65535,65535, 9999,2,                ,0000000,0, 0,         0,    0,0000000000000000000000000000000000000000,0000000000000000000000000000000000000000,         0,         0,         0,         0,1, 0, 0, 0,5203                          ,    0,         0,1,20190125 19:16:19,5208                          ,  101, 9999,  101,  101,    0,     0,     0
 ED5.2,5204                          ,5208                          ,                    ,7843      ,                ,  101,                    ,                              ,14,0,20190125 19:16:28,    0,         0,         0,65535,65535, 9999,2,                ,0000000,0, 0,         0,    0,0000000000000000000000000000000000000000,0000000000000000000000000000000000000000,         0,         0,         0,         0,1, 0, 0, 0,5204                          ,    0,         0,0,20190125 19:16:28,5208                          ,  101, 9999,  101,  101,    0,     0,     0
 ED5.2,3614                          ,5208                          ,                    ,7843      ,                ,  101,                    ,                              ,14,0,20190125 19:16:41,    0,         0,         0,65535,65535, 9999,2,                ,0000000,0, 0,         0,    0,0000000000000000000000000000000000000000,0000000000000000000000000000000000000000,         0,         0,         0,         0,1, 0, 0, 0,3614                          ,    0,         0,0,20190125 19:16:41,5208                          ,  101, 9999,  101,  101,    0,     0,     0
 ED5.2,5100                          ,5208                          ,                    ,7843      ,                ,  101,                    ,                              ,14,0,20190125 19:16:45,    0,         0,         0,65535,65535, 9999,2,                ,0000000,0, 0,         0,    0,0000000000000000000000000000000000000000,0000000000000000000000000000000000000000,         0,         0,         0,         0,1, 0, 0, 0,5100                          ,    0,         0,0,20190125 19:16:45,5208                          ,  101, 9999,  101,  101,    0,     0,     0
 ED5.2,9044448                       ,1306                          ,COORDINADOR FIDE    ,1949      ,                ,  101,                    ,                              , 0,2,20190125 19:19:34,    0,         0,       203,10001,   11,  101,2,                ,0010000,2, 1,         0,    0,1000000000000000000000000000000000000000,0000000000000000000000010000000000001000,         0,         0,         0,         0,1, 0, 0, 0,9044448                       ,    0,         0,0,20190125 19:16:11,1306                          , 9999, 9999, 9999,  101,32767,     0,     0
 ED5.2,1559                          ,4033                          ,                    ,2632      ,                ,  101,                    ,                              ,14,0,20190125 19:22:12,    0,         0,       128,65535,65535, 9999,2,                ,0000000,0, 0,         0,    0,0000000000000000000000000000000000000000,0000000000000000000000000000000000000000,         0,         0,         0,         0,1, 0, 0, 0,1559                          ,    0,       128,0,20190125 19:20:04,4033                          ,  101, 9999,  101,  101,    0,     0,     0
 ED5.2,1371                          ,1531                          ,                    ,1638      ,                ,  101,                    ,                              ,14,0,20190125 19:24:54,    0,         0,         0,65535,65535, 9999,2,                ,0000000,0, 0,         0,    0,0000000000000000000000000000000000000000,0000000000000000000000000000000000000000,         0,         0,         0,         0,1, 0, 0, 0,1371                          ,    0,         0,0,20190125 19:24:54,1531                          ,  101, 9999,  101,  101,    0,     0,     0
 ED5.2,1304                          ,1531                          ,                    ,1638      ,                ,  101,                    ,                              ,14,0,20190125 19:24:55,    0,         0,         0,65535,65535, 9999,2,                ,0000000,0, 0,         0,    0,0000000000000000000000000000000000000000,0000000000000000000000000000000000000000,         0,         0,         0,         0,1, 0, 0, 0,1371                          ,    0,         0,1,20190125 19:24:55,1531                          ,  101, 9999,  101,  101,    0,     0,     0
 ED5.2,1213                          ,1531                          ,                    ,1638      ,                ,  101,                    ,                              ,14,0,20190125 19:25:43,    0,         0,         0,65535,65535, 9999,2,                ,0000000,0, 0,         0,    0,0000000000000000000000000000000000000000,0000000000000000000000000000000000000000,         0,         0,         0,         0,1, 0, 0, 0,1213                          ,    0,         0,0,20190125 19:25:43,1531                          ,  101, 9999,  101,  101,    0,     0,     0
 ED5.2,4003                          ,4017                          ,                    ,2843      ,                ,  101,                    ,                              ,14,0,20190125 19:26:27,    0,         0,       114,65535,65535, 9999,2,                ,0000000,0, 0,         0,    0,0000000000000000000000000000000000000000,0000000000000000000000000000000000000000,         0,         0,         0,         0,1, 0, 0, 0,4003                          ,    0,       114,0,20190125 19:24:33,4017                          ,  101, 9999,  101,  101,    0,     0,     0
 ED5.2,2063                          ,1369                          ,                    ,1632      ,                ,  101,                    ,                              ,14,0,20190125 19:26:32,    0,         0,         0,65535,65535, 9999,2,                ,0000000,0, 0,         0,    0,0000000000000000000000000000000000000000,0000000000000000000000000000000000000000,         0,         0,         0,         0,1, 0, 0, 0,2063                          ,    0,         0,0,20190125 19:26:32,1369                          ,  101, 9999,  101,  101,    0,     0,     0
 ED5.2,88                            ,1369                          ,                    ,1632      ,                ,  101,                    ,                              ,14,0,20190125 19:26:34,    0,         0,         2,65535,65535, 9999,2,                ,0000000,0, 0,         0,    0,0000000000000000000000000000000000000000,0000000000000000000000000000000000000000,         0,         0,         0,         0,1, 0, 0, 0,2063                          ,    0,         2,1,20190125 19:26:32,1369                          ,  101, 9999,  101,  101,    0,     0,     0
 ED5.2,2063                          ,1369                          ,                    ,1632      ,                ,  101,                    ,                              ,14,0,20190125 19:26:51,    0,         0,         0,65535,65535, 9999,2,                ,0000000,0, 0,         0,    0,0000000000000000000000000000000000000000,0000000000000000000000000000000000000000,         0,         0,         0,         0,1, 0, 0, 0,2063                          ,    0,         0,0,20190125 19:26:51,1369                          ,  101, 9999,  101,  101,    0,     0,     0
 ED5.2,88                            ,1369                          ,                    ,1632      ,                ,  101,                    ,                              ,14,0,20190125 19:26:54,    0,         0,         3,65535,65535, 9999,2,                ,0000000,0, 0,         0,    0,0000000000000000000000000000000000000000,0000000000000000000000000000000000000000,         0,         0,         0,         0,1, 0, 0, 0,2063                          ,    0,         3,1,20190125 19:26:51,1369                          ,  101, 9999,  101,  101,    0,     0,     0
 ED5.2,1371                          ,4055                          ,                    ,2635      ,                ,  101,                    ,                              ,14,0,20190125 19:27:47,    0,         0,         0,65535,65535, 9999,2,                ,0000000,0, 0,         0,    0,0000000000000000000000000000000000000000,0000000000000000000000000000000000000000,         0,         0,         0,         0,1, 0, 0, 0,1371                          ,    0,         0,0,20190125 19:27:47,4055                          ,  101, 9999,  101,  101,    0,     0,     0
 ED5.2,1304                          ,4055                          ,                    ,2635      ,                ,  101,                    ,                              ,14,0,20190125 19:28:02,    0,         0,         0,65535,65535, 9999,2,                ,0000000,0, 0,         0,    0,0000000000000000000000000000000000000000,0000000000000000000000000000000000000000,         0,         0,         0,         0,1, 0, 0, 0,1371                          ,    0,         0,1,20190125 19:28:02,4055                          ,  101, 9999,  101,  101,    0,     0,     0
 ED5.2,1176                          ,1312                          ,                    ,1632      ,                ,  101,                    ,                              ,14,0,20190125 19:28:16,    0,         0,        19,65535,65535, 9999,2,                ,0000000,0, 0,         0,    0,0000000000000000000000000000000000000000,0000000000000000000000000000000000000000,         0,         0,         0,         0,1, 0, 0, 0,1176                          ,    0,        19,0,20190125 19:27:57,1312                          ,  101, 9999,  101,  101,    0,     0,     0
 ED5.2,1371                          ,4055                          ,                    ,2635      ,                ,  101,                    ,                              ,14,0,20190125 19:28:48,    0,         0,         0,65535,65535, 9999,2,                ,0000000,0, 0,         0,    0,0000000000000000000000000000000000000000,0000000000000000000000000000000000000000,         0,         0,         0,         0,1, 0, 0, 0,1371                          ,    0,         0,0,20190125 19:28:48,4055                          ,  101, 9999,  101,  101,    0,     0,     0
 ED5.2,1304                          ,4055                          ,                    ,2635      ,                ,  101,                    ,                              ,14,0,20190125 19:28:57,    0,         0,         0,65535,65535, 9999,2,                ,0000000,0, 0,         0,    0,0000000000000000000000000000000000000000,0000000000000000000000000000000000000000,         0,         0,         0,         0,1, 0, 0, 0,1371                          ,    0,         0,1,20190125 19:28:57,4055                          ,  101, 9999,  101,  101,    0,     0,     0
 ED5.2,1444                          ,2061                          ,                    ,4632      ,                ,  101,                    ,                              ,14,0,20190125 19:30:14,    0,         0,         0,65535,65535, 9999,2,                ,0000000,0, 0,         0,    0,0000000000000000000000000000000000000000,0000000000000000000000000000000000000000,         0,         0,         0,         0,1, 0, 0, 0,1444                          ,    0,         0,0,20190125 19:30:14,2061                          ,  101, 9999,  101,  101,    0,     0,     0
 ED5.2,1041                          ,2061                          ,                    ,4632      ,                ,  101,                    ,                              ,14,0,20190125 19:30:19,    0,         0,         0,65535,65535, 9999,2,                ,0000000,0, 0,         0,    0,0000000000000000000000000000000000000000,0000000000000000000000000000000000000000,         0,         0,         0,         0,1, 0, 0, 0,1041                          ,    0,         0,0,20190125 19:30:19,2061                          ,  101, 9999,  101,  101,    0,     0,     0
 ED5.2,1041                          ,4087                          ,                    ,2952      ,                ,  101,                    ,                              ,14,0,20190125 19:30:20,    0,         0,        35,65535,65535, 9999,2,                ,0000000,0, 0,         0,    0,0000000000000000000000000000000000000000,0000000000000000000000000000000000000000,         0,         0,         0,         0,1, 0, 0, 0,1041                          ,    0,        35,0,20190125 19:29:45,4087                          ,  101, 9999,  101,  101,    0,     0,     0
 ED5.2,663174025480                  ,FS020                         ,ETB                 ,          ,                ,  101,                    ,                              , 4,2,20190125 19:30:22,    0,         0,         4,  120,   20,  101,2,                ,0000000,3, 0,         0,    0,0000000000000000000000000000000000000000,0000000000000000000000010000000000000000,         0,         0,         0,         0,1, 0, 0, 0,A800                          ,    5,         0,0,20190125 19:30:18,                              , 9999, 9999, 9999, 9999,32767,     0,     0
 ED5.2,1035                          ,1736                          ,                    ,1635      ,                ,  101,                    ,                              ,14,0,20190125 19:33:47,    0,         0,         8,65535,65535, 9999,2,                ,0000000,0, 0,         0,    0,0000000000000000000000000000000000000000,0000000000000000000000000000000000000000,         0,         0,         0,         0,1, 0, 0, 0,1035                          ,    0,         8,0,20190125 19:33:39,1736                          ,  101, 9999,  101,  101,    0,     0,     0
 ED5.2,1041                          ,4087                          ,                    ,2952      ,                ,  101,                    ,                              ,14,0,20190125 19:34:06,    0,         0,         0,65535,65535, 9999,2,                ,0000000,0, 0,         0,    0,0000000000000000000000000000000000000000,0000000000000000000000000000000000000000,         0,         0,         0,         0,1, 0, 0, 0,1041                          ,    0,         0,0,20190125 19:34:06,4087                          ,  101, 9999,  101,  101,    0,     0,     0
 ED5.2,1307                          ,1736                          ,                    ,1635      ,                ,  101,                    ,                              ,14,0,20190125 19:34:31,    0,         0,         7,65535,65535, 9999,2,                ,0000000,0, 0,         0,    0,0000000000000000000000000000000000000000,0000000000000000000000000000000000000000,         0,         0,         0,         0,1, 0, 0, 0,1307                          ,    0,         7,0,20190125 19:34:24,1736                          ,  101, 9999,  101,  101,    0,     0,     0
 ED5.2,1557                          ,4051                          ,                    ,2635      ,                ,  101,                    ,                              ,14,0,20190125 19:34:41,    0,         0,         0,65535,65535, 9999,2,                ,0000000,0, 0,         0,    0,0000000000000000000000000000000000000000,0000000000000000000000000000000000000000,         0,         0,         0,         0,1, 0, 0, 0,1557                          ,    0,         0,0,20190125 19:34:41,4051                          ,  101, 9999,  101,  101,    0,     0,     0
 ED5.2,1060                          ,1737                          ,                    ,1635      ,                ,  101,                    ,                              ,14,0,20190125 19:36:33,    0,         0,         0,65535,65535, 9999,2,                ,0000000,0, 0,         0,    0,0000000000000000000000000000000000000000,0000000000000000000000000000000000000000,         0,         0,         0,         0,1, 0, 0, 0,1060                          ,    0,         0,0,20190125 19:36:33,1737                          ,  101, 9999,  101,  101,    0,     0,     0
 ED5.2,3243                          ,1223                          ,                    ,1632      ,                ,  101,                    ,                              ,14,0,20190125 19:36:42,    0,         0,        27,65535,65535, 9999,2,                ,0000000,0, 0,         0,    0,0000000000000000000000000000000000000000,0000000000000000000000000000000000000000,         0,         0,         0,         0,1, 0, 0, 0,3243                          ,    0,        27,0,20190125 19:36:15,1223                          ,  101, 9999,  101,  101,    0,     0,     0
 ED5.2,1060                          ,1737                          ,                    ,1635      ,                ,  101,                    ,                              ,14,0,20190125 19:36:57,    0,         0,         0,65535,65535, 9999,2,                ,0000000,0, 0,         0,    0,0000000000000000000000000000000000000000,0000000000000000000000000000000000000000,         0,         0,         0,         0,1, 0, 0, 0,1060                          ,    0,         0,0,20190125 19:36:57,1737                          ,  101, 9999,  101,  101,    0,     0,     0
 ED5.2,1893                          ,1736                          ,                    ,1635      ,                ,  101,                    ,                              ,14,0,20190125 19:37:42,    0,         0,         9,65535,65535, 9999,2,                ,0000000,0, 0,         0,    0,0000000000000000000000000000000000000000,0000000000000000000000000000000000000000,         0,         0,         0,         0,1, 0, 0, 0,1893                          ,    0,         9,0,20190125 19:37:33,1736                          ,  101, 9999,  101,  101,    0,     0,     0
 ED5.2,7436769                       ,FS020                         ,ETB                 ,          ,                ,  101,                    ,                              , 4,2,20190125 19:37:57,    0,         0,         4,  120,   20,  101,2,                ,0000000,3, 0,         0,    0,0000000000000000000000000000000000000000,0000000000000000000000010000000000000000,         0,         0,         0,         0,1, 0, 0, 0,A800                          ,    4,         0,0,20190125 19:37:53,                              , 9999, 9999, 9999, 9999,32767,     0,     0
 ED5.2,1512                          ,1736                          ,                    ,1635      ,                ,  101,                    ,                              ,14,0,20190125 19:38:02,    0,         0,         7,65535,65535, 9999,2,                ,0000000,0, 0,         0,    0,0000000000000000000000000000000000000000,0000000000000000000000000000000000000000,         0,         0,         0,         0,1, 0, 0, 0,1512                          ,    0,         7,0,20190125 19:37:55,1736                          ,  101, 9999,  101,  101,    0,     0,     0
 ED5.2,6604869                       ,1176                          ,SINDY MARCEL NAR    ,1632      ,                ,  101,                    ,                              , 0,2,20190125 19:38:29,    0,         0,       271,10001,   11,  101,2,                ,0010000,2, 1,         0,    0,1000000000000000000000000000000000000000,0000000000000000000000010000000000001000,         0,         0,         0,         0,1, 0, 0, 0,6604869                       ,    0,         0,0,20190125 19:33:58,1176                          , 9999, 9999, 9999,  101,32767,     0,     0
 ED5.2,1060                          ,1737                          ,                    ,1635      ,                ,  101,                    ,                              ,14,0,20190125 19:38:50,    0,         0,        45,65535,65535, 9999,2,                ,0000000,0, 0,         0,    0,0000000000000000000000000000000000000000,0000000000000000000000000000000000000000,         0,         0,         0,         0,1, 0, 0, 0,1060                          ,    0,        45,0,20190125 19:38:05,1737                          ,  101, 9999,  101,  101,    0,     0,     0
 ED5.2,1561                          ,1736                          ,                    ,1635      ,                ,  101,                    ,                              ,14,0,20190125 19:39:14,    0,         0,         7,65535,65535, 9999,2,                ,0000000,0, 0,         0,    0,0000000000000000000000000000000000000000,0000000000000000000000000000000000000000,         0,         0,         0,         0,1, 0, 0, 0,1561                          ,    0,         7,0,20190125 19:39:07,1736                          ,  101, 9999,  101,  101,    0,     0,     0
 ED5.2,1307                          ,1736                          ,                    ,1635      ,                ,  101,                    ,                              ,14,0,20190125 19:39:33,    0,         0,         0,65535,65535, 9999,2,                ,0000000,0, 0,         0,    0,0000000000000000000000000000000000000000,0000000000000000000000000000000000000000,         0,         0,         0,         0,1, 0, 0, 0,1307                          ,    0,         0,0,20190125 19:39:33,1736                          ,  101, 9999,  101,  101,    0,     0,     0
 ED5.2,1033                          ,1736                          ,                    ,1635      ,                ,  101,                    ,                              ,14,0,20190125 19:39:38,    0,         0,         0,65535,65535, 9999,2,                ,0000000,0, 0,         0,    0,0000000000000000000000000000000000000000,0000000000000000000000000000000000000000,         0,         0,         0,         0,1, 0, 0, 0,1307                          ,    0,         0,1,20190125 19:39:38,1736                          ,  101, 9999,  101,  101,    0,     0,     0
 ED5.2,6604869                       ,1442                          ,DIANA VANESS RAM    ,1632      ,                ,  101,                    ,                              , 0,2,20190125 19:39:42,    0,         0,         0,10003,   11,  101,2,                ,0010000,2, 1,         0,    0,1000000000000000000000000000000000000000,0000000000000000000000010000000000001000,         0,         0,         0,         0,1, 0, 0, 0,6604869                       ,    0,         0,0,20190125 19:39:42,1442                          , 9999, 9999, 9999,  101,32767,     0,     0
 ED5.2,1237                          ,1561                          ,                    ,1952      ,                ,  101,                    ,                              ,14,0,20190125 19:40:10,    0,         0,        51,65535,65535, 9999,2,                ,0000000,0, 0,         0,    0,0000000000000000000000000000000000000000,0000000000000000000000000000000000000000,         0,         0,         0,         0,1, 0, 0, 0,1237                          ,    0,        51,0,20190125 19:39:19,1561                          ,  101, 9999,  101,  101,    0,     0,     0
 ED5.2,1559                          ,1531                          ,                    ,1638      ,                ,  101,                    ,                              ,14,0,20190125 19:40:18,    0,         0,        74,65535,65535, 9999,2,                ,0000000,0, 0,         0,    0,0000000000000000000000000000000000000000,0000000000000000000000000000000000000000,         0,         0,         0,         0,1, 0, 0, 0,1559                          ,    0,        74,0,20190125 19:39:04,1531                          ,  101, 9999,  101,  101,    0,     0,     0
 ED5.2,1041                          ,2061                          ,                    ,4632      ,                ,  101,                    ,                              ,14,0,20190125 19:40:49,    0,         0,         0,65535,65535, 9999,2,                ,0000000,0, 0,         0,    0,0000000000000000000000000000000000000000,0000000000000000000000000000000000000000,         0,         0,         0,         0,1, 0, 0, 0,1041                          ,    0,         0,0,20190125 19:40:49,2061                          ,  101, 9999,  101,  101,    0,     0,     0
 ED5.2,1525                          ,2061                          ,                    ,4632      ,                ,  101,                    ,                              ,14,0,20190125 19:41:05,    0,         0,         0,65535,65535, 9999,2,                ,0000000,0, 0,         0,    0,0000000000000000000000000000000000000000,0000000000000000000000000000000000000000,         0,         0,         0,         0,1, 0, 0, 0,1041                          ,    0,         0,1,20190125 19:41:05,2061                          ,  101, 9999,  101,  101,    0,     0,     0
 ED5.2,1890                          ,2061                          ,                    ,4632      ,                ,  101,                    ,                              ,14,0,20190125 19:41:06,    0,         0,         0,65535,65535, 9999,2,                ,0000000,0, 0,         0,    0,0000000000000000000000000000000000000000,0000000000000000000000000000000000000000,         0,         0,         0,         0,1, 0, 0, 0,1041                          ,    0,         0,1,20190125 19:41:06,2061                          ,  101, 9999,  101,  101,    0,     0,     0
 ED5.2,3914582                       ,1517                          ,VIVIANA MARC HOR    ,1952      ,                ,  101,                    ,                              , 0,2,20190125 19:41:13,    0,         0,       180,10002,   11,  101,2,                ,0010000,2, 1,         0,    0,1000000000000000000000000000000000000000,0000000000000000000000010000000000001000,         0,         0,         0,         0,1, 0, 0, 0,3914582                       ,    0,         0,0,20190125 19:38:13,1517                          , 9999, 9999, 9999,  101,32767,     0,     0
 ED5.2,1559                          ,2061                          ,                    ,4632      ,                ,  101,                    ,                              ,14,0,20190125 19:41:30,    0,         0,         0,65535,65535, 9999,2,                ,0000000,0, 0,         0,    0,0000000000000000000000000000000000000000,0000000000000000000000000000000000000000,         0,         0,         0,         0,1, 0, 0, 0,1559                          ,    0,         0,0,20190125 19:41:30,2061                          ,  101, 9999,  101,  101,    0,     0,     0
 ED5.2,3948092                       ,1239                          ,WILLINTONG MUNOZ    ,1949      ,                ,  101,                    ,                              , 4,2,20190125 19:41:54,    0,         0,        23,  120,   20,  101,2,                ,0000000,3, 0,         0,    0,0000000000000000000000000000000000000000,0000000000000000000000010000000000000000,         0,         0,         0,         0,1, 0, 0, 0,A800                          ,   23,         0,0,20190125 19:41:31,                              , 9999, 9999, 9999, 9999,32767,     0,     0
 ED5.2,1559                          ,1531                          ,                    ,1638      ,                ,  101,                    ,                              ,14,0,20190125 19:41:54,    0,         0,        27,65535,65535, 9999,2,                ,0000000,0, 0,         0,    0,0000000000000000000000000000000000000000,0000000000000000000000000000000000000000,         0,         0,         0,         0,1, 0, 0, 0,1559                          ,    0,        27,0,20190125 19:41:27,1531                          ,  101, 9999,  101,  101,    0,     0,     0
 ED5.2,6604869                       ,1442                          ,DIANA VANESS RAM    ,1632      ,                ,  101,                    ,                              , 0,2,20190125 19:42:42,    0,         0,       152,10001,   11,  101,2,                ,0010000,2, 1,         0,    0,1000000000000000000000000000000000000000,0000000000000000000000010000000000001000,         0,         0,         0,         0,1, 0, 0, 0,6604869                       ,    0,         0,0,20190125 19:40:10,1442                          , 9999, 9999, 9999,  101,32767,     0,     0
 ED5.2,1559                          ,4055                          ,                    ,2635      ,                ,  101,                    ,                              ,14,0,20190125 19:43:03,    0,         0,        36,65535,65535, 9999,2,                ,0000000,0, 0,         0,    0,0000000000000000000000000000000000000000,0000000000000000000000000000000000000000,         0,         0,         0,         0,1, 0, 0, 0,1559                          ,    0,        36,0,20190125 19:42:27,4055                          ,  101, 9999,  101,  101,    0,     0,     0
 ED5.2,1444                          ,2061                          ,                    ,4632      ,                ,  101,                    ,                              ,14,0,20190125 19:45:06,    0,         0,       210,65535,65535, 9999,2,                ,0000000,0, 0,         0,    0,0000000000000000000000000000000000000000,0000000000000000000000000000000000000000,         0,         0,         0,         0,1, 0, 0, 0,1444                          ,    0,       210,0,20190125 19:41:36,2061                          ,  101, 9999,  101,  101,    0,     0,     0
 ED5.2,9072500                       ,1517                          ,VIVIANA MARC HOR    ,1952      ,                ,  101,                    ,                              , 0,2,20190125 19:46:59,    0,         0,        70,10001,   11,  101,2,                ,0010000,2, 1,         0,    0,1000000000000000000000000000000000000000,0000000000000000000000010000000000001000,         0,         0,         0,         0,1, 0, 0, 0,9072500                       ,    0,         0,0,20190125 19:45:49,1517                          , 9999, 9999, 9999,  101,32767,     0,     0
 ED5.2,1041                          ,2061                          ,                    ,4632      ,                ,  101,                    ,                              ,14,0,20190125 19:47:05,    0,         0,         0,65535,65535, 9999,2,                ,0000000,0, 0,         0,    0,0000000000000000000000000000000000000000,0000000000000000000000000000000000000000,         0,         0,         0,         0,1, 0, 0, 0,1041                          ,    0,         0,0,20190125 19:47:05,2061                          ,  101, 9999,  101,  101,    0,     0,     0
 ED5.2,9236848                       ,1341                          ,DIANA PATRIC GOM    ,1945      ,                ,  101,                    ,                              , 0,2,20190125 19:49:50,    0,         0,       122,10001,   11,  101,2,                ,0010000,2, 1,         0,    0,1000000000000000000000000000000000000000,0000000000000000000000010000000000001000,         0,         0,         0,         0,1, 0, 0, 0,9236848                       ,    0,         0,0,20190125 19:47:48,1341                          , 9999, 9999, 9999,  101,32767,     0,     0
 ED5.2,1041                          ,2061                          ,                    ,4632      ,                ,  101,                    ,                              ,14,0,20190125 19:50:49,    0,         0,         0,65535,65535, 9999,2,                ,0000000,0, 0,         0,    0,0000000000000000000000000000000000000000,0000000000000000000000000000000000000000,         0,         0,         0,         0,1, 0, 0, 0,1041                          ,    0,         0,0,20190125 19:50:49,2061                          ,  101, 9999,  101,  101,    0,     0,     0
 ED5.2,1525                          ,2061                          ,                    ,4632      ,                ,  101,                    ,                              ,14,0,20190125 19:50:56,    0,         0,         0,65535,65535, 9999,2,                ,0000000,0, 0,         0,    0,0000000000000000000000000000000000000000,0000000000000000000000000000000000000000,         0,         0,         0,         0,1, 0, 0, 0,1041                          ,    0,         0,1,20190125 19:50:56,2061                          ,  101, 9999,  101,  101,    0,     0,     0
 ED5.2,2123505                       ,1370                          ,JUAN MANUEL PATI    ,1949      ,                ,  101,                    ,                              , 0,2,20190125 19:51:12,    0,         0,        29,10001,   11,  101,2,                ,0010000,2, 1,         0,    0,1000000000000000000000000000000000000000,0000000000000000000000010000000000001000,         0,         0,         0,         0,1, 0, 0, 0,2123505                       ,    0,         0,0,20190125 19:50:43,1370                          , 9999, 9999, 9999,  101,32767,     0,     0
 ED5.2,8067326                       ,1137                          ,DORA NELLY GUTIE    ,1952      ,                ,  101,                    ,                              , 0,2,20190125 19:51:28,    0,         0,        95,10865,   82,  101,2,                ,0010000,2, 1,         0,    0,1000000000000000000000000000000000000000,0000000000000000000000010000000000001000,         0,         0,         0,         0,1, 0, 0, 0,8067326                       ,    0,         0,0,20190125 19:49:53,1137                          , 9999, 9999, 9999,  101,32767,     0,     0
 ED5.2,1041                          ,2061                          ,                    ,4632      ,                ,  101,                    ,                              ,14,0,20190125 19:51:37,    0,         0,         0,65535,65535, 9999,2,                ,0000000,0, 0,         0,    0,0000000000000000000000000000000000000000,0000000000000000000000000000000000000000,         0,         0,         0,         0,1, 0, 0, 0,1041                          ,    0,         0,0,20190125 19:51:37,2061                          ,  101, 9999,  101,  101,    0,     0,     0
 ED5.2,7436769                       ,1600                          ,RECEPCION COUNTR    ,1635      ,                ,  101,                    ,                              , 4,2,20190125 19:53:07,    0,         0,        51,  120,   20,  101,2,                ,0000000,3, 0,         0,    0,0000000000000000000000000000000000000000,0000000000000000000000010000000000000000,         0,         0,         0,         0,1, 0, 0, 0,A800                          ,   51,         0,1,20190125 19:52:16,                              , 9999, 9999, 9999, 9999,32767,     0,     0
 ED5.2,4                             ,4005                          ,YULY ANDREA BARO    ,2952      ,                ,  101,                    ,                              , 0,2,20190125 19:54:54,    0,         0,         0,10445,   15,  101,2,                ,0010000,2, 1,         0,    0,1000000000000000000000000000000000000000,0000000000000000000000010000000000001000,         0,         0,         0,         0,1, 0, 0, 0,4                             ,    0,         0,0,20190125 19:54:54,4005                          , 9999, 9999, 9999,  101,32767,     0,     0
 ED5.2,3490250                       ,4005                          ,YULY ANDREA BARO    ,2952      ,                ,  101,                    ,                              , 0,2,20190125 19:55:02,    0,         0,         0,10445,   15,  101,2,                ,0010000,2, 1,         0,    0,1000000000000000000000000000000000000000,0000000000000000000000010000000000001000,         0,         0,         0,         0,1, 0, 0, 0,3490250                       ,    0,         0,0,20190125 19:55:02,4005                          , 9999, 9999, 9999,  101,32767,     0,     0
 ED5.2,1176                          ,1312                          ,                    ,1632      ,                ,  101,                    ,                              ,14,0,20190125 19:55:50,    0,         0,        14,65535,65535, 9999,2,                ,0000000,0, 0,         0,    0,0000000000000000000000000000000000000000,0000000000000000000000000000000000000000,         0,         0,         0,         0,1, 0, 0, 0,1176                          ,    0,        14,0,20190125 19:55:36,1312                          ,  101, 9999,  101,  101,    0,     0,     0
 ED5.2,1559                          ,1531                          ,                    ,1638      ,                ,  101,                    ,                              ,14,0,20190125 19:56:06,    0,         0,         0,65535,65535, 9999,2,                ,0000000,0, 0,         0,    0,0000000000000000000000000000000000000000,0000000000000000000000000000000000000000,         0,         0,         0,         0,1, 0, 0, 0,1559                          ,    0,         0,0,20190125 19:56:06,1531                          ,  101, 9999,  101,  101,    0,     0,     0
 ED5.2,3490250                       ,4005                          ,YULY ANDREA BARO    ,2952      ,                ,  101,                    ,                              , 0,2,20190125 19:56:44,    0,         0,         0,10445,   15,  101,2,                ,0010000,2, 1,         0,    0,1000000000000000000000000000000000000000,0000000000000000000000010000000000001000,         0,         0,         0,         0,1, 0, 0, 0,3490250                       ,    0,         0,0,20190125 19:56:44,4005                          , 9999, 9999, 9999,  101,32767,     0,     0
 ED5.2,1559                          ,1531                          ,                    ,1638      ,                ,  101,                    ,                              ,14,0,20190125 19:57:06,    0,         0,         0,65535,65535, 9999,2,                ,0000000,0, 0,         0,    0,0000000000000000000000000000000000000000,0000000000000000000000000000000000000000,         0,         0,         0,         0,1, 0, 0, 0,1559                          ,    0,         0,0,20190125 19:57:06,1531                          ,  101, 9999,  101,  101,    0,     0,     0
 ED5.2,072972231                     ,4003                          ,JUDY FRANCEL JAR    ,2952      ,                ,  101,                    ,                              , 4,2,20190125 19:58:15,    0,         0,       142,10446,   15,  101,2,                ,0000000,2, 0,         0,    0,0000000000000000000000000000000000000000,0000000000000000000000010000000000000000,         0,         0,         0,         0,1, 0, 0, 0,A800                          ,   18,       125,0,20190125 19:55:53,                              , 9999, 9999, 9999, 9999,32767,     0,     0
 ED5.2,1559                          ,1531                          ,                    ,1638      ,                ,  101,                    ,                              ,14,0,20190125 19:58:58,    0,         0,         0,65535,65535, 9999,2,                ,0000000,0, 0,         0,    0,0000000000000000000000000000000000000000,0000000000000000000000000000000000000000,         0,         0,         0,         0,1, 0, 0, 0,1559                          ,    0,         0,0,20190125 19:58:58,1531                          ,  101, 9999,  101,  101,    0,     0,     0
 ED5.2,1534                          ,1736                          ,                    ,1635      ,                ,  101,                    ,                              ,14,0,20190125 19:59:39,    0,         0,         7,65535,65535, 9999,2,                ,0000000,0, 0,         0,    0,0000000000000000000000000000000000000000,0000000000000000000000000000000000000000,         0,         0,         0,         0,1, 0, 0, 0,1534                          ,    0,         7,0,20190125 19:59:32,1736                          ,  101, 9999,  101,  101,    0,     0,     0
 ED5.2,1222                          ,1531                          ,                    ,1638      ,                ,  101,                    ,                              ,14,0,20190125 19:59:41,    0,         0,         0,65535,65535, 9999,2,                ,0000000,0, 0,         0,    0,0000000000000000000000000000000000000000,0000000000000000000000000000000000000000,         0,         0,         0,         0,1, 0, 0, 0,1222                          ,    0,         0,0,20190125 19:59:41,1531                          ,  101, 9999,  101,  101,    0,     0,     0
 ED5.2,1176                          ,1531                          ,                    ,1638      ,                ,  101,                    ,                              ,14,0,20190125 19:59:42,    0,         0,         0,65535,65535, 9999,2,                ,0000000,0, 0,         0,    0,0000000000000000000000000000000000000000,0000000000000000000000000000000000000000,         0,         0,         0,         0,1, 0, 0, 0,1222                          ,    0,         0,1,20190125 19:59:42,1531                          ,  101, 9999,  101,  101,    0,     0,     0
 ED5.2,1032                          ,1736                          ,                    ,1635      ,                ,  101,                    ,                              ,14,0,20190125 19:59:52,    0,         0,         7,65535,65535, 9999,2,                ,0000000,0, 0,         0,    0,0000000000000000000000000000000000000000,0000000000000000000000000000000000000000,         0,         0,         0,         0,1, 0, 0, 0,1032                          ,    0,         7,0,20190125 19:59:45,1736                          ,  101, 9999,  101,  101,    0,     0,     0
 ED5.2,3243                          ,1736                          ,                    ,1635      ,                ,  101,                    ,                              ,14,0,20190125 20:00:04,    0,         0,         6,65535,65535, 9999,2,                ,0000000,0, 0,         0,    0,0000000000000000000000000000000000000000,0000000000000000000000000000000000000000,         0,         0,         0,         0,1, 0, 0, 0,3243                          ,    0,         6,0,20190125 19:59:58,1736                          ,  101, 9999,  101,  101,    0,     0,     0
