 ED5.2,033122899597                  ,2009                          ,RECEPCION CA CAL    ,4635      ,                ,  101,                    ,                              , 4,2,20181203 20:14:24,    0,         0,        55,  316,   65,  101,2,                ,0000000,3, 0,         0,    0,0000000000000000000000000000000000000000,0000000000000000000000010000000000000000,         0,         0,         0,         0,1, 0, 0, 0,A600                          ,   56,         0,1,20181203 20:13:29,                              , 9999, 9999, 9999, 9999,32767,     0,     0
 ED5.2,033122899597                  ,2014                          ,RECEPCION 2 CALI    ,4635      ,                ,  101,                    ,                              , 4,2,20181203 20:15:29,    0,         0,        53,  317,   65,  101,2,                ,0000000,3, 0,         0,    0,0000000000000000000000000000000000000000,0000000000000000000000010000000000000000,         0,         0,         0,         0,1, 0, 0, 0,A600                          ,   54,         0,1,20181203 20:14:36,                              , 9999, 9999, 9999, 9999,32767,     0,     0
 ED5.2,1444                          ,1736                          ,                    ,1635      ,                ,  101,                    ,                              ,14,0,20181203 20:15:52,    0,         0,         7,65535,65535, 9999,2,                ,0000000,0, 0,         0,    0,0000000000000000000000000000000000000000,0000000000000000000000000000000000000000,         0,         0,         0,         0,1, 0, 0, 0,1444                          ,    0,         7,0,20181203 20:15:45,1736                          ,  101, 9999,  101,  101,    0,     0,     0
 ED5.2,1820                          ,1736                          ,                    ,1635      ,                ,  101,                    ,                              ,14,0,20181203 20:16:06,    0,         0,         8,65535,65535, 9999,2,                ,0000000,0, 0,         0,    0,0000000000000000000000000000000000000000,0000000000000000000000000000000000000000,         0,         0,         0,         0,1, 0, 0, 0,1820                          ,    0,         8,0,20181203 20:15:58,1736                          ,  101, 9999,  101,  101,    0,     0,     0
 ED5.2,033122899597                  ,3501                          ,RECEPCION AUXILI    ,4675      ,                ,  101,                    ,                              , 4,2,20181203 20:16:26,    0,         0,        47,  318,   65,  101,2,                ,0000000,3, 0,         0,    0,0000000000000000000000000000000000000000,0000000000000000000000010000000000000000,         0,         0,         0,         0,1, 0, 0, 0,A600                          ,   47,         0,1,20181203 20:15:39,                              , 9999, 9999, 9999, 9999,32767,     0,     0
 ED5.2,6604869                       ,1150                          ,LINA VANESA GALI    ,1952      ,                ,  101,                    ,                              , 0,2,20181203 20:16:43,    0,         0,        41,10001,   11,  101,2,                ,0010000,2, 1,         0,    0,1000000000000000000000000000000000000000,0000000000000000000000010000000000001000,         0,         0,         0,         0,1, 0, 0, 0,6604869                       ,    0,         0,0,20181203 20:16:02,1150                          , 9999, 9999, 9999,  101,32767,     0,     0
 ED5.2,6439030                       ,1685                          ,VISACION 5          ,1949      ,                ,  101,                    ,                              , 0,2,20181203 20:16:56,    0,         0,      1199,10865,   82,  101,2,                ,0010000,2, 1,         0,    0,1000000000000000000000000000000000000000,0000000000000000000000010000000000001000,         0,         0,         0,         0,1, 0, 0, 0,6439030                       ,    0,         0,0,20181203 19:56:57,1685                          , 9999, 9999, 9999,  101,32767,     0,     0
 ED5.2,1175                          ,1736                          ,                    ,1635      ,                ,  101,                    ,                              ,14,0,20181203 20:17:29,    0,         0,         7,65535,65535, 9999,2,                ,0000000,0, 0,         0,    0,0000000000000000000000000000000000000000,0000000000000000000000000000000000000000,         0,         0,         0,         0,1, 0, 0, 0,1175                          ,    0,         7,0,20181203 20:17:22,1736                          ,  101, 9999,  101,  101,    0,     0,     0
 ED5.2,4349213                       ,1314                          ,INGENIERO DESARR    ,1945      ,                ,  101,                    ,                              , 0,2,20181203 20:18:11,    0,         0,       116,10002,   11,  101,2,                ,0010000,2, 1,         0,    0,1000000000000000000000000000000000000000,0000000000000000000000010000000000001000,         0,         0,         0,         0,1, 0, 0, 0,4349213                       ,    0,         0,0,20181203 20:16:15,1314                          , 9999, 9999, 9999,  101,32767,     0,     0
 ED5.2,1339                          ,3243                          ,                    ,1949      ,                ,  101,                    ,                              ,14,0,20181203 20:19:45,    0,         0,        60,65535,65535, 9999,2,                ,0000000,0, 0,         0,    0,0000000000000000000000000000000000000000,0000000000000000000000000000000000000000,         0,         0,         0,         0,1, 0, 0, 0,1339                          ,    0,        60,0,20181203 20:18:45,3243                          ,  101, 9999,  101,  101,    0,     0,     0
 ED5.2,074899303                     ,4019                          ,NORELY DEL S RIO    ,2952      ,                ,  101,                    ,                              , 4,2,20181203 20:19:53,    0,         0,        35,10445,   15,  101,2,                ,0000000,2, 0,         0,    0,0000000000000000000000000000000000000000,0000000000000000000000010000000000000000,         0,         0,         0,         0,1, 0, 0, 0,A800                          ,   12,        23,0,20181203 20:19:18,                              , 9999, 9999, 9999, 9999,32767,     0,     0
 ED5.2,1150                          ,1736                          ,                    ,1635      ,                ,  101,                    ,                              ,14,0,20181203 20:21:09,    0,         0,        14,65535,65535, 9999,2,                ,0000000,0, 0,         0,    0,0000000000000000000000000000000000000000,0000000000000000000000000000000000000000,         0,         0,         0,         0,1, 0, 0, 0,1150                          ,    0,        14,0,20181203 20:20:55,1736                          ,  101, 9999,  101,  101,    0,     0,     0
 ED5.2,3243                          ,1736                          ,                    ,1635      ,                ,  101,                    ,                              ,14,0,20181203 20:23:04,    0,         0,         8,65535,65535, 9999,2,                ,0000000,0, 0,         0,    0,0000000000000000000000000000000000000000,0000000000000000000000000000000000000000,         0,         0,         0,         0,1, 0, 0, 0,3243                          ,    0,         8,0,20181203 20:22:56,1736                          ,  101, 9999,  101,  101,    0,     0,     0
 ED5.2,3136                          ,3228                          ,                    ,1979      ,                ,  101,                    ,                              ,14,0,20181203 20:25:30,    0,         0,        35,65535,65535, 9999,2,                ,0000000,0, 0,         0,    0,0000000000000000000000000000000000000000,0000000000000000000000000000000000000000,         0,         0,         0,         0,1, 0, 0, 0,3136                          ,    0,        35,0,20181203 20:24:55,3228                          ,  101, 9999,  101,  101,    0,     0,     0
 ED5.2,6113030                       ,1820                          ,VICKY ALEJAN BAR    ,1632      ,                ,  101,                    ,                              , 0,2,20181203 20:32:26,    0,         0,         0,10001,   11,  101,2,                ,0010000,2, 1,         0,    0,1000000000000000000000000000000000000000,0000000000000000000000010000000000001000,         0,         0,         0,         0,1, 0, 0, 0,6113030                       ,    0,         0,0,20181203 20:32:26,1820                          , 9999, 9999, 9999,  101,32767,     0,     0
 ED5.2,1418                          ,1736                          ,                    ,1635      ,                ,  101,                    ,                              ,14,0,20181203 20:33:39,    0,         0,         8,65535,65535, 9999,2,                ,0000000,0, 0,         0,    0,0000000000000000000000000000000000000000,0000000000000000000000000000000000000000,         0,         0,         0,         0,1, 0, 0, 0,1418                          ,    0,         8,0,20181203 20:33:31,1736                          ,  101, 9999,  101,  101,    0,     0,     0
 ED5.2,3337                          ,1736                          ,                    ,1635      ,                ,  101,                    ,                              ,14,0,20181203 20:34:16,    0,         0,        12,65535,65535, 9999,2,                ,0000000,0, 0,         0,    0,0000000000000000000000000000000000000000,0000000000000000000000000000000000000000,         0,         0,         0,         0,1, 0, 0, 0,3337                          ,    0,        12,0,20181203 20:34:04,1736                          ,  101, 9999,  101,  101,    0,     0,     0
 ED5.2,1334                          ,1736                          ,                    ,1635      ,                ,  101,                    ,                              ,14,0,20181203 20:40:00,    0,         0,         0,65535,65535, 9999,2,                ,0000000,0, 0,         0,    0,0000000000000000000000000000000000000000,0000000000000000000000000000000000000000,         0,         0,         0,         0,1, 0, 0, 0,1334                          ,    0,         0,0,20181203 20:40:00,1736                          ,  101, 9999,  101,  101,    0,     0,     0
 ED5.2,1175                          ,1444                          ,                    ,1632      ,                ,  101,                    ,                              ,14,0,20181203 20:49:19,    0,         0,        19,65535,65535, 9999,2,                ,0000000,0, 0,         0,    0,0000000000000000000000000000000000000000,0000000000000000000000000000000000000000,         0,         0,         0,         0,1, 0, 0, 0,1175                          ,    0,        19,0,20181203 20:49:00,1444                          ,  101, 9999,  101,  101,    0,     0,     0
 ED5.2,4718077                       ,1444                          ,SANDRA YAMIL BAL    ,1632      ,                ,  101,                    ,                              , 0,2,20181203 20:53:32,    0,         0,        46,10001,   11,  101,2,                ,0010000,2, 1,         0,    0,1000000000000000000000000000000000000000,0000000000000000000000010000000000001000,         0,         0,         0,         0,1, 0, 0, 0,4718077                       ,    0,         0,0,20181203 20:52:46,1444                          , 9999, 9999, 9999,  101,32767,     0,     0
 ED5.2,1175                          ,1444                          ,                    ,1632      ,                ,  101,                    ,                              ,14,0,20181203 21:03:52,    0,         0,       117,65535,65535, 9999,2,                ,0000000,0, 0,         0,    0,0000000000000000000000000000000000000000,0000000000000000000000000000000000000000,         0,         0,         0,         0,1, 0, 0, 0,1175                          ,    0,       117,0,20181203 21:01:55,1444                          ,  101, 9999,  101,  101,    0,     0,     0
