 ED5.2,7777                          ,1166                          ,                    ,1952      ,                ,  101,                    ,                              , 3,0,20181123 07:02:30,    0,         0,         0,65535,65535, 9999,2,                ,0000000,0, 0,         0,    0,0000000000000000000000000000000000000000,0000000000000000000000000000000000000000,         0,         0,         0,         0,1, 0, 0, 0,7777                          ,    0,         0,0,20181123 07:02:30,1166                          ,  101, 9999,  101,  101,    0,     0,     0
 ED5.2,1060                          ,1161                          ,                    ,1110      ,                ,  101,                    ,                              ,14,0,20181123 07:02:53,    0,         0,         0,65535,65535, 9999,2,                ,0000000,0, 0,         0,    0,0000000000000000000000000000000000000000,0000000000000000000000000000000000000000,         0,         0,         0,         0,1, 0, 0, 0,1060                          ,    0,         0,0,20181123 07:02:53,1161                          ,  101, 9999,  101,  101,    0,     0,     0
 ED5.2,------------------------------,******************************,                    ,**********,                ,  101,                    ,******************************, 4,2,20181123 07:04:39,    0,         0,        28,  282,   62,  101,2,                ,0000000,3, 0,         0,    0,0000000000000000000000000000000000000000,0000000000000000000000010000000000000000,         0,         0,         0,         0,1, 0, 0, 0,------------------------------,   23,         5,1,20181123 07:04:11,******************************, 9999, 9999, 9999, 9999,32767,     0,     0
 ED5.2,1205                          ,1737                          ,                    ,1635      ,                ,  101,                    ,                              ,14,0,20181123 07:05:37,    0,         0,         0,65535,65535, 9999,2,                ,0000000,0, 0,         0,    0,0000000000000000000000000000000000000000,0000000000000000000000000000000000000000,         0,         0,         0,         0,1, 0, 0, 0,1205                          ,    0,         0,0,20181123 07:05:37,1737                          ,  101, 9999,  101,  101,    0,     0,     0
 ED5.2,1229                          ,1737                          ,                    ,1635      ,                ,  101,                    ,                              ,14,0,20181123 07:05:53,    0,         0,         0,65535,65535, 9999,2,                ,0000000,0, 0,         0,    0,0000000000000000000000000000000000000000,0000000000000000000000000000000000000000,         0,         0,         0,         0,1, 0, 0, 0,1205                          ,    0,         0,1,20181123 07:05:53,1737                          ,  101, 9999,  101,  101,    0,     0,     0
 ED5.2,1248                          ,1737                          ,                    ,1635      ,                ,  101,                    ,                              ,14,0,20181123 07:06:08,    0,         0,         0,65535,65535, 9999,2,                ,0000000,0, 0,         0,    0,0000000000000000000000000000000000000000,0000000000000000000000000000000000000000,         0,         0,         0,         0,1, 0, 0, 0,1205                          ,    0,         0,1,20181123 07:06:08,1737                          ,  101, 9999,  101,  101,    0,     0,     0
 ED5.2,1132                          ,1737                          ,                    ,1635      ,                ,  101,                    ,                              ,14,0,20181123 07:06:10,    0,         0,         0,65535,65535, 9999,2,                ,0000000,0, 0,         0,    0,0000000000000000000000000000000000000000,0000000000000000000000000000000000000000,         0,         0,         0,         0,1, 0, 0, 0,1205                          ,    0,         0,1,20181123 07:06:10,1737                          ,  101, 9999,  101,  101,    0,     0,     0
 ED5.2,1191                          ,3443                          ,                    ,2466      ,                ,  101,                    ,                              ,14,0,20181123 07:07:25,    0,         0,         0,65535,65535, 9999,2,                ,0000000,0, 0,         0,    0,0000000000000000000000000000000000000000,0000000000000000000000000000000000000000,         0,         0,         0,         0,1, 0, 0, 0,1191                          ,    0,         0,0,20181123 07:07:25,3443                          ,  101, 9999,  101,  101,    0,     0,     0
 ED5.2,7777                          ,1166                          ,                    ,1952      ,                ,  101,                    ,                              , 3,0,20181123 07:07:35,    0,         0,         0,65535,65535, 9999,2,                ,0000000,0, 0,         0,    0,0000000000000000000000000000000000000000,0000000000000000000000000000000000000000,         0,         0,         0,         0,1, 0, 0, 0,7777                          ,    0,         0,0,20181123 07:07:35,1166                          ,  101, 9999,  101,  101,    0,     0,     0
 ED5.2,2010                          ,2045                          ,                    ,4949      ,                ,  101,                    ,                              ,14,0,20181123 07:09:22,    0,         0,         0,65535,65535, 9999,2,                ,0000000,0, 0,         0,    0,0000000000000000000000000000000000000000,0000000000000000000000000000000000000000,         0,         0,         0,         0,1, 0, 0, 0,2010                          ,    0,         0,0,20181123 07:09:22,2045                          ,  101, 9999,  101,  101,    0,     0,     0
 ED5.2,6466565                       ,1161                          ,KATERINE GUARNIZ    ,1110      ,                ,  101,                    ,                              , 0,2,20181123 07:09:23,    0,         0,        86, 1951,   11,  101,2,                ,0010000,2, 1,         0,    0,1000000000000000000000000000000000000000,0000000000000000000000010000000000001000,         0,         0,         0,         0,1, 0, 0, 0,6466565                       ,    0,         0,0,20181123 07:07:57,1161                          , 9999, 9999, 9999,  101,32767,     0,     0
 ED5.2,7426406                       ,1420                          ,CAJA 16             ,1949      ,                ,  101,                    ,                              , 4,2,20181123 07:11:09,    0,         0,        58,  120,   20,  101,2,                ,0000000,3, 0,         0,    0,0000000000000000000000000000000000000000,0000000000000000000000010000000000000000,         0,         0,         0,         0,1, 0, 0, 0,A800                          ,   59,         0,1,20181123 07:10:11,                              , 9999, 9999, 9999, 9999,32767,     0,     0
 ED5.2,2032                          ,2045                          ,                    ,4949      ,                ,  101,                    ,                              ,14,0,20181123 07:12:21,    0,         0,        70,65535,65535, 9999,2,                ,0000000,0, 0,         0,    0,0000000000000000000000000000000000000000,0000000000000000000000000000000000000000,         0,         0,         0,         0,1, 0, 0, 0,2032                          ,    0,        70,0,20181123 07:11:11,2045                          ,  101, 9999,  101,  101,    0,     0,     0
