 ED5.2,4023                          ,1188                          ,                    ,1945      ,                ,  101,                    ,                              ,14,0,20190109 19:00:32,    0,         0,      1113,65535,65535, 9999,2,                ,0000000,0, 0,         0,    0,0000000000000000000000000000000000000000,0000000000000000000000000000000000000000,         0,         0,         0,         0,1, 0, 0, 0,4023                          ,    0,      1113,0,20190109 18:41:59,1188                          ,  101, 9999,  101,  101,    0,     0,     0
 ED5.2,1593                          ,1402                          ,                    ,1952      ,                ,  101,                    ,                              ,14,0,20190109 19:00:34,    0,         0,         0,65535,65535, 9999,2,                ,0000000,0, 0,         0,    0,0000000000000000000000000000000000000000,0000000000000000000000000000000000000000,         0,         0,         0,         0,1, 0, 0, 0,1593                          ,    0,         0,0,20190109 19:00:34,1402                          ,  101, 9999,  101,  101,    0,     0,     0
 ED5.2,1041                          ,3337                          ,                    ,1949      ,                ,  101,                    ,                              ,14,0,20190109 19:01:23,    0,         0,         0,65535,65535, 9999,2,                ,0000000,0, 0,         0,    0,0000000000000000000000000000000000000000,0000000000000000000000000000000000000000,         0,         0,         0,         0,1, 0, 0, 0,1041                          ,    0,         0,0,20190109 19:01:23,3337                          ,  101, 9999,  101,  101,    0,     0,     0
 ED5.2,1525                          ,3337                          ,                    ,1949      ,                ,  101,                    ,                              ,14,0,20190109 19:01:37,    0,         0,         0,65535,65535, 9999,2,                ,0000000,0, 0,         0,    0,0000000000000000000000000000000000000000,0000000000000000000000000000000000000000,         0,         0,         0,         0,1, 0, 0, 0,1041                          ,    0,         0,1,20190109 19:01:37,3337                          ,  101, 9999,  101,  101,    0,     0,     0
 ED5.2,6604876                       ,1367                          ,CLAUDIA MARC GRA    ,1952      ,                ,  101,                    ,                              , 0,2,20190109 19:01:42,    0,         0,       413,10002,   11,  101,2,                ,0010000,2, 1,         0,    0,1000000000000000000000000000000000000000,0000000000000000000000010000000000001000,         0,         0,         0,         0,1, 0, 0, 0,6604876                       ,    0,         0,0,20190109 18:54:49,1367                          , 9999, 9999, 9999,  101,32767,     0,     0
 ED5.2,663174716428                  ,FS020                         ,ETB                 ,          ,                ,  101,                    ,                              , 4,2,20190109 19:01:44,    0,         0,        36,  120,   20,  101,2,                ,0000000,2, 0,         0,    0,0000000000000000000000000000000000000000,0000000000000000000000010000000000000000,         0,         0,         0,         0,1, 0, 0, 0,A800                          ,   37,         0,0,20190109 19:01:08,                              , 9999, 9999, 9999, 9999,32767,     0,     0
 ED5.2,53458489                      ,FS082                         ,SIPsalida           ,          ,                ,  101,                    ,                              , 4,2,20190109 19:02:17,    0,         0,         0,10865,   82,  101,2,                ,0000000,2, 0,         0,    0,0000000000000000000000000000000000000000,0000000000000000000000010000000000000000,         0,         0,         0,         0,1, 0, 0, 0,A900                          ,    1,         0,0,20190109 19:02:17,                              , 9999, 9999, 9999, 9999,32767,     0,     0
 ED5.2,663174716428                  ,FS020                         ,ETB                 ,          ,                ,  101,                    ,                              , 4,2,20190109 19:02:27,    0,         0,        34,  120,   20,  101,2,                ,0000000,2, 0,         0,    0,0000000000000000000000000000000000000000,0000000000000000000000010000000000000000,         0,         0,         0,         0,1, 0, 0, 0,A800                          ,   35,         0,1,20190109 19:01:53,                              , 9999, 9999, 9999, 9999,32767,     0,     0
 ED5.2,1129                          ,1357                          ,                    ,1632      ,                ,  101,                    ,                              ,14,0,20190109 19:02:44,    0,         0,       103,65535,65535, 9999,2,                ,0000000,0, 0,         0,    0,0000000000000000000000000000000000000000,0000000000000000000000000000000000000000,         0,         0,         0,         0,1, 0, 0, 0,1129                          ,    0,       103,0,20190109 19:01:01,1357                          ,  101, 9999,  101,  101,    0,     0,     0
 ED5.2,1664                          ,1150                          ,                    ,1952      ,                ,  101,                    ,                              ,14,0,20190109 19:03:04,    0,         0,       232,65535,65535, 9999,2,                ,0000000,0, 0,         0,    0,0000000000000000000000000000000000000000,0000000000000000000000000000000000000000,         0,         0,         0,         0,1, 0, 0, 0,1664                          ,    0,       232,0,20190109 18:59:12,1150                          ,  101, 9999,  101,  101,    0,     0,     0
 ED5.2,1041                          ,1150                          ,                    ,1952      ,                ,  101,                    ,                              ,14,0,20190109 19:04:02,    0,         0,         0,65535,65535, 9999,2,                ,0000000,0, 0,         0,    0,0000000000000000000000000000000000000000,0000000000000000000000000000000000000000,         0,         0,         0,         0,1, 0, 0, 0,1041                          ,    0,         0,0,20190109 19:04:02,1150                          ,  101, 9999,  101,  101,    0,     0,     0
 ED5.2,1044                          ,1593                          ,                    ,1952      ,                ,  101,                    ,                              ,14,0,20190109 19:04:07,    0,         0,      4067,65535,65535, 9999,2,                ,0000000,0, 0,         0,    0,0000000000000000000000000000000000000000,0000000000000000000000000000000000000000,         0,         0,         0,         0,1, 0, 0, 0,1044                          ,    0,      4067,0,20190109 17:56:20,1593                          ,  101, 9999,  101,  101,    0,     0,     0
 ED5.2,5975398                       ,4055                          ,MARTHA LILLY HER    ,2635      ,                ,  101,                    ,                              , 0,2,20190109 19:05:40,    0,         0,        46,10445,   15,  101,2,                ,0010000,2, 1,         0,    0,1000000000000000000000000000000000000000,0000000000000000000000010000000000001000,         0,         0,         0,         0,1, 0, 0, 0,5975398                       ,    0,         0,0,20190109 19:04:54,4055                          , 9999, 9999, 9999,  101,32767,     0,     0
 ED5.2,1664                          ,1150                          ,                    ,1952      ,                ,  101,                    ,                              ,14,0,20190109 19:05:47,    0,         0,        90,65535,65535, 9999,2,                ,0000000,0, 0,         0,    0,0000000000000000000000000000000000000000,0000000000000000000000000000000000000000,         0,         0,         0,         0,1, 0, 0, 0,1664                          ,    0,        90,0,20190109 19:04:17,1150                          ,  101, 9999,  101,  101,    0,     0,     0
 ED5.2,1005                          ,1420                          ,                    ,1949      ,                ,  101,                    ,                              ,14,0,20190109 19:06:16,    0,         0,       131,65535,65535, 9999,2,                ,0000000,0, 0,         0,    0,0000000000000000000000000000000000000000,0000000000000000000000000000000000000000,         0,         0,         0,         0,1, 0, 0, 0,1005                          ,    0,       131,0,20190109 19:04:05,1420                          ,  101, 9999,  101,  101,    0,     0,     0
 ED5.2,6004876                       ,1213                          ,INGRID VANES ROD    ,1911      ,                ,  101,                    ,                              , 0,2,20190109 19:06:52,    0,         0,         0,10001,   11,  101,2,                ,0010000,2, 1,         0,    0,1000000000000000000000000000000000000000,0000000000000000000000010000000000001000,         0,         0,         0,         0,1, 0, 0, 0,6004876                       ,    0,         0,0,20190109 19:06:52,1213                          , 9999, 9999, 9999,  101,32767,     0,     0
 ED5.2,1538                          ,1210                          ,                    ,1215      ,                ,  101,                    ,                              ,14,0,20190109 19:07:04,    0,         0,       263,65535,65535, 9999,2,                ,0000000,0, 0,         0,    0,0000000000000000000000000000000000000000,0000000000000000000000000000000000000000,         0,         0,         0,         0,1, 0, 0, 0,1538                          ,    0,       263,0,20190109 19:02:41,1210                          ,  101, 9999,  101,  101,    0,     0,     0
 ED5.2,1286                          ,4023                          ,                    ,2952      ,                ,  101,                    ,                              ,14,0,20190109 19:07:18,    0,         0,         0,65535,65535, 9999,2,                ,0000000,0, 0,         0,    0,0000000000000000000000000000000000000000,0000000000000000000000000000000000000000,         0,         0,         0,         0,1, 0, 0, 0,1286                          ,    0,         0,0,20190109 19:07:18,4023                          ,  101, 9999,  101,  101,    0,     0,     0
 ED5.2,4059                          ,4058                          ,                    ,2952      ,                ,  101,                    ,                              ,14,0,20190109 19:07:22,    0,         0,         5,65535,65535, 9999,2,                ,0000000,0, 0,         0,    0,0000000000000000000000000000000000000000,0000000000000000000000000000000000000000,         0,         0,         0,         0,1, 0, 0, 0,4059                          ,    0,         5,0,20190109 19:07:17,4058                          ,  101, 9999,  101,  101,    0,     0,     0
 ED5.2,1184                          ,4023                          ,                    ,2952      ,                ,  101,                    ,                              ,14,0,20190109 19:07:23,    0,         0,         0,65535,65535, 9999,2,                ,0000000,0, 0,         0,    0,0000000000000000000000000000000000000000,0000000000000000000000000000000000000000,         0,         0,         0,         0,1, 0, 0, 0,1286                          ,    0,         0,1,20190109 19:07:23,4023                          ,  101, 9999,  101,  101,    0,     0,     0
 ED5.2,1370                          ,1108                          ,                    ,1949      ,                ,  101,                    ,                              ,14,0,20190109 19:07:26,    0,         0,        35,65535,65535, 9999,2,                ,0000000,0, 0,         0,    0,0000000000000000000000000000000000000000,0000000000000000000000000000000000000000,         0,         0,         0,         0,1, 0, 0, 0,1370                          ,    0,        35,0,20190109 19:06:51,1108                          ,  101, 9999,  101,  101,    0,     0,     0
 ED5.2,1593                          ,1402                          ,                    ,1952      ,                ,  101,                    ,                              ,14,0,20190109 19:07:30,    0,         0,        43,65535,65535, 9999,2,                ,0000000,0, 0,         0,    0,0000000000000000000000000000000000000000,0000000000000000000000000000000000000000,         0,         0,         0,         0,1, 0, 0, 0,1593                          ,    0,        43,0,20190109 19:06:47,1402                          ,  101, 9999,  101,  101,    0,     0,     0
 ED5.2,4003                          ,4087                          ,                    ,2952      ,                ,  101,                    ,                              ,14,0,20190109 19:07:34,    0,         0,       254,65535,65535, 9999,2,                ,0000000,0, 0,         0,    0,0000000000000000000000000000000000000000,0000000000000000000000000000000000000000,         0,         0,         0,         0,1, 0, 0, 0,4003                          ,    0,       254,0,20190109 19:03:20,4087                          ,  101, 9999,  101,  101,    0,     0,     0
 ED5.2,6604876                       ,1213                          ,INGRID VANES ROD    ,1911      ,                ,  101,                    ,                              , 0,2,20190109 19:08:10,    0,         0,         0,10001,   11,  101,2,                ,0010000,2, 1,         0,    0,1000000000000000000000000000000000000000,0000000000000000000000010000000000001000,         0,         0,         0,         0,1, 0, 0, 0,6604876                       ,    0,         0,0,20190109 19:08:10,1213                          , 9999, 9999, 9999,  101,32767,     0,     0
 ED5.2,0745204410                    ,4077                          ,ELIANA AGUIRRE      ,2952      ,                ,  101,                    ,                              , 4,2,20190109 19:09:02,    0,         0,        52,10445,   15,  101,2,                ,0000000,2, 0,         0,    0,0000000000000000000000000000000000000000,0000000000000000000000010000000000000000,         0,         0,         0,         0,1, 0, 0, 0,A800                          ,   52,         0,1,20190109 19:08:10,                              , 9999, 9999, 9999, 9999,32767,     0,     0
 ED5.2,1179                          ,1439                          ,                    ,1632      ,                ,  101,                    ,                              ,14,0,20190109 19:09:27,    0,         0,         0,65535,65535, 9999,2,                ,0000000,0, 0,         0,    0,0000000000000000000000000000000000000000,0000000000000000000000000000000000000000,         0,         0,         0,         0,1, 0, 0, 0,1179                          ,    0,         0,0,20190109 19:09:27,1439                          ,  101, 9999,  101,  101,    0,     0,     0
 ED5.2,663132204503                  ,1818                          ,DANIELA ALEJ GON    ,1632      ,                ,  101,                    ,                              , 4,2,20190109 19:09:48,    0,         0,       377,  120,   20,  101,2,                ,0000000,2, 1,         0,    0,0000000000000000000000000000000000000000,0000000000000000000000010000000000000000,         0,         0,         0,         0,1, 0, 0, 0,A800                          ,    9,       368,0,20190109 19:03:31,                              , 9999, 9999, 9999, 9999,32767,     0,     0
 ED5.2,1053                          ,1297                          ,                    ,1318      ,                ,  101,                    ,                              ,14,0,20190109 19:10:12,    0,         0,        66,65535,65535, 9999,2,                ,0000000,0, 0,         0,    0,0000000000000000000000000000000000000000,0000000000000000000000000000000000000000,         0,         0,         0,         0,1, 0, 0, 0,1053                          ,    0,        66,0,20190109 19:09:06,1297                          ,  101, 9999,  101,  101,    0,     0,     0
 ED5.2,4055                          ,1222                          ,                    ,1632      ,                ,  101,                    ,                              ,14,0,20190109 19:10:28,    0,         0,       224,65535,65535, 9999,2,                ,0000000,0, 0,         0,    0,0000000000000000000000000000000000000000,0000000000000000000000000000000000000000,         0,         0,         0,         0,1, 0, 0, 0,4055                          ,    0,       224,0,20190109 19:06:44,1222                          ,  101, 9999,  101,  101,    0,     0,     0
 ED5.2,3252                          ,3282                          ,                    ,1364      ,                ,  101,                    ,                              ,14,0,20190109 19:11:53,    0,         0,        16,65535,65535, 9999,2,                ,0000000,0, 0,         0,    0,0000000000000000000000000000000000000000,0000000000000000000000000000000000000000,         0,         0,         0,         0,1, 0, 0, 0,3252                          ,    0,        16,0,20190109 19:11:37,3282                          ,  101, 9999,  101,  101,    0,     0,     0
 ED5.2,6604876                       ,1213                          ,INGRID VANES ROD    ,1911      ,                ,  101,                    ,                              , 0,2,20190109 19:11:59,    0,         0,        79,10002,   11,  101,2,                ,0010000,2, 1,         0,    0,1000000000000000000000000000000000000000,0000000000000000000000010000000000001000,         0,         0,         0,         0,1, 0, 0, 0,6604876                       ,    0,         0,0,20190109 19:10:40,1213                          , 9999, 9999, 9999,  101,32767,     0,     0
 ED5.2,1005                          ,1420                          ,                    ,1949      ,                ,  101,                    ,                              ,14,0,20190109 19:12:17,    0,         0,        18,65535,65535, 9999,2,                ,0000000,0, 0,         0,    0,0000000000000000000000000000000000000000,0000000000000000000000000000000000000000,         0,         0,         0,         0,1, 0, 0, 0,1005                          ,    0,        18,0,20190109 19:11:59,1420                          ,  101, 9999,  101,  101,    0,     0,     0
 ED5.2,663138283472                  ,5113                          ,JENNIFER PAO NAV    ,3632      ,                ,  101,                    ,                              , 4,2,20190109 19:12:33,    0,         0,        42,10865,   82,  101,2,                ,0000000,2, 0,         0,    0,0000000000000000000000000000000000000000,0000000000000000000000010000000000000000,         0,         0,         0,         0,1, 0, 0, 0,A900                          ,   13,        29,0,20190109 19:11:51,                              , 9999, 9999, 9999, 9999,32767,     0,     0
 ED5.2,2123505                       ,1373                          ,JULIETH TATI MOR    ,1949      ,                ,  101,                    ,                              , 0,2,20190109 19:12:56,    0,         0,       206,10001,   11,  101,2,                ,0010000,2, 1,         0,    0,1000000000000000000000000000000000000000,0000000000000000000000010000000000001000,         0,         0,         0,         0,1, 0, 0, 0,2123505                       ,    0,         0,0,20190109 19:09:30,1373                          , 9999, 9999, 9999,  101,32767,     0,     0
 ED5.2,1532                          ,1736                          ,                    ,1635      ,                ,  101,                    ,                              ,14,0,20190109 19:12:58,    0,         0,        11,65535,65535, 9999,2,                ,0000000,0, 0,         0,    0,0000000000000000000000000000000000000000,0000000000000000000000000000000000000000,         0,         0,         0,         0,1, 0, 0, 0,1532                          ,    0,        11,0,20190109 19:12:47,1736                          ,  101, 9999,  101,  101,    0,     0,     0
 ED5.2,1526                          ,1736                          ,                    ,1635      ,                ,  101,                    ,                              ,14,0,20190109 19:13:09,    0,         0,         7,65535,65535, 9999,2,                ,0000000,0, 0,         0,    0,0000000000000000000000000000000000000000,0000000000000000000000000000000000000000,         0,         0,         0,         0,1, 0, 0, 0,1526                          ,    0,         7,0,20190109 19:13:02,1736                          ,  101, 9999,  101,  101,    0,     0,     0
 ED5.2,1893                          ,1736                          ,                    ,1635      ,                ,  101,                    ,                              ,14,0,20190109 19:13:33,    0,         0,        14,65535,65535, 9999,2,                ,0000000,0, 0,         0,    0,0000000000000000000000000000000000000000,0000000000000000000000000000000000000000,         0,         0,         0,         0,1, 0, 0, 0,1893                          ,    0,        14,0,20190109 19:13:19,1736                          ,  101, 9999,  101,  101,    0,     0,     0
 ED5.2,1538                          ,1210                          ,                    ,1215      ,                ,  101,                    ,                              ,14,0,20190109 19:13:54,    0,         0,       239,65535,65535, 9999,2,                ,0000000,0, 0,         0,    0,0000000000000000000000000000000000000000,0000000000000000000000000000000000000000,         0,         0,         0,         0,1, 0, 0, 0,1538                          ,    0,       239,0,20190109 19:09:55,1210                          ,  101, 9999,  101,  101,    0,     0,     0
 ED5.2,3344030                       ,4027                          ,LILIANA MARIN RI    ,1952      ,                ,  101,                    ,                              , 0,2,20190109 19:14:46,    0,         0,        23,10445,   15,  101,2,                ,0010000,2, 1,         0,    0,1000000000000000000000000000000000000000,0000000000000000000000010000000000001000,         0,         0,         0,         0,1, 0, 0, 0,3344030                       ,    0,         0,0,20190109 19:14:23,4027                          , 9999, 9999, 9999,  101,32767,     0,     0
 ED5.2,3681058                       ,5141                          ,JAIR ENRIQUE PAL    ,3632      ,                ,  101,                    ,                              , 0,2,20190109 19:15:10,    0,         0,         0,10865,   82,  101,2,                ,0010000,2, 1,         0,    0,1000000000000000000000000000000000000000,0000000000000000000000010000000000001000,         0,         0,         0,         0,1, 0, 0, 0,3681058                       ,    0,         0,0,20190109 19:15:10,5141                          , 9999, 9999, 9999,  101,32767,     0,     0
 ED5.2,1499                          ,1904                          ,                    ,1425      ,                ,  101,                    ,                              ,14,0,20190109 19:15:20,    0,         0,         0,65535,65535, 9999,2,                ,0000000,0, 0,         0,    0,0000000000000000000000000000000000000000,0000000000000000000000000000000000000000,         0,         0,         0,         0,1, 0, 0, 0,1499                          ,    0,         0,0,20190109 19:15:20,1904                          ,  101, 9999,  101,  101,    0,     0,     0
 ED5.2,1499                          ,1904                          ,                    ,1425      ,                ,  101,                    ,                              ,14,0,20190109 19:15:35,    0,         0,         0,65535,65535, 9999,2,                ,0000000,0, 0,         0,    0,0000000000000000000000000000000000000000,0000000000000000000000000000000000000000,         0,         0,         0,         0,1, 0, 0, 0,1499                          ,    0,         0,0,20190109 19:15:35,1904                          ,  101, 9999,  101,  101,    0,     0,     0
 ED5.2,1540                          ,1904                          ,                    ,1425      ,                ,  101,                    ,                              ,14,0,20190109 19:16:11,    0,         0,        20,65535,65535, 9999,2,                ,0000000,0, 0,         0,    0,0000000000000000000000000000000000000000,0000000000000000000000000000000000000000,         0,         0,         0,         0,1, 0, 0, 0,1540                          ,    0,        20,0,20190109 19:15:51,1904                          ,  101, 9999,  101,  101,    0,     0,     0
 ED5.2,3114634816                    ,3336                          ,ANA TATIANA PERE    ,1979      ,                ,  101,                    ,                              , 0,2,20190109 19:16:24,    0,         0,       105,10349,   66,  101,2,                ,0010000,2, 1,         0,    0,1000000000000000000000000000000000000000,0000000000000000000000010000000000001000,         0,         0,         0,         0,1, 0, 0, 0,033114634816                  ,    0,         0,0,20190109 19:14:39,3336                          , 9999, 9999, 9999,  101,32767,     0,     0
 ED5.2,8150064                       ,1619                          ,JULIAN BERNA ROD    ,1425      ,                ,  101,                    ,                              , 0,2,20190109 19:16:53,    0,         0,        83,10865,   82,  101,2,                ,0010000,2, 1,         0,    0,1000000000000000000000000000000000000000,0000000000000000000000010000000000001000,         0,         0,         0,         0,1, 0, 0, 0,8150064                       ,    0,         0,0,20190109 19:15:30,1619                          , 9999, 9999, 9999,  101,32767,     0,     0
 ED5.2,5107                          ,5155                          ,                    ,3952      ,                ,  101,                    ,                              ,14,0,20190109 19:16:57,    0,         0,         0,65535,65535, 9999,2,                ,0000000,0, 0,         0,    0,0000000000000000000000000000000000000000,0000000000000000000000000000000000000000,         0,         0,         0,         0,1, 0, 0, 0,5107                          ,    0,         0,0,20190109 19:16:57,5155                          ,  101, 9999,  101,  101,    0,     0,     0
 ED5.2,3282                          ,1297                          ,                    ,1318      ,                ,  101,                    ,                              ,14,0,20190109 19:17:16,    0,         0,        16,65535,65535, 9999,2,                ,0000000,0, 0,         0,    0,0000000000000000000000000000000000000000,0000000000000000000000000000000000000000,         0,         0,         0,         0,1, 0, 0, 0,3282                          ,    0,        16,0,20190109 19:17:00,1297                          ,  101, 9999,  101,  101,    0,     0,     0
 ED5.2,3243                          ,1032                          ,                    ,1632      ,                ,  101,                    ,                              ,14,0,20190109 19:17:50,    0,         0,        82,65535,65535, 9999,2,                ,0000000,0, 0,         0,    0,0000000000000000000000000000000000000000,0000000000000000000000000000000000000000,         0,         0,         0,         0,1, 0, 0, 0,3243                          ,    0,        82,0,20190109 19:16:28,1032                          ,  101, 9999,  101,  101,    0,     0,     0
 ED5.2,80                            ,1532                          ,ESTEPHANIA CARO     ,1632      ,                ,  101,                    ,                              , 0,2,20190109 19:18:11,    0,         0,         0,10004,   11,  101,2,                ,0010000,2, 1,         0,    0,1000000000000000000000000000000000000000,0000000000000000000000010000000000001000,         0,         0,         0,         0,1, 0, 0, 0,80                            ,    0,         0,0,20190109 19:18:11,1532                          , 9999, 9999, 9999,  101,32767,     0,     0
 ED5.2,4719724                       ,1228                          ,COORD PROCES ADI    ,1949      ,                ,  101,                    ,                              , 0,2,20190109 19:18:29,    0,         0,         0,10865,   82,  101,2,                ,0010000,2, 1,         0,    0,1000000000000000000000000000000000000000,0000000000000000000000010000000000001000,         0,         0,         0,         0,1, 0, 0, 0,4719724                       ,    0,         0,0,20190109 19:18:29,1228                          , 9999, 9999, 9999,  101,32767,     0,     0
 ED5.2,663182327987                  ,1869                          ,REVISORIA 2         ,1949      ,                ,  101,                    ,                              , 4,2,20190109 19:18:36,    0,         0,        37,  121,   20,  101,2,                ,0000000,2, 1,         0,    0,0000000000000000000000000000000000000000,0000000000000000000000010000000000000000,         0,         0,         0,         0,1, 0, 0, 0,A800                          ,   14,        24,0,20190109 19:17:59,                              , 9999, 9999, 9999, 9999,32767,     0,     0
 ED5.2,1402                          ,1593                          ,                    ,1952      ,                ,  101,                    ,                              ,14,0,20190109 19:19:43,    0,         0,         8,65535,65535, 9999,2,                ,0000000,0, 0,         0,    0,0000000000000000000000000000000000000000,0000000000000000000000000000000000000000,         0,         0,         0,         0,1, 0, 0, 0,1402                          ,    0,         8,0,20190109 19:19:35,1593                          ,  101, 9999,  101,  101,    0,     0,     0
 ED5.2,5680284                       ,3336                          ,ANA TATIANA PERE    ,1979      ,                ,  101,                    ,                              , 0,2,20190109 19:20:25,    0,         0,       230,10866,   82,  101,2,                ,0010000,2, 1,         0,    0,1000000000000000000000000000000000000000,0000000000000000000000010000000000001000,         0,         0,         0,         0,1, 0, 0, 0,5680284                       ,    0,         0,0,20190109 19:16:35,3336                          , 9999, 9999, 9999,  101,32767,     0,     0
 ED5.2,1369                          ,1370                          ,                    ,1949      ,                ,  101,                    ,                              ,14,0,20190109 19:20:26,    0,         0,         0,65535,65535, 9999,2,                ,0000000,0, 0,         0,    0,0000000000000000000000000000000000000000,0000000000000000000000000000000000000000,         0,         0,         0,         0,1, 0, 0, 0,1369                          ,    0,         0,0,20190109 19:20:26,1370                          ,  101, 9999,  101,  101,    0,     0,     0
 ED5.2,4055                          ,1222                          ,                    ,1632      ,                ,  101,                    ,                              ,14,0,20190109 19:20:48,    0,         0,         0,65535,65535, 9999,2,                ,0000000,0, 0,         0,    0,0000000000000000000000000000000000000000,0000000000000000000000000000000000000000,         0,         0,         0,         0,1, 0, 0, 0,4055                          ,    0,         0,0,20190109 19:20:48,1222                          ,  101, 9999,  101,  101,    0,     0,     0
 ED5.2,1818                          ,1235                          ,                    ,1632      ,                ,  101,                    ,                              ,14,0,20190109 19:21:03,    0,         0,         0,65535,65535, 9999,2,                ,0000000,0, 0,         0,    0,0000000000000000000000000000000000000000,0000000000000000000000000000000000000000,         0,         0,         0,         0,1, 0, 0, 0,1818                          ,    0,         0,0,20190109 19:21:03,1235                          ,  101, 9999,  101,  101,    0,     0,     0
 ED5.2,1818                          ,1235                          ,                    ,1632      ,                ,  101,                    ,                              ,14,0,20190109 19:21:08,    0,         0,         0,65535,65535, 9999,2,                ,0000000,0, 0,         0,    0,0000000000000000000000000000000000000000,0000000000000000000000000000000000000000,         0,         0,         0,         0,1, 0, 0, 0,1818                          ,    0,         0,0,20190109 19:21:08,1235                          ,  101, 9999,  101,  101,    0,     0,     0
 ED5.2,7490999                       ,FS020                         ,ETB                 ,          ,                ,  101,                    ,                              , 4,2,20190109 19:21:12,    0,         0,        16,  121,   20,  101,2,                ,0000000,3, 0,         0,    0,0000000000000000000000000000000000000000,0000000000000000000000010000000000000000,         0,         0,         0,         0,1, 0, 0, 0,A800                          ,   17,         0,0,20190109 19:20:56,                              , 9999, 9999, 9999, 9999,32767,     0,     0
 ED5.2,1818                          ,1235                          ,                    ,1632      ,                ,  101,                    ,                              ,14,0,20190109 19:21:36,    0,         0,         0,65535,65535, 9999,2,                ,0000000,0, 0,         0,    0,0000000000000000000000000000000000000000,0000000000000000000000000000000000000000,         0,         0,         0,         0,1, 0, 0, 0,1818                          ,    0,         0,0,20190109 19:21:36,1235                          ,  101, 9999,  101,  101,    0,     0,     0
 ED5.2,1818                          ,1235                          ,                    ,1632      ,                ,  101,                    ,                              ,14,0,20190109 19:21:39,    0,         0,         0,65535,65535, 9999,2,                ,0000000,0, 0,         0,    0,0000000000000000000000000000000000000000,0000000000000000000000000000000000000000,         0,         0,         0,         0,1, 0, 0, 0,1818                          ,    0,         0,0,20190109 19:21:39,1235                          ,  101, 9999,  101,  101,    0,     0,     0
 ED5.2,1369                          ,1233                          ,                    ,1632      ,                ,  101,                    ,                              ,14,0,20190109 19:21:50,    0,         0,         2,65535,65535, 9999,2,                ,0000000,0, 0,         0,    0,0000000000000000000000000000000000000000,0000000000000000000000000000000000000000,         0,         0,         0,         0,1, 0, 0, 0,1369                          ,    0,         2,0,20190109 19:21:48,1233                          ,  101, 9999,  101,  101,    0,     0,     0
 ED5.2,1233                          ,1370                          ,                    ,1949      ,                ,  101,                    ,                              ,14,0,20190109 19:21:50,    0,         0,        82,65535,65535, 9999,2,                ,0000000,0, 0,         0,    0,0000000000000000000000000000000000000000,0000000000000000000000000000000000000000,         0,         0,         0,         0,1, 0, 0, 0,1369                          ,    0,        82,1,20190109 19:20:28,1370                          ,  101, 9999,  101,  101,    0,     0,     0
 ED5.2,663132204503                  ,1818                          ,DANIELA ALEJ GON    ,1632      ,                ,  101,                    ,                              , 4,2,20190109 19:21:51,    0,         0,       584,  120,   20,  101,2,                ,0000000,2, 1,         0,    0,0000000000000000000000000000000000000000,0000000000000000000000010000000000000000,         0,         0,         0,         0,1, 0, 0, 0,A800                          ,    9,       575,0,20190109 19:12:07,                              , 9999, 9999, 9999, 9999,32767,     0,     0
 ED5.2,6604869                       ,1053                          ,SANDRA MILEN ANG    ,1364      ,                ,  101,                    ,                              , 0,2,20190109 19:22:01,    0,         0,       394,10003,   11,  101,2,                ,0010000,2, 1,         0,    0,1000000000000000000000000000000000000000,0000000000000000000000010000000000001000,         0,         0,         0,         0,1, 0, 0, 0,6604869                       ,    0,         0,0,20190109 19:15:27,1053                          , 9999, 9999, 9999,  101,32767,     0,     0
 ED5.2,3777777                       ,1044                          ,LUIS FELIPE DIAZ    ,1843      ,                ,  101,                    ,                              , 0,2,20190109 19:23:05,    0,         0,         9,10865,   82,  101,2,                ,0010000,2, 1,         0,    0,1000000000000000000000000000000000000000,0000000000000000000000010000000000001000,         0,         0,         0,         0,1, 0, 0, 0,3777777                       ,    0,         0,0,20190109 19:22:56,1044                          , 9999, 9999, 9999,  101,32767,     0,     0
 ED5.2,1369                          ,1370                          ,                    ,1949      ,                ,  101,                    ,1233                          ,14,0,20190109 19:23:35,    0,         0,       105,65535,65535, 9999,2,                ,0000000,0, 0,         0,    0,0000000000000000000000000000000000000000,0000000000000000000000000000000000000000,         0,         0,         0,         0,1, 0, 0, 0,                              ,    0,       105,0,20190109 19:21:50,1370                          ,  101,  101, 9999,  101,    0,     0,     0
 ED5.2,6916045                       ,1373                          ,JULIETH TATI MOR    ,1949      ,                ,  101,                    ,                              , 0,2,20190109 19:24:25,    0,         0,       653,10001,   11,  101,2,                ,0010000,2, 1,         0,    0,1000000000000000000000000000000000000000,0000000000000000000000010000000000001000,         0,         0,         0,         0,1, 0, 0, 0,6916045                       ,    0,         0,0,20190109 19:13:32,1373                          , 9999, 9999, 9999,  101,32767,     0,     0
 ED5.2,7582491                       ,1009                          ,NANCY MARIA PELA    ,1154      ,                ,  101,                    ,                              , 0,2,20190109 19:26:02,    0,         0,         0,10001,   11,  101,2,                ,0010000,2, 1,         0,    0,1000000000000000000000000000000000000000,0000000000000000000000010000000000001000,         0,         0,         0,         0,1, 0, 0, 0,7582491                       ,    0,         0,0,20190109 19:26:02,1009                          , 9999, 9999, 9999,  101,32767,     0,     0
 ED5.2,2123505                       ,1373                          ,JULIETH TATI MOR    ,1949      ,                ,  101,                    ,                              , 0,2,20190109 19:26:11,    0,         0,        37,10004,   11,  101,2,                ,0010000,2, 1,         0,    0,1000000000000000000000000000000000000000,0000000000000000000000010000000000001000,         0,         0,         0,         0,1, 0, 0, 0,2123505                       ,    0,         0,0,20190109 19:25:34,1373                          , 9999, 9999, 9999,  101,32767,     0,     0
 ED5.2,9081247                       ,1671                          ,MARISELA PINEDA     ,1633      ,                ,  101,                    ,                              , 0,2,20190109 19:26:38,    0,         0,         5,10001,   11,  101,2,                ,0010000,2, 1,         0,    0,1000000000000000000000000000000000000000,0000000000000000000000010000000000001000,         0,         0,         0,         0,1, 0, 0, 0,9081247                       ,    0,         0,0,20190109 19:26:33,1671                          , 9999, 9999, 9999,  101,32767,     0,     0
 ED5.2,3212183141                    ,1009                          ,NANCY MARIA PELA    ,1154      ,                ,  101,                    ,                              , 0,1,20190109 19:27:00,    0,         0,        30,  377,   21,  101,2,                ,0010000,0, 0,         0,    0,0000000000000000000000000000000000000000,0000000000000000000000010000000000001000,         0,         0,         0,         0,1, 0, 0, 0,033212183141                  ,    0,         0,0,20190109 19:26:30,1009                          , 9999, 9999, 9999,  101,32767,     0,     0
 ED5.2,7214248                       ,3327                          ,ASISTENTE OPERAT    ,1949      ,                ,  101,                    ,                              , 0,2,20190109 19:27:10,    0,         0,         0,10866,   82,  101,2,                ,0010000,2, 1,         0,    0,1000000000000000000000000000000000000000,0000000000000000000000010000000000001000,         0,         0,         0,         0,1, 0, 0, 0,7214248                       ,    0,         0,0,20190109 19:27:10,3327                          , 9999, 9999, 9999,  101,32767,     0,     0
 ED5.2,7436769                       ,FS020                         ,ETB                 ,          ,                ,  101,                    ,                              , 4,2,20190109 19:27:16,    0,         0,         4,  120,   20,  101,2,                ,0000000,3, 0,         0,    0,0000000000000000000000000000000000000000,0000000000000000000000010000000000000000,         0,         0,         0,         0,1, 0, 0, 0,A800                          ,    4,         0,0,20190109 19:27:12,                              , 9999, 9999, 9999, 9999,32767,     0,     0
 ED5.2,2123505                       ,1227                          ,VISACION 4          ,1949      ,                ,  101,                    ,                              , 0,2,20190109 19:27:22,    0,         0,        15,10870,   82,  101,2,                ,0010000,2, 1,         0,    0,1000000000000000000000000000000000000000,0000000000000000000000010000000000001000,         0,         0,         0,         0,1, 0, 0, 0,2123505                       ,    0,         0,0,20190109 19:27:07,1227                          , 9999, 9999, 9999,  101,32767,     0,     0
 ED5.2,663144248360                  ,3125                          ,ANDRES MAURI CAL    ,1673      ,                ,  101,                    ,                              , 4,2,20190109 19:27:54,    0,         0,        28,10866,   82,  101,2,                ,0000000,2, 0,         0,    0,0000000000000000000000000000000000000000,0000000000000000000000010000000000000000,         0,         0,         0,         0,1, 0, 0, 0,A500                          ,   29,         0,1,20190109 19:27:26,                              , 9999, 9999, 9999, 9999,32767,     0,     0
 ED5.2,4323739                       ,1368                          ,CAJA 6              ,1949      ,                ,  101,                    ,                              , 0,2,20190109 19:29:02,    0,         0,       870,10002,   11,  101,2,                ,0010000,2, 1,         0,    0,1000000000000000000000000000000000000000,0000000000000000000000010000000000001000,         0,         0,         0,         0,1, 0, 0, 0,4323739                       ,    0,         0,0,20190109 19:14:32,1368                          , 9999, 9999, 9999,  101,32767,     0,     0
 ED5.2,1041                          ,3337                          ,                    ,1949      ,                ,  101,                    ,                              ,14,0,20190109 19:29:26,    0,         0,         0,65535,65535, 9999,2,                ,0000000,0, 0,         0,    0,0000000000000000000000000000000000000000,0000000000000000000000000000000000000000,         0,         0,         0,         0,1, 0, 0, 0,1041                          ,    0,         0,0,20190109 19:29:26,3337                          ,  101, 9999,  101,  101,    0,     0,     0
 ED5.2,1032                          ,3337                          ,                    ,1949      ,                ,  101,                    ,                              ,14,0,20190109 19:30:00,    0,         0,         0,65535,65535, 9999,2,                ,0000000,0, 0,         0,    0,0000000000000000000000000000000000000000,0000000000000000000000000000000000000000,         0,         0,         0,         0,1, 0, 0, 0,1032                          ,    0,         0,0,20190109 19:30:00,3337                          ,  101, 9999,  101,  101,    0,     0,     0
 ED5.2,1449                          ,3337                          ,                    ,1949      ,                ,  101,                    ,                              ,14,0,20190109 19:30:12,    0,         0,         0,65535,65535, 9999,2,                ,0000000,0, 0,         0,    0,0000000000000000000000000000000000000000,0000000000000000000000000000000000000000,         0,         0,         0,         0,1, 0, 0, 0,1032                          ,    0,         0,1,20190109 19:30:12,3337                          ,  101, 9999,  101,  101,    0,     0,     0
 ED5.2,3430000                       ,1364                          ,LUIS FERNELY BER    ,1632      ,                ,  101,                    ,                              , 0,2,20190109 19:30:35,    0,         0,       351,10865,   82,  101,2,                ,0010000,2, 1,         0,    0,1000000000000000000000000000000000000000,0000000000000000000000010000000000001000,         0,         0,         0,         0,1, 0, 0, 0,3430000                       ,    0,         0,0,20190109 19:24:44,1364                          , 9999, 9999, 9999,  101,32767,     0,     0
 ED5.2,1228                          ,1005                          ,                    ,1949      ,                ,  101,                    ,                              ,14,0,20190109 19:30:55,    0,         0,         0,65535,65535, 9999,2,                ,0000000,0, 0,         0,    0,0000000000000000000000000000000000000000,0000000000000000000000000000000000000000,         0,         0,         0,         0,1, 0, 0, 0,1228                          ,    0,         0,0,20190109 19:30:55,1005                          ,  101, 9999,  101,  101,    0,     0,     0
 ED5.2,7501175                       ,3337                          ,ESTEFANIA GUERRE    ,1949      ,                ,  101,                    ,                              , 0,2,20190109 19:31:12,    0,         0,         0,10865,   82,  101,2,                ,0010000,2, 1,         0,    0,1000000000000000000000000000000000000000,0000000000000000000000010000000000001000,         0,         0,         0,         0,1, 0, 0, 0,7501175                       ,    0,         0,0,20190109 19:31:12,3337                          , 9999, 9999, 9999,  101,32767,     0,     0
 ED5.2,1233                          ,1736                          ,                    ,1635      ,                ,  101,                    ,                              ,14,0,20190109 19:31:35,    0,         0,         9,65535,65535, 9999,2,                ,0000000,0, 0,         0,    0,0000000000000000000000000000000000000000,0000000000000000000000000000000000000000,         0,         0,         0,         0,1, 0, 0, 0,1233                          ,    0,         9,0,20190109 19:31:26,1736                          ,  101, 9999,  101,  101,    0,     0,     0
 ED5.2,1150                          ,1736                          ,                    ,1635      ,                ,  101,                    ,                              ,14,0,20190109 19:32:04,    0,         0,         0,65535,65535, 9999,2,                ,0000000,0, 0,         0,    0,0000000000000000000000000000000000000000,0000000000000000000000000000000000000000,         0,         0,         0,         0,1, 0, 0, 0,1150                          ,    0,         0,0,20190109 19:32:04,1736                          ,  101, 9999,  101,  101,    0,     0,     0
 ED5.2,1325                          ,1736                          ,                    ,1635      ,                ,  101,                    ,                              ,14,0,20190109 19:32:20,    0,         0,        12,65535,65535, 9999,2,                ,0000000,0, 0,         0,    0,0000000000000000000000000000000000000000,0000000000000000000000000000000000000000,         0,         0,         0,         0,1, 0, 0, 0,1150                          ,    0,        12,1,20190109 19:32:08,1736                          ,  101, 9999,  101,  101,    0,     0,     0
 ED5.2,1420                          ,1005                          ,                    ,1949      ,                ,  101,                    ,                              ,14,0,20190109 19:32:28,    0,         0,        84,65535,65535, 9999,2,                ,0000000,0, 0,         0,    0,0000000000000000000000000000000000000000,0000000000000000000000000000000000000000,         0,         0,         0,         0,1, 0, 0, 0,1228                          ,    0,        84,1,20190109 19:31:04,1005                          ,  101, 9999,  101,  101,    0,     0,     0
 ED5.2,1053                          ,1297                          ,                    ,1318      ,                ,  101,                    ,                              ,14,0,20190109 19:32:56,    0,         0,       392,65535,65535, 9999,2,                ,0000000,0, 0,         0,    0,0000000000000000000000000000000000000000,0000000000000000000000000000000000000000,         0,         0,         0,         0,1, 0, 0, 0,1053                          ,    0,       392,0,20190109 19:26:24,1297                          ,  101, 9999,  101,  101,    0,     0,     0
 ED5.2,7322726                       ,3107                          ,MARYURY PIRA        ,1672      ,                ,  101,                    ,                              , 0,2,20190109 19:33:05,    0,         0,        49,10001,   11,  101,2,                ,0010000,2, 1,         0,    0,1000000000000000000000000000000000000000,0000000000000000000000010000000000001000,         0,         0,         0,         0,1, 0, 0, 0,7322726                       ,    0,         0,0,20190109 19:32:16,3107                          , 9999, 9999, 9999,  101,32767,     0,     0
 ED5.2,7484601                       ,1036                          ,JUANITA PAEZ COR    ,1632      ,                ,  101,                    ,                              , 4,2,20190109 19:33:06,    0,         0,        25,  120,   20,  101,2,                ,0000000,3, 0,         0,    0,0000000000000000000000000000000000000000,0000000000000000000000010000000000000000,         0,         0,         0,         0,1, 0, 0, 0,A800                          ,   25,         0,1,20190109 19:32:41,                              , 9999, 9999, 9999, 9999,32767,     0,     0
 ED5.2,3212183141                    ,1009                          ,NANCY MARIA PELA    ,1154      ,                ,  101,                    ,                              , 0,1,20190109 19:34:00,    0,         0,        32,  378,   21,  101,2,                ,0010000,0, 0,         0,    0,0000000000000000000000000000000000000000,0000000000000000000000010000000000001000,         0,         0,         0,         0,1, 0, 0, 0,033212183141                  ,    0,         0,0,20190109 19:33:28,1009                          , 9999, 9999, 9999,  101,32767,     0,     0
 ED5.2,4003                          ,4087                          ,                    ,2952      ,                ,  101,                    ,                              ,14,0,20190109 19:34:10,    0,         0,         0,65535,65535, 9999,2,                ,0000000,0, 0,         0,    0,0000000000000000000000000000000000000000,0000000000000000000000000000000000000000,         0,         0,         0,         0,1, 0, 0, 0,4003                          ,    0,         0,0,20190109 19:34:10,4087                          ,  101, 9999,  101,  101,    0,     0,     0
 ED5.2,4005                          ,4087                          ,                    ,2952      ,                ,  101,                    ,                              ,14,0,20190109 19:34:13,    0,         0,         0,65535,65535, 9999,2,                ,0000000,0, 0,         0,    0,0000000000000000000000000000000000000000,0000000000000000000000000000000000000000,         0,         0,         0,         0,1, 0, 0, 0,4003                          ,    0,         0,1,20190109 19:34:13,4087                          ,  101, 9999,  101,  101,    0,     0,     0
 ED5.2,7582491                       ,1009                          ,NANCY MARIA PELA    ,1154      ,                ,  101,                    ,                              , 0,2,20190109 19:34:33,    0,         0,         0,10001,   11,  101,2,                ,0010000,2, 1,         0,    0,1000000000000000000000000000000000000000,0000000000000000000000010000000000001000,         0,         0,         0,         0,1, 0, 0, 0,7582491                       ,    0,         0,0,20190109 19:34:33,1009                          , 9999, 9999, 9999,  101,32767,     0,     0
 ED5.2,3160960                       ,1161                          ,KATERINE GUARNIZ    ,1110      ,                ,  101,                    ,                              , 4,2,20190109 19:35:23,    0,         0,         0,  120,   20,  101,2,                ,0000000,3, 0,         0,    0,0000000000000000000000000000000000000000,0000000000000000000000010000000000000000,         0,         0,         0,         0,1, 0, 0, 0,1161                          ,    2,         0,0,20190109 19:35:23,                              , 9999, 9999, 9999, 9999,32767,     0,     0
 ED5.2,3600124                       ,5146                          ,AURA ROSA SALAS     ,3635      ,                ,  101,                    ,                              , 0,2,20190109 19:35:30,    0,         0,        84,10865,   82,  101,2,                ,0010000,2, 1,         0,    0,1000000000000000000000000000000000000000,0000000000000000000000010000000000001000,         0,         0,         0,         0,1, 0, 0, 0,3600124                       ,    0,         0,0,20190109 19:34:06,5146                          , 9999, 9999, 9999,  101,32767,     0,     0
 ED5.2,4615720                       ,1495                          ,YESSICA PATR URR    ,1952      ,                ,  101,                    ,                              , 0,2,20190109 19:36:05,    0,         0,       717,10003,   11,  101,2,                ,0010000,2, 1,         0,    0,1000000000000000000000000000000000000000,0000000000000000000000010000000000001000,         0,         0,         0,         0,1, 0, 0, 0,4615720                       ,    0,         0,0,20190109 19:24:08,1495                          , 9999, 9999, 9999,  101,32767,     0,     0
 ED5.2,1175                          ,1213                          ,                    ,1911      ,                ,  101,                    ,                              ,14,0,20190109 19:36:29,    0,         0,         0,65535,65535, 9999,2,                ,0000000,0, 0,         0,    0,0000000000000000000000000000000000000000,0000000000000000000000000000000000000000,         0,         0,         0,         0,1, 0, 0, 0,1175                          ,    0,         0,0,20190109 19:36:29,1213                          ,  101, 9999,  101,  101,    0,     0,     0
 ED5.2,1026                          ,1213                          ,                    ,1911      ,                ,  101,                    ,                              ,14,0,20190109 19:36:44,    0,         0,         0,65535,65535, 9999,2,                ,0000000,0, 0,         0,    0,0000000000000000000000000000000000000000,0000000000000000000000000000000000000000,         0,         0,         0,         0,1, 0, 0, 0,1175                          ,    0,         0,1,20190109 19:36:44,1213                          ,  101, 9999,  101,  101,    0,     0,     0
 ED5.2,1027                          ,1213                          ,                    ,1911      ,                ,  101,                    ,                              ,14,0,20190109 19:36:51,    0,         0,         0,65535,65535, 9999,2,                ,0000000,0, 0,         0,    0,0000000000000000000000000000000000000000,0000000000000000000000000000000000000000,         0,         0,         0,         0,1, 0, 0, 0,1175                          ,    0,         0,1,20190109 19:36:51,1213                          ,  101, 9999,  101,  101,    0,     0,     0
 ED5.2,3107                          ,1736                          ,                    ,1635      ,                ,  101,                    ,                              ,14,0,20190109 19:37:08,    0,         0,         9,65535,65535, 9999,2,                ,0000000,0, 0,         0,    0,0000000000000000000000000000000000000000,0000000000000000000000000000000000000000,         0,         0,         0,         0,1, 0, 0, 0,3107                          ,    0,         9,0,20190109 19:36:59,1736                          ,  101, 9999,  101,  101,    0,     0,     0
 ED5.2,4742597                       ,4063                          ,FRANCISCO AN GAR    ,2952      ,                ,  101,                    ,                              , 0,2,20190109 19:37:10,    0,         0,         9,10445,   15,  101,2,                ,0010000,2, 1,         0,    0,1000000000000000000000000000000000000000,0000000000000000000000010000000000001000,         0,         0,         0,         0,1, 0, 0, 0,4742597                       ,    0,         0,0,20190109 19:37:01,4063                          , 9999, 9999, 9999,  101,32767,     0,     0
 ED5.2,3134048086                    ,1119                          ,CAJA 24             ,1949      ,                ,  101,                    ,                              , 0,1,20190109 19:37:34,    0,         0,        49,  377,   21,  101,2,                ,0010000,0, 0,         0,    0,0000000000000000000000000000000000000000,0000000000000000000000010000000000001000,         0,         0,         0,         0,1, 0, 0, 0,033134048086                  ,    0,         0,0,20190109 19:36:45,1119                          , 9999, 9999, 9999,  101,32767,     0,     0
 ED5.2,3106432407                    ,4063                          ,FRANCISCO AN GAR    ,2952      ,                ,  101,                    ,                              , 0,2,20190109 19:39:43,    0,         0,         0,10349,   66,  101,2,                ,0010000,2, 1,         0,    0,1000000000000000000000000000000000000000,0000000000000000000000010000000000001000,         0,         0,         0,         0,1, 0, 0, 0,033106432407                  ,    0,         0,0,20190109 19:39:43,4063                          , 9999, 9999, 9999,  101,32767,     0,     0
 ED5.2,4077                          ,4087                          ,                    ,2952      ,                ,  101,                    ,                              ,14,0,20190109 19:41:18,    0,         0,       148,65535,65535, 9999,2,                ,0000000,0, 0,         0,    0,0000000000000000000000000000000000000000,0000000000000000000000000000000000000000,         0,         0,         0,         0,1, 0, 0, 0,4077                          ,    0,       148,0,20190109 19:38:50,4087                          ,  101, 9999,  101,  101,    0,     0,     0
 ED5.2,7484601                       ,1677                          ,JAVIER ANDRE NIE    ,1632      ,                ,  101,                    ,                              , 0,2,20190109 19:41:21,    0,         0,       425,10002,   11,  101,2,                ,0010000,2, 1,         0,    0,1000000000000000000000000000000000000000,0000000000000000000000010000000000001000,         0,         0,         0,         0,1, 0, 0, 0,7484601                       ,    0,         0,0,20190109 19:34:16,1677                          , 9999, 9999, 9999,  101,32767,     0,     0
 ED5.2,5254563                       ,1532                          ,ESTEPHANIA CARO     ,1632      ,                ,  101,                    ,                              , 0,2,20190109 19:42:14,    0,         0,        22,10001,   11,  101,2,                ,0010000,2, 1,         0,    0,1000000000000000000000000000000000000000,0000000000000000000000010000000000001000,         0,         0,         0,         0,1, 0, 0, 0,5254563                       ,    0,         0,0,20190109 19:41:52,1532                          , 9999, 9999, 9999,  101,32767,     0,     0
 ED5.2,1297                          ,1053                          ,                    ,1364      ,                ,  101,                    ,                              ,14,0,20190109 19:42:52,    0,         0,       241,65535,65535, 9999,2,                ,0000000,0, 0,         0,    0,0000000000000000000000000000000000000000,0000000000000000000000000000000000000000,         0,         0,         0,         0,1, 0, 0, 0,1297                          ,    0,       241,0,20190109 19:38:51,1053                          ,  101, 9999,  101,  101,    0,     0,     0
 ED5.2,2972231                       ,4003                          ,JUDY FRANCEL JAR    ,2952      ,                ,  101,                    ,                              , 0,2,20190109 19:43:29,    0,         0,       377,10446,   15,  101,2,                ,0010000,2, 1,         0,    0,1000000000000000000000000000000000000000,0000000000000000000000010000000000001000,         0,         0,         0,         0,1, 0, 0, 0,2972231                       ,    0,         0,0,20190109 19:37:12,4003                          , 9999, 9999, 9999,  101,32767,     0,     0
 ED5.2,3243                          ,1032                          ,                    ,1632      ,                ,  101,                    ,                              ,14,0,20190109 19:44:15,    0,         0,       203,65535,65535, 9999,2,                ,0000000,0, 0,         0,    0,0000000000000000000000000000000000000000,0000000000000000000000000000000000000000,         0,         0,         0,         0,1, 0, 0, 0,3243                          ,    0,       203,0,20190109 19:40:52,1032                          ,  101, 9999,  101,  101,    0,     0,     0
 ED5.2,1005                          ,1420                          ,                    ,1949      ,                ,  101,                    ,                              ,14,0,20190109 19:44:45,    0,         0,       148,65535,65535, 9999,2,                ,0000000,0, 0,         0,    0,0000000000000000000000000000000000000000,0000000000000000000000000000000000000000,         0,         0,         0,         0,1, 0, 0, 0,1005                          ,    0,       148,0,20190109 19:42:17,1420                          ,  101, 9999,  101,  101,    0,     0,     0
 ED5.2,1297                          ,3282                          ,                    ,1364      ,                ,  101,                    ,                              ,14,0,20190109 19:47:20,    0,         0,       145,65535,65535, 9999,2,                ,0000000,0, 0,         0,    0,0000000000000000000000000000000000000000,0000000000000000000000000000000000000000,         0,         0,         0,         0,1, 0, 0, 0,1297                          ,    0,       145,0,20190109 19:44:55,3282                          ,  101, 9999,  101,  101,    0,     0,     0
 ED5.2,7463530                       ,1420                          ,CAJA 16             ,1949      ,                ,  101,                    ,                              , 0,2,20190109 19:47:25,    0,         0,         0,10865,   82,  101,2,                ,0010000,2, 1,         0,    0,1000000000000000000000000000000000000000,0000000000000000000000010000000000001000,         0,         0,         0,         0,1, 0, 0, 0,7463530                       ,    0,         0,0,20190109 19:47:25,1420                          , 9999, 9999, 9999,  101,32767,     0,     0
 ED5.2,6604869                       ,1057                          ,LINA MAYERLY CAR    ,1112      ,                ,  101,                    ,                              , 0,2,20190109 19:47:42,    0,         0,         0,10002,   11,  101,2,                ,0010000,2, 1,         0,    0,1000000000000000000000000000000000000000,0000000000000000000000010000000000001000,         0,         0,         0,         0,1, 0, 0, 0,6604869                       ,    0,         0,0,20190109 19:47:42,1057                          , 9999, 9999, 9999,  101,32767,     0,     0
 ED5.2,6604876                       ,1057                          ,LINA MAYERLY CAR    ,1112      ,                ,  101,                    ,                              , 0,2,20190109 19:47:46,    0,         0,         0,10002,   11,  101,2,                ,0010000,2, 1,         0,    0,1000000000000000000000000000000000000000,0000000000000000000000010000000000001000,         0,         0,         0,         0,1, 0, 0, 0,6604876                       ,    0,         0,0,20190109 19:47:46,1057                          , 9999, 9999, 9999,  101,32767,     0,     0
 ED5.2,6604876                       ,1336                          ,PROYECTO CORE       ,1635      ,                ,  101,                    ,                              , 0,2,20190109 19:48:16,    0,         0,       102,10001,   11,  101,2,                ,0010000,2, 1,         0,    0,1000000000000000000000000000000000000000,0000000000000000000000010000000000001000,         0,         0,         0,         0,1, 0, 0, 0,6604876                       ,    0,         0,0,20190109 19:46:34,1336                          , 9999, 9999, 9999,  101,32767,     0,     0
 ED5.2,4077                          ,4087                          ,                    ,2952      ,                ,  101,                    ,                              ,14,0,20190109 19:49:03,    0,         0,        76,65535,65535, 9999,2,                ,0000000,0, 0,         0,    0,0000000000000000000000000000000000000000,0000000000000000000000000000000000000000,         0,         0,         0,         0,1, 0, 0, 0,4077                          ,    0,        76,0,20190109 19:47:47,4087                          ,  101, 9999,  101,  101,    0,     0,     0
 ED5.2,4719724                       ,1228                          ,COORD PROCES ADI    ,1949      ,                ,  101,                    ,                              , 0,2,20190109 19:49:52,    0,         0,         0,10865,   82,  101,2,                ,0010000,2, 1,         0,    0,1000000000000000000000000000000000000000,0000000000000000000000010000000000001000,         0,         0,         0,         0,1, 0, 0, 0,4719724                       ,    0,         0,0,20190109 19:49:52,1228                          , 9999, 9999, 9999,  101,32767,     0,     0
 ED5.2,4021                          ,4038                          ,                    ,2952      ,                ,  101,                    ,                              ,14,0,20190109 19:50:24,    0,         0,       114,65535,65535, 9999,2,                ,0000000,0, 0,         0,    0,0000000000000000000000000000000000000000,0000000000000000000000000000000000000000,         0,         0,         0,         0,1, 0, 0, 0,4021                          ,    0,       114,0,20190109 19:48:30,4038                          ,  101, 9999,  101,  101,    0,     0,     0
 ED5.2,6604869                       ,1057                          ,LINA MAYERLY CAR    ,1112      ,                ,  101,                    ,                              , 0,2,20190109 19:50:45,    0,         0,       146,10002,   11,  101,2,                ,0010000,2, 1,         0,    0,1000000000000000000000000000000000000000,0000000000000000000000010000000000001000,         0,         0,         0,         0,1, 0, 0, 0,6604869                       ,    0,         0,0,20190109 19:48:19,1057                          , 9999, 9999, 9999,  101,32767,     0,     0
 ED5.2,6604869                       ,3107                          ,MARYURY PIRA        ,1672      ,                ,  101,                    ,                              , 0,2,20190109 19:50:58,    0,         0,        58,10001,   11,  101,2,                ,0010000,2, 1,         0,    0,1000000000000000000000000000000000000000,0000000000000000000000010000000000001000,         0,         0,         0,         0,1, 0, 0, 0,6604869                       ,    0,         0,0,20190109 19:50:00,3107                          , 9999, 9999, 9999,  101,32767,     0,     0
 ED5.2,1210                          ,1538                          ,                    ,1945      ,                ,  101,                    ,                              ,14,0,20190109 19:52:46,    0,         0,        62,65535,65535, 9999,2,                ,0000000,0, 0,         0,    0,0000000000000000000000000000000000000000,0000000000000000000000000000000000000000,         0,         0,         0,         0,1, 0, 0, 0,1210                          ,    0,        62,0,20190109 19:51:44,1538                          ,  101, 9999,  101,  101,    0,     0,     0
 ED5.2,4719724                       ,1228                          ,COORD PROCES ADI    ,1949      ,                ,  101,                    ,                              , 0,2,20190109 19:53:36,    0,         0,         0,10865,   82,  101,2,                ,0010000,2, 1,         0,    0,1000000000000000000000000000000000000000,0000000000000000000000010000000000001000,         0,         0,         0,         0,1, 0, 0, 0,4719724                       ,    0,         0,0,20190109 19:53:36,1228                          , 9999, 9999, 9999,  101,32767,     0,     0
 ED5.2,1336                          ,1366                          ,                    ,1911      ,                ,  101,                    ,                              ,14,0,20190109 19:54:15,    0,         0,         0,65535,65535, 9999,2,                ,0000000,0, 0,         0,    0,0000000000000000000000000000000000000000,0000000000000000000000000000000000000000,         0,         0,         0,         0,1, 0, 0, 0,1336                          ,    0,         0,0,20190109 19:54:15,1366                          ,  101, 9999,  101,  101,    0,     0,     0
 ED5.2,7580508                       ,3136                          ,MARIA ALEJAN MON    ,1672      ,                ,  101,                    ,                              , 0,2,20190109 19:54:31,    0,         0,        95,10001,   11,  101,2,                ,0010000,2, 1,         0,    0,1000000000000000000000000000000000000000,0000000000000000000000010000000000001000,         0,         0,         0,         0,1, 0, 0, 0,7580508                       ,    0,         0,0,20190109 19:52:56,3136                          , 9999, 9999, 9999,  101,32767,     0,     0
 ED5.2,4019                          ,4033                          ,                    ,2632      ,                ,  101,                    ,                              ,14,0,20190109 19:55:39,    0,         0,         0,65535,65535, 9999,2,                ,0000000,0, 0,         0,    0,0000000000000000000000000000000000000000,0000000000000000000000000000000000000000,         0,         0,         0,         0,1, 0, 0, 0,4019                          ,    0,         0,0,20190109 19:55:39,4033                          ,  101, 9999,  101,  101,    0,     0,     0
 ED5.2,4036                          ,4033                          ,                    ,2632      ,                ,  101,                    ,                              ,14,0,20190109 19:55:55,    0,         0,         0,65535,65535, 9999,2,                ,0000000,0, 0,         0,    0,0000000000000000000000000000000000000000,0000000000000000000000000000000000000000,         0,         0,         0,         0,1, 0, 0, 0,4036                          ,    0,         0,0,20190109 19:55:55,4033                          ,  101, 9999,  101,  101,    0,     0,     0
 ED5.2,4076                          ,4033                          ,                    ,2632      ,                ,  101,                    ,                              ,14,0,20190109 19:55:56,    0,         0,         0,65535,65535, 9999,2,                ,0000000,0, 0,         0,    0,0000000000000000000000000000000000000000,0000000000000000000000000000000000000000,         0,         0,         0,         0,1, 0, 0, 0,4036                          ,    0,         0,1,20190109 19:55:56,4033                          ,  101, 9999,  101,  101,    0,     0,     0
 ED5.2,6604869                       ,1397                          ,SANTIAGO RAMIREZ    ,1952      ,                ,  101,                    ,                              , 0,2,20190109 19:56:09,    0,         0,       115,10002,   11,  101,2,                ,0010000,2, 1,         0,    0,1000000000000000000000000000000000000000,0000000000000000000000010000000000001000,         0,         0,         0,         0,1, 0, 0, 0,6604869                       ,    0,         0,0,20190109 19:54:14,1397                          , 9999, 9999, 9999,  101,32767,     0,     0
 ED5.2,3106432407                    ,4063                          ,FRANCISCO AN GAR    ,2952      ,                ,  101,                    ,                              , 0,2,20190109 19:56:34,    0,         0,         0,10349,   66,  101,2,                ,0010000,2, 1,         0,    0,1000000000000000000000000000000000000000,0000000000000000000000010000000000001000,         0,         0,         0,         0,1, 0, 0, 0,033106432407                  ,    0,         0,0,20190109 19:56:34,4063                          , 9999, 9999, 9999,  101,32767,     0,     0
 ED5.2,1176                          ,1532                          ,                    ,1632      ,                ,  101,                    ,                              ,14,0,20190109 19:57:31,    0,         0,        78,65535,65535, 9999,2,                ,0000000,0, 0,         0,    0,0000000000000000000000000000000000000000,0000000000000000000000000000000000000000,         0,         0,         0,         0,1, 0, 0, 0,1176                          ,    0,        78,0,20190109 19:56:13,1532                          ,  101, 9999,  101,  101,    0,     0,     0
 ED5.2,5155                          ,5120                          ,                    ,3952      ,                ,  101,                    ,                              ,14,0,20190109 19:58:10,    0,         0,         6,65535,65535, 9999,2,                ,0000000,0, 0,         0,    0,0000000000000000000000000000000000000000,0000000000000000000000000000000000000000,         0,         0,         0,         0,1, 0, 0, 0,5155                          ,    0,         6,0,20190109 19:58:04,5120                          ,  101, 9999,  101,  101,    0,     0,     0
 ED5.2,1444                          ,2061                          ,                    ,4632      ,                ,  101,                    ,                              ,14,0,20190109 19:58:20,    0,         0,       107,65535,65535, 9999,2,                ,0000000,0, 0,         0,    0,0000000000000000000000000000000000000000,0000000000000000000000000000000000000000,         0,         0,         0,         0,1, 0, 0, 0,1444                          ,    0,       107,0,20190109 19:56:33,2061                          ,  101, 9999,  101,  101,    0,     0,     0
 ED5.2,1540                          ,1524                          ,                    ,1952      ,                ,  101,                    ,                              ,14,0,20190109 19:59:36,    0,         0,        63,65535,65535, 9999,2,                ,0000000,0, 0,         0,    0,0000000000000000000000000000000000000000,0000000000000000000000000000000000000000,         0,         0,         0,         0,1, 0, 0, 0,1540                          ,    0,        63,0,20190109 19:58:33,1524                          ,  101, 9999,  101,  101,    0,     0,     0
 ED5.2,7436769                       ,FS020                         ,ETB                 ,          ,                ,  101,                    ,                              , 4,2,20190109 20:02:20,    0,         0,         3,  120,   20,  101,2,                ,0000000,3, 0,         0,    0,0000000000000000000000000000000000000000,0000000000000000000000010000000000000000,         0,         0,         0,         0,1, 0, 0, 0,A800                          ,    4,         0,0,20190109 20:02:17,                              , 9999, 9999, 9999, 9999,32767,     0,     0
