 ED5.2,2082159                       ,1736                          ,RECEPCION 2 MORA    ,1635      ,                ,  101,                    ,                              , 0,2,20181113 21:03:05,    0,         0,        19, 2816,   82,  101,2,                ,0010000,2, 1,         0,    0,1000000000000000000000000000000000000000,0000000000000000000000010000000000001000,         0,         0,         0,         0,1, 0, 0, 0,2082159                       ,    0,         0,0,20181113 21:02:46,1736                          , 9999, 9999, 9999,  101,32767,     0,     0
 ED5.2,4742597                       ,4063                          ,FRANCISCO AN GAR    ,2952      ,                ,  101,                    ,                              , 0,2,20181113 21:10:48,    0,         0,        40, 2395,   15,  101,2,                ,0010000,2, 1,         0,    0,1000000000000000000000000000000000000000,0000000000000000000000010000000000001000,         0,         0,         0,         0,1, 0, 0, 0,4742597                       ,    0,         0,0,20181113 21:10:08,4063                          , 9999, 9999, 9999,  101,32767,     0,     0
 ED5.2,1032                          ,1869                          ,                    ,1949      ,                ,  101,                    ,                              ,14,0,20181113 21:16:12,    0,         0,       159,65535,65535, 9999,2,                ,0000000,0, 0,         0,    0,0000000000000000000000000000000000000000,0000000000000000000000000000000000000000,         0,         0,         0,         0,1, 0, 0, 0,1032                          ,    0,       159,0,20181113 21:13:33,1869                          ,  101, 9999,  101,  101,    0,     0,     0
 ED5.2,074742597                     ,4067                          ,LAURA ZABALA R      ,2952      ,                ,  101,                    ,                              , 4,2,20181113 21:28:19,    0,         0,        30, 2395,   15,  101,2,                ,0000000,2, 0,         0,    0,0000000000000000000000000000000000000000,0000000000000000000000010000000000000000,         0,         0,         0,         0,1, 0, 0, 0,A800                          ,   31,         0,1,20181113 21:27:49,                              , 9999, 9999, 9999, 9999,32767,     0,     0
 ED5.2,1039                          ,1265                          ,                    ,1632      ,                ,  101,                    ,                              ,14,0,20181113 21:32:26,    0,         0,         0,65535,65535, 9999,2,                ,0000000,0, 0,         0,    0,0000000000000000000000000000000000000000,0000000000000000000000000000000000000000,         0,         0,         0,         0,1, 0, 0, 0,1039                          ,    0,         0,0,20181113 21:32:26,1265                          ,  101, 9999,  101,  101,    0,     0,     0
 ED5.2,3341                          ,1265                          ,                    ,1632      ,                ,  101,                    ,                              ,14,0,20181113 21:32:33,    0,         0,         0,65535,65535, 9999,2,                ,0000000,0, 0,         0,    0,0000000000000000000000000000000000000000,0000000000000000000000000000000000000000,         0,         0,         0,         0,1, 0, 0, 0,1039                          ,    0,         0,1,20181113 21:32:33,1265                          ,  101, 9999,  101,  101,    0,     0,     0
 ED5.2,1039                          ,1265                          ,                    ,1632      ,                ,  101,                    ,                              ,14,0,20181113 21:32:56,    0,         0,         0,65535,65535, 9999,2,                ,0000000,0, 0,         0,    0,0000000000000000000000000000000000000000,0000000000000000000000000000000000000000,         0,         0,         0,         0,1, 0, 0, 0,1039                          ,    0,         0,0,20181113 21:32:56,1265                          ,  101, 9999,  101,  101,    0,     0,     0
 ED5.2,3341                          ,1265                          ,                    ,1632      ,                ,  101,                    ,                              ,14,0,20181113 21:33:00,    0,         0,         0,65535,65535, 9999,2,                ,0000000,0, 0,         0,    0,0000000000000000000000000000000000000000,0000000000000000000000000000000000000000,         0,         0,         0,         0,1, 0, 0, 0,1039                          ,    0,         0,1,20181113 21:33:00,1265                          ,  101, 9999,  101,  101,    0,     0,     0
 ED5.2,3307                          ,1243                          ,                    ,1356      ,                ,  101,                    ,                              ,14,0,20181113 21:35:38,    0,         0,        63,65535,65535, 9999,2,                ,0000000,0, 0,         0,    0,0000000000000000000000000000000000000000,0000000000000000000000000000000000000000,         0,         0,         0,         0,1, 0, 0, 0,3307                          ,    0,        63,0,20181113 21:34:35,1243                          ,  101, 9999,  101,  101,    0,     0,     0
 ED5.2,2063                          ,2067                          ,                    ,4632      ,                ,  101,                    ,                              ,14,0,20181113 21:42:40,    0,         0,         9,65535,65535, 9999,2,                ,0000000,0, 0,         0,    0,0000000000000000000000000000000000000000,0000000000000000000000000000000000000000,         0,         0,         0,         0,1, 0, 0, 0,2063                          ,    0,         9,0,20181113 21:42:31,2067                          ,  101, 9999,  101,  101,    0,     0,     0
 ED5.2,663144248360                  ,3293                          ,ERIKA MARCEL JAR    ,1632      ,                ,  101,                    ,                              , 4,2,20181113 21:56:35,    0,         0,        57,  120,   20,  101,2,                ,0000000,2, 1,         0,    0,0000000000000000000000000000000000000000,0000000000000000000000010000000000000000,         0,         0,         0,         0,1, 0, 0, 0,A800                          ,   57,         0,1,20181113 21:55:38,                              , 9999, 9999, 9999, 9999,32767,     0,     0
 ED5.2,2061                          ,2067                          ,                    ,4632      ,                ,  101,                    ,                              ,14,0,20181113 22:05:42,    0,         0,         8,65535,65535, 9999,2,                ,0000000,0, 0,         0,    0,0000000000000000000000000000000000000000,0000000000000000000000000000000000000000,         0,         0,         0,         0,1, 0, 0, 0,2061                          ,    0,         8,0,20181113 22:05:34,2067                          ,  101, 9999,  101,  101,    0,     0,     0
