 ED5.2,4077                          ,4088                          ,                    ,2952      ,                ,  101,                    ,                              ,14,0,20181110 12:00:46,    0,         0,         0,65535,65535, 9999,2,                ,0000000,0, 0,         0,    0,0000000000000000000000000000000000000000,0000000000000000000000000000000000000000,         0,         0,         0,         0,1, 0, 0, 0,4077                          ,    0,         0,0,20181110 12:00:46,4088                          ,  101, 9999,  101,  101,    0,     0,     0
 ED5.2,4003                          ,4046                          ,                    ,2952      ,                ,  101,                    ,                              ,14,0,20181110 12:00:58,    0,         0,         0,65535,65535, 9999,2,                ,0000000,0, 0,         0,    0,0000000000000000000000000000000000000000,0000000000000000000000000000000000000000,         0,         0,         0,         0,1, 0, 0, 0,4003                          ,    0,         0,0,20181110 12:00:58,4046                          ,  101, 9999,  101,  101,    0,     0,     0
 ED5.2,4005                          ,4046                          ,                    ,2952      ,                ,  101,                    ,                              ,14,0,20181110 12:00:59,    0,         0,         0,65535,65535, 9999,2,                ,0000000,0, 0,         0,    0,0000000000000000000000000000000000000000,0000000000000000000000000000000000000000,         0,         0,         0,         0,1, 0, 0, 0,4003                          ,    0,         0,1,20181110 12:00:59,4046                          ,  101, 9999,  101,  101,    0,     0,     0
 ED5.2,3669808                       ,4056                          ,IVAN LOPEZ HE       ,2635      ,                ,  101,                    ,                              , 0,2,20181110 12:01:12,    0,         0,         0, 2395,   15,  101,2,                ,0010000,2, 1,         0,    0,1000000000000000000000000000000000000000,0000000000000000000000010000000000001000,         0,         0,         0,         0,1, 0, 0, 0,3669808                       ,    0,         0,0,20181110 12:01:12,4056                          , 9999, 9999, 9999,  101,32767,     0,     0
 ED5.2,663103336534                  ,1539                          ,N5                  ,1635      ,                ,  101,                    ,                              , 4,2,20181110 12:01:15,    0,         0,        51,  120,   20,  101,2,                ,0000000,2, 1,         0,    0,0000000000000000000000000000000000000000,0000000000000000000000010000000000000000,         0,         0,         0,         0,1, 0, 0, 0,A800                          ,   51,         0,0,20181110 12:00:24,                              , 9999, 9999, 9999, 9999,32767,     0,     0
 ED5.2,0943669808                    ,4056                          ,IVAN LOPEZ HE       ,2635      ,                ,  101,                    ,                              , 0,2,20181110 12:01:32,    0,         0,         0, 2815,   82,  101,2,                ,0010000,2, 1,         0,    0,1000000000000000000000000000000000000000,0000000000000000000000010000000000001000,         0,         0,         0,         0,1, 0, 0, 0,3669808                       ,    0,         0,0,20181110 12:01:32,4056                          , 9999, 9999, 9999,  101,32767,     0,     0
 ED5.2,3275923                       ,4814                          ,                    ,          ,                ,  101,                    ,                              , 7,2,20181110 12:02:29,    0,         0,     99049, 2849,   82,  101,2,                ,0010000,2, 1,         0,    0,1000000000000000000000000000000000000000,0000000000000000000000010000000000001000,         0,         0,         0,         0,1, 0, 0, 0,3275923                       ,    0,         0,0,20181109 08:31:40,                              , 9999, 9999, 9999, 9999,32767,     0,     0
 ED5.2,6044535                       ,4056                          ,IVAN LOPEZ HE       ,2635      ,                ,  101,                    ,                              , 0,2,20181110 12:03:10,    0,         0,         0, 2395,   15,  101,2,                ,0010000,2, 1,         0,    0,1000000000000000000000000000000000000000,0000000000000000000000010000000000001000,         0,         0,         0,         0,1, 0, 0, 0,6044535                       ,    0,         0,0,20181110 12:03:10,4056                          , 9999, 9999, 9999,  101,32767,     0,     0
 ED5.2,6044535                       ,4056                          ,IVAN LOPEZ HE       ,2635      ,                ,  101,                    ,                              , 0,2,20181110 12:03:36,    0,         0,         0, 2395,   15,  101,2,                ,0010000,2, 1,         0,    0,1000000000000000000000000000000000000000,0000000000000000000000010000000000001000,         0,         0,         0,         0,1, 0, 0, 0,6044535                       ,    0,         0,0,20181110 12:03:36,4056                          , 9999, 9999, 9999,  101,32767,     0,     0
 ED5.2,5190196                       ,FS065                         ,Fidu-Cali           ,          ,                ,  101,                    ,                              , 4,2,20181110 12:12:30,    0,         0,         4,  326,   65,  101,2,                ,0000000,3, 0,         0,    0,0000000000000000000000000000000000000000,0000000000000000000000010000000000000000,         0,         0,         0,         0,1, 0, 0, 0,A600                          ,    5,         0,0,20181110 12:12:26,                              , 9999, 9999, 9999, 9999,32767,     0,     0
 ED5.2,5782855                       ,4056                          ,IVAN LOPEZ HE       ,2635      ,                ,  101,                    ,                              , 0,2,20181110 12:16:31,    0,         0,        83, 2395,   15,  101,2,                ,0010000,2, 1,         0,    0,1000000000000000000000000000000000000000,0000000000000000000000010000000000001000,         0,         0,         0,         0,1, 0, 0, 0,5782855                       ,    0,         0,0,20181110 12:15:08,4056                          , 9999, 9999, 9999,  101,32767,     0,     0
 ED5.2,6398080                       ,1600                          ,RECEPCION COUNTR    ,1635      ,                ,  101,                    ,                              , 4,2,20181110 12:17:21,    0,         0,        66,  120,   20,  101,2,                ,0000000,2, 0,         0,    0,0000000000000000000000000000000000000000,0000000000000000000000010000000000000000,         0,         0,         0,         0,1, 0, 0, 0,A800                          ,   66,         0,1,20181110 12:16:15,                              , 9999, 9999, 9999, 9999,32767,     0,     0
 ED5.2,                              ,FS083                         ,fidumaniza          ,          ,                ,  101,                    ,                              , 4,1,20181110 12:22:31,    0,         0,         8,  407,   83,  101,2,                ,0000000,0, 0,         0,    0,0000000000000000000000000000000000000000,0000000000000000000000010000000000000000,         0,         0,         0,         0,1, 0, 0, 0,                              ,    8,         0,1,20181110 12:22:23,                              , 9999, 9999, 9999, 9999,32767,     0,     0
 ED5.2,2123505                       ,1896                          ,EDGAR YECID BERM    ,1632      ,                ,  101,                    ,                              , 0,2,20181110 12:22:51,    0,         0,       136, 1951,   11,  101,2,                ,0010000,2, 1,         0,    0,1000000000000000000000000000000000000000,0000000000000000000000010000000000001000,         0,         0,         0,         0,1, 0, 0, 0,2123505                       ,    0,         0,0,20181110 12:20:35,1896                          , 9999, 9999, 9999,  101,32767,     0,     0
 ED5.2,6604869                       ,3261                          ,DANIELA  GONZALE    ,1318      ,                ,  101,                    ,                              , 0,2,20181110 12:23:28,    0,         0,         0, 1952,   11,  101,2,                ,0010000,2, 1,         0,    0,1000000000000000000000000000000000000000,0000000000000000000000010000000000001000,         0,         0,         0,         0,1, 0, 0, 0,6604869                       ,    0,         0,0,20181110 12:23:28,3261                          , 9999, 9999, 9999,  101,32767,     0,     0
 ED5.2,4856969                       ,FS082                         ,SIPsalida           ,          ,                ,  101,                    ,                              , 4,2,20181110 12:24:22,    0,         0,        17, 2815,   82,  101,2,                ,0000000,2, 0,         0,    0,0000000000000000000000000000000000000000,0000000000000000000000010000000000000000,         0,         0,         0,         0,1, 0, 0, 0,A500                          ,   18,         0,0,20181110 12:24:05,                              , 9999, 9999, 9999, 9999,32767,     0,     0
 ED5.2,2123505                       ,3293                          ,ERIKA MARCEL JAR    ,1632      ,                ,  101,                    ,                              , 0,2,20181110 12:25:01,    0,         0,        97, 1951,   11,  101,2,                ,0010000,2, 1,         0,    0,1000000000000000000000000000000000000000,0000000000000000000000010000000000001000,         0,         0,         0,         0,1, 0, 0, 0,2123505                       ,    0,         0,0,20181110 12:23:24,3293                          , 9999, 9999, 9999,  101,32767,     0,     0
 ED5.2,4056                          ,4038                          ,                    ,2952      ,                ,  101,                    ,                              ,14,0,20181110 12:25:06,    0,         0,        29,65535,65535, 9999,2,                ,0000000,0, 0,         0,    0,0000000000000000000000000000000000000000,0000000000000000000000000000000000000000,         0,         0,         0,         0,1, 0, 0, 0,4056                          ,    0,        29,0,20181110 12:24:37,4038                          ,  101, 9999,  101,  101,    0,     0,     0
 ED5.2,3141287                       ,3618                          ,COCINA VALORES      ,3675      ,                ,  101,                    ,                              , 0,1,20181110 12:26:17,    0,         0,        31,  432,   91,  101,2,                ,0010000,0, 0,         0,    0,0000000000000000000000000000000000000000,0000000000000000000000010000000000001000,         0,         0,         0,         0,1, 0, 0, 0,3141287                       ,    0,         0,0,20181110 12:25:46,3618                          , 9999, 9999, 9999,  101,32767,     0,     0
 ED5.2,3261                          ,1347                          ,                    ,1318      ,                ,  101,                    ,                              ,14,0,20181110 12:27:37,    0,         0,         7,65535,65535, 9999,2,                ,0000000,0, 0,         0,    0,0000000000000000000000000000000000000000,0000000000000000000000000000000000000000,         0,         0,         0,         0,1, 0, 0, 0,3261                          ,    0,         7,0,20181110 12:27:30,1347                          ,  101, 9999,  101,  101,    0,     0,     0
 ED5.2,6604869                       ,3261                          ,DANIELA  GONZALE    ,1318      ,                ,  101,                    ,                              , 0,2,20181110 12:30:58,    0,         0,       166, 1951,   11,  101,2,                ,0010000,2, 1,         0,    0,1000000000000000000000000000000000000000,0000000000000000000000010000000000001000,         0,         0,         0,         0,1, 0, 0, 0,6604869                       ,    0,         0,0,20181110 12:28:12,3261                          , 9999, 9999, 9999,  101,32767,     0,     0
 ED5.2,2123505                       ,3261                          ,DANIELA  GONZALE    ,1318      ,                ,  101,                    ,                              , 0,2,20181110 12:32:08,    0,         0,        60, 1951,   11,  101,2,                ,0010000,2, 1,         0,    0,1000000000000000000000000000000000000000,0000000000000000000000010000000000001000,         0,         0,         0,         0,1, 0, 0, 0,2123505                       ,    0,         0,0,20181110 12:31:08,3261                          , 9999, 9999, 9999,  101,32767,     0,     0
 ED5.2,4077                          ,4088                          ,                    ,2952      ,                ,  101,                    ,                              ,14,0,20181110 12:33:14,    0,         0,         0,65535,65535, 9999,2,                ,0000000,0, 0,         0,    0,0000000000000000000000000000000000000000,0000000000000000000000000000000000000000,         0,         0,         0,         0,1, 0, 0, 0,4077                          ,    0,         0,0,20181110 12:33:14,4088                          ,  101, 9999,  101,  101,    0,     0,     0
 ED5.2,4003                          ,4046                          ,                    ,2952      ,                ,  101,                    ,                              ,14,0,20181110 12:33:17,    0,         0,         0,65535,65535, 9999,2,                ,0000000,0, 0,         0,    0,0000000000000000000000000000000000000000,0000000000000000000000000000000000000000,         0,         0,         0,         0,1, 0, 0, 0,4003                          ,    0,         0,0,20181110 12:33:17,4046                          ,  101, 9999,  101,  101,    0,     0,     0
 ED5.2,0746029578                    ,4010                          ,ELIZABETH PA GAR    ,2843      ,                ,  101,                    ,                              , 4,2,20181110 12:33:37,    0,         0,        56, 2395,   15,  101,2,                ,0000000,2, 0,         0,    0,0000000000000000000000000000000000000000,0000000000000000000000010000000000000000,         0,         0,         0,         0,1, 0, 0, 0,A800                          ,   56,         0,1,20181110 12:32:41,                              , 9999, 9999, 9999, 9999,32767,     0,     0
 ED5.2,663105154474                  ,FS065                         ,Fidu-Cali           ,          ,                ,  101,                    ,                              , 4,2,20181110 12:35:25,    0,         0,        15,  327,   65,  101,2,                ,0000000,3, 0,         0,    0,0000000000000000000000000000000000000000,0000000000000000000000010000000000000000,         0,         0,         0,         0,1, 0, 0, 0,A600                          ,   15,         0,0,20181110 12:35:10,                              , 9999, 9999, 9999, 9999,32767,     0,     0
 ED5.2,033105154474                  ,3501                          ,RECEPCION AUXILI    ,4675      ,                ,  101,                    ,                              , 4,2,20181110 12:36:14,    0,         0,        45,  328,   65,  101,2,                ,0000000,3, 0,         0,    0,0000000000000000000000000000000000000000,0000000000000000000000010000000000000000,         0,         0,         0,         0,1, 0, 0, 0,A600                          ,   46,         0,1,20181110 12:35:29,                              , 9999, 9999, 9999, 9999,32767,     0,     0
 ED5.2,3174395859                    ,4088                          ,DAVID STIVEN GUE    ,2952      ,                ,  101,                    ,                              , 0,2,20181110 12:36:56,    0,         0,        42, 2299,   66,  101,2,                ,0010000,2, 1,         0,    0,1000000000000000000000000000000000000000,0000000000000000000000010000000000001000,         0,         0,         0,         0,1, 0, 0, 0,033174395859                  ,    0,         0,0,20181110 12:36:14,4088                          , 9999, 9999, 9999,  101,32767,     0,     0
 ED5.2,3814500                       ,FS020                         ,ETB                 ,          ,                ,  101,                    ,                              , 4,2,20181110 12:37:13,    0,         0,         3,  120,   20,  101,2,                ,0000000,2, 0,         0,    0,0000000000000000000000000000000000000000,0000000000000000000000010000000000000000,         0,         0,         0,         0,1, 0, 0, 0,A800                          ,    3,         0,0,20181110 12:37:10,                              , 9999, 9999, 9999, 9999,32767,     0,     0
 ED5.2,3863367                       ,3618                          ,COCINA VALORES      ,3675      ,                ,  101,                    ,                              , 0,1,20181110 12:39:39,    0,         0,       171,   93,   91,  101,2,                ,0010000,0, 0,         0,    0,0000000000000000000000000000000000000000,0000000000000000000000010000000000001000,         0,         0,         0,         0,1, 0, 0, 0,3863367                       ,    0,         0,0,20181110 12:36:48,3618                          , 9999, 9999, 9999,  101,32767,     0,     0
 ED5.2,6398080                       ,1736                          ,RECEPCION 2 MORA    ,1635      ,                ,  101,                    ,                              , 4,2,20181110 12:42:28,    0,         0,        66,  120,   20,  101,2,                ,0000000,2, 0,         0,    0,0000000000000000000000000000000000000000,0000000000000000000000010000000000000000,         0,         0,         0,         0,1, 0, 0, 0,A800                          ,   67,         0,1,20181110 12:41:22,                              , 9999, 9999, 9999, 9999,32767,     0,     0
 ED5.2,3279735                       ,2061                          ,PAOLA ANDREA GAR    ,4632      ,                ,  101,                    ,                              , 0,2,20181110 12:45:27,    0,         0,        88,  329,   65,  101,2,                ,0010000,2, 1,         0,    0,1000000000000000000000000000000000000000,0000000000000000000000010000000000001000,         0,         0,         0,         0,1, 0, 0, 0,3279735                       ,    0,         0,0,20181110 12:43:59,2061                          , 9999, 9999, 9999,  101,32767,     0,     0
 ED5.2,8937769                       ,2063                          ,LINA MARCELA MUN    ,4632      ,                ,  101,                    ,                              , 0,2,20181110 12:48:10,    0,         0,       143,  300,   65,  101,2,                ,0010000,2, 1,         0,    0,1000000000000000000000000000000000000000,0000000000000000000000010000000000001000,         0,         0,         0,         0,1, 0, 0, 0,8937769                       ,    0,         0,0,20181110 12:45:47,2063                          , 9999, 9999, 9999,  101,32767,     0,     0
 ED5.2,1466                          ,1026                          ,                    ,1638      ,                ,  101,                    ,                              ,14,0,20181110 12:49:07,    0,         0,         0,65535,65535, 9999,2,                ,0000000,0, 0,         0,    0,0000000000000000000000000000000000000000,0000000000000000000000000000000000000000,         0,         0,         0,         0,1, 0, 0, 0,1466                          ,    0,         0,0,20181110 12:49:07,1026                          ,  101, 9999,  101,  101,    0,     0,     0
 ED5.2,1024                          ,1026                          ,                    ,1638      ,                ,  101,                    ,                              ,14,0,20181110 12:49:09,    0,         0,         0,65535,65535, 9999,2,                ,0000000,0, 0,         0,    0,0000000000000000000000000000000000000000,0000000000000000000000000000000000000000,         0,         0,         0,         0,1, 0, 0, 0,1466                          ,    0,         0,1,20181110 12:49:09,1026                          ,  101, 9999,  101,  101,    0,     0,     0
 ED5.2,1466                          ,1026                          ,                    ,1638      ,                ,  101,                    ,                              ,14,0,20181110 12:50:00,    0,         0,        47,65535,65535, 9999,2,                ,0000000,0, 0,         0,    0,0000000000000000000000000000000000000000,0000000000000000000000000000000000000000,         0,         0,         0,         0,1, 0, 0, 0,1466                          ,    0,        47,0,20181110 12:49:13,1026                          ,  101, 9999,  101,  101,    0,     0,     0
 ED5.2,6398080                       ,1600                          ,RECEPCION COUNTR    ,1635      ,                ,  101,                    ,                              , 4,2,20181110 12:54:48,    0,         0,        66,  120,   20,  101,2,                ,0000000,2, 0,         0,    0,0000000000000000000000000000000000000000,0000000000000000000000010000000000000000,         0,         0,         0,         0,1, 0, 0, 0,A800                          ,   66,         0,1,20181110 12:53:42,                              , 9999, 9999, 9999, 9999,32767,     0,     0
 ED5.2,5946363                       ,FS065                         ,Fidu-Cali           ,          ,                ,  101,                    ,                              , 4,2,20181110 12:56:43,    0,         0,         2,  301,   65,  101,2,                ,0000000,3, 0,         0,    0,0000000000000000000000000000000000000000,0000000000000000000000010000000000000000,         0,         0,         0,         0,1, 0, 0, 0,A600                          ,    2,         0,0,20181110 12:56:41,                              , 9999, 9999, 9999, 9999,32767,     0,     0
 ED5.2,7438777                       ,FS020                         ,ETB                 ,          ,                ,  101,                    ,                              , 4,2,20181110 12:57:03,    0,         0,         7,  120,   20,  101,2,                ,0000000,3, 0,         0,    0,0000000000000000000000000000000000000000,0000000000000000000000010000000000000000,         0,         0,         0,         0,1, 0, 0, 0,A800                          ,    8,         0,0,20181110 12:56:56,                              , 9999, 9999, 9999, 9999,32767,     0,     0
 ED5.2,53854058                      ,5100                          ,RECEPCION BQUILL    ,3635      ,                ,  101,                    ,                              , 4,2,20181110 12:57:48,    0,         0,        84, 2815,   82,  101,2,                ,0000000,2, 0,         0,    0,0000000000000000000000000000000000000000,0000000000000000000000010000000000000000,         0,         0,         0,         0,1, 0, 0, 0,A900                          ,   84,         0,1,20181110 12:56:24,                              , 9999, 9999, 9999, 9999,32767,     0,     0
 ED5.2,6604876                       ,1524                          ,JOHAN SEBAST CAR    ,1952      ,                ,  101,                    ,                              , 0,2,20181110 13:03:05,    0,         0,         0, 1951,   11,  101,2,                ,0010000,2, 1,         0,    0,1000000000000000000000000000000000000000,0000000000000000000000010000000000001000,         0,         0,         0,         0,1, 0, 0, 0,6604876                       ,    0,         0,0,20181110 13:03:05,1524                          , 9999, 9999, 9999,  101,32767,     0,     0
