 ED5.2,074742597                     ,4067                          ,LAURA ZABALA R      ,2952      ,                ,  101,                    ,                              , 4,2,20181119 20:07:47,    0,         0,        38, 2395,   15,  101,2,                ,0000000,2, 0,         0,    0,0000000000000000000000000000000000000000,0000000000000000000000010000000000000000,         0,         0,         0,         0,1, 0, 0, 0,A800                          ,   38,         0,1,20181119 20:07:09,                              , 9999, 9999, 9999, 9999,32767,     0,     0
 ED5.2,1384                          ,1582                          ,                    ,1949      ,                ,  101,                    ,                              ,14,0,20181119 20:11:44,    0,         0,        64,65535,65535, 9999,2,                ,0000000,0, 0,         0,    0,0000000000000000000000000000000000000000,0000000000000000000000000000000000000000,         0,         0,         0,         0,1, 0, 0, 0,1384                          ,    0,        64,0,20181119 20:10:40,1582                          ,  101, 9999,  101,  101,    0,     0,     0
 ED5.2,3127037594                    ,4025                          ,MELISSA CANO MON    ,2952      ,                ,  101,                    ,                              , 0,2,20181119 20:12:39,    0,         0,        40, 2299,   66,  101,2,                ,0010000,2, 1,         0,    0,1000000000000000000000000000000000000000,0000000000000000000000010000000000001000,         0,         0,         0,         0,1, 0, 0, 0,033127037594                  ,    0,         0,0,20181119 20:11:59,4025                          , 9999, 9999, 9999,  101,32767,     0,     0
 ED5.2,1322                          ,1867                          ,                    ,1952      ,                ,  101,                    ,                              ,14,0,20181119 20:13:41,    0,         0,         6,65535,65535, 9999,2,                ,0000000,0, 0,         0,    0,0000000000000000000000000000000000000000,0000000000000000000000000000000000000000,         0,         0,         0,         0,1, 0, 0, 0,1322                          ,    0,         6,0,20181119 20:13:35,1867                          ,  101, 9999,  101,  101,    0,     0,     0
 ED5.2,7292200                       ,1468                          ,JUAN PABLO CANGR    ,1638      ,                ,  101,                    ,                              , 0,2,20181119 20:13:54,    0,         0,         0, 1951,   11,  101,2,                ,0010000,2, 1,         0,    0,1000000000000000000000000000000000000000,0000000000000000000000010000000000001000,         0,         0,         0,         0,1, 0, 0, 0,7292200                       ,    0,         0,0,20181119 20:13:54,1468                          , 9999, 9999, 9999,  101,32767,     0,     0
 ED5.2,2972231                       ,4003                          ,JUDY FRANCEL JAR    ,2952      ,                ,  101,                    ,                              , 0,2,20181119 20:14:20,    0,         0,       175, 2395,   15,  101,2,                ,0010000,2, 1,         0,    0,1000000000000000000000000000000000000000,0000000000000000000000010000000000001000,         0,         0,         0,         0,1, 0, 0, 0,2972231                       ,    0,         0,0,20181119 20:11:25,4003                          , 9999, 9999, 9999,  101,32767,     0,     0
 ED5.2,3814500                       ,FS020                         ,ETB                 ,          ,                ,  101,                    ,                              , 4,2,20181119 20:17:27,    0,         0,         3,  120,   20,  101,2,                ,0000000,2, 0,         0,    0,0000000000000000000000000000000000000000,0000000000000000000000010000000000000000,         0,         0,         0,         0,1, 0, 0, 0,A800                          ,    3,         0,0,20181119 20:17:24,                              , 9999, 9999, 9999, 9999,32767,     0,     0
 ED5.2,1699                          ,13814500                      ,                    ,          ,                ,  101,                    ,                              , 7,2,20181119 20:19:49,    0,         0,         0, 1951,   11,  101,2,                ,0010000,2, 1,         0,    0,1000000000000000000000000000000000000000,0000000000000000000000010000000000000000,         0,         0,         0,         0,1, 0, 0, 0,                              ,    0,         0,0,20181119 20:19:49,                              , 9999, 9999, 9999, 9999,32767,     0,     0
 ED5.2,1448                          ,1736                          ,                    ,1635      ,                ,  101,                    ,                              ,14,0,20181119 20:20:23,    0,         0,         6,65535,65535, 9999,2,                ,0000000,0, 0,         0,    0,0000000000000000000000000000000000000000,0000000000000000000000000000000000000000,         0,         0,         0,         0,1, 0, 0, 0,1448                          ,    0,         6,0,20181119 20:20:17,1736                          ,  101, 9999,  101,  101,    0,     0,     0
 ED5.2,1742                          ,1736                          ,                    ,1635      ,                ,  101,                    ,                              ,14,0,20181119 20:20:36,    0,         0,         7,65535,65535, 9999,2,                ,0000000,0, 0,         0,    0,0000000000000000000000000000000000000000,0000000000000000000000000000000000000000,         0,         0,         0,         0,1, 0, 0, 0,1742                          ,    0,         7,0,20181119 20:20:29,1736                          ,  101, 9999,  101,  101,    0,     0,     0
 ED5.2,7505844                       ,1685                          ,VISACION 5          ,1949      ,                ,  101,                    ,                              , 4,2,20181119 20:28:50,    0,         0,        55,  120,   20,  101,2,                ,0000000,3, 0,         0,    0,0000000000000000000000000000000000000000,0000000000000000000000010000000000000000,         0,         0,         0,         0,1, 0, 0, 0,A800                          ,   56,         0,1,20181119 20:27:55,                              , 9999, 9999, 9999, 9999,32767,     0,     0
 ED5.2,7292200                       ,1468                          ,JUAN PABLO CANGR    ,1638      ,                ,  101,                    ,                              , 0,2,20181119 20:30:41,    0,         0,        73, 1951,   11,  101,2,                ,0010000,2, 1,         0,    0,1000000000000000000000000000000000000000,0000000000000000000000010000000000001000,         0,         0,         0,         0,1, 0, 0, 0,7292200                       ,    0,         0,0,20181119 20:29:28,1468                          , 9999, 9999, 9999,  101,32767,     0,     0
 ED5.2,2972231                       ,4003                          ,JUDY FRANCEL JAR    ,2952      ,                ,  101,                    ,                              , 0,2,20181119 20:37:19,    0,         0,         0, 2395,   15,  101,2,                ,0010000,2, 1,         0,    0,1000000000000000000000000000000000000000,0000000000000000000000010000000000001000,         0,         0,         0,         0,1, 0, 0, 0,2972231                       ,    0,         0,0,20181119 20:37:19,4003                          , 9999, 9999, 9999,  101,32767,     0,     0
 ED5.2,7505296                       ,3228                          ,ALBA ROSA BOTERO    ,1979      ,                ,  101,                    ,                              , 0,2,20181119 20:38:29,    0,         0,         0, 1951,   11,  101,2,                ,0010000,2, 1,         0,    0,1000000000000000000000000000000000000000,0000000000000000000000010000000000001000,         0,         0,         0,         0,1, 0, 0, 0,7505296                       ,    0,         0,0,20181119 20:38:29,3228                          , 9999, 9999, 9999,  101,32767,     0,     0
 ED5.2,2367902                       ,4003                          ,JUDY FRANCEL JAR    ,2952      ,                ,  101,                    ,                              , 0,2,20181119 20:40:49,    0,         0,        41, 2395,   15,  101,2,                ,0010000,2, 1,         0,    0,1000000000000000000000000000000000000000,0000000000000000000000010000000000001000,         0,         0,         0,         0,1, 0, 0, 0,2367902                       ,    0,         0,0,20181119 20:40:08,4003                          , 9999, 9999, 9999,  101,32767,     0,     0
 ED5.2,3204349                       ,3239                          ,JOSE ANTONIO ECH    ,1979      ,                ,  101,                    ,                              , 0,2,20181119 20:57:23,    0,         0,         0, 1951,   11,  101,2,                ,0010000,2, 1,         0,    0,1000000000000000000000000000000000000000,0000000000000000000000010000000000001000,         0,         0,         0,         0,1, 0, 0, 0,3204349                       ,    0,         0,0,20181119 20:57:23,3239                          , 9999, 9999, 9999,  101,32767,     0,     0
 ED5.2,3204343                       ,3239                          ,JOSE ANTONIO ECH    ,1979      ,                ,  101,                    ,                              , 0,2,20181119 20:57:40,    0,         0,         0, 1951,   11,  101,2,                ,0010000,2, 1,         0,    0,1000000000000000000000000000000000000000,0000000000000000000000010000000000001000,         0,         0,         0,         0,1, 0, 0, 0,3204343                       ,    0,         0,0,20181119 20:57:40,3239                          , 9999, 9999, 9999,  101,32767,     0,     0
 ED5.2,3204343657                    ,3239                          ,JOSE ANTONIO ECH    ,1979      ,                ,  101,                    ,                              , 0,1,20181119 20:58:52,    0,         0,        38,  378,   21,  101,2,                ,0010000,0, 0,         0,    0,0000000000000000000000000000000000000000,0000000000000000000000010000000000001000,         0,         0,         0,         0,1, 0, 0, 0,033204343657                  ,    0,         0,0,20181119 20:58:14,3239                          , 9999, 9999, 9999,  101,32767,     0,     0
 ED5.2,3048808                       ,1394                          ,CLARA YANETH MAN    ,1638      ,                ,  101,                    ,                              , 0,2,20181119 21:01:08,    0,         0,        21, 1951,   11,  101,2,                ,0010000,2, 1,         0,    0,1000000000000000000000000000000000000000,0000000000000000000000010000000000001000,         0,         0,         0,         0,1, 0, 0, 0,3048808                       ,    0,         0,0,20181119 21:00:47,1394                          , 9999, 9999, 9999,  101,32767,     0,     0
