 ED5.2,B5592694                      ,FS200                         ,SIP MED VL          ,          ,                ,  101,                    ,                              ,13,0,20181201 16:22:43,    0,         0,        22,11237,  200,  101,2,                ,0000000,2, 1,         0,    0,0000000000000000000000000000000000000000,0000000000000000000000010000000000000000,         0,         0,         0,         0,1, 0, 0, 0,7764                          ,   22,         0,0,20181201 16:22:21,                              , 9999, 9999, 9999, 9999,32767,     0,     0
 ED5.2,3818300                       ,FS082                         ,SIPsalida           ,          ,                ,  101,                    ,                              , 4,2,20181201 16:29:29,    0,         0,        34,10865,   82,  101,2,                ,0000000,2, 0,         0,    0,0000000000000000000000000000000000000000,0000000000000000000000010000000000000000,         0,         0,         0,         0,1, 0, 0, 0,A500                          ,   35,         0,1,20181201 16:28:55,                              , 9999, 9999, 9999, 9999,32767,     0,     0
 ED5.2,2668161                       ,FS020                         ,ETB                 ,          ,                ,  101,                    ,                              , 4,2,20181201 16:34:54,    0,         0,        47,  120,   20,  101,2,                ,0000000,3, 0,         0,    0,0000000000000000000000000000000000000000,0000000000000000000000010000000000000000,         0,         0,         0,         0,1, 0, 0, 0,A800                          ,   47,         0,1,20181201 16:34:07,                              , 9999, 9999, 9999, 9999,32767,     0,     0
 ED5.2,53458489                      ,FS082                         ,SIPsalida           ,          ,                ,  101,                    ,                              , 4,2,20181201 16:35:33,    0,         0,         2,10865,   82,  101,2,                ,0000000,2, 0,         0,    0,0000000000000000000000000000000000000000,0000000000000000000000010000000000000000,         0,         0,         0,         0,1, 0, 0, 0,A900                          ,    2,         0,0,20181201 16:35:31,                              , 9999, 9999, 9999, 9999,32767,     0,     0
 ED5.2,2668161                       ,FS020                         ,ETB                 ,          ,                ,  101,                    ,                              , 4,2,20181201 16:35:49,    0,         0,        39,  120,   20,  101,2,                ,0000000,3, 0,         0,    0,0000000000000000000000000000000000000000,0000000000000000000000010000000000000000,         0,         0,         0,         0,1, 0, 0, 0,A800                          ,   39,         0,1,20181201 16:35:10,                              , 9999, 9999, 9999, 9999,32767,     0,     0
 ED5.2,53458489                      ,FS082                         ,SIPsalida           ,          ,                ,  101,                    ,                              , 4,2,20181201 16:37:00,    0,         0,         1,10865,   82,  101,2,                ,0000000,2, 0,         0,    0,0000000000000000000000000000000000000000,0000000000000000000000010000000000000000,         0,         0,         0,         0,1, 0, 0, 0,A900                          ,    1,         0,0,20181201 16:36:59,                              , 9999, 9999, 9999, 9999,32767,     0,     0
 ED5.2,1818                          ,1736                          ,                    ,1635      ,                ,  101,                    ,                              ,14,0,20181201 16:48:20,    0,         0,         9,65535,65535, 9999,2,                ,0000000,0, 0,         0,    0,0000000000000000000000000000000000000000,0000000000000000000000000000000000000000,         0,         0,         0,         0,1, 0, 0, 0,1818                          ,    0,         9,0,20181201 16:48:11,1736                          ,  101, 9999,  101,  101,    0,     0,     0
 ED5.2,1340                          ,1818                          ,                    ,1632      ,                ,  101,                    ,                              ,14,0,20181201 16:53:33,    0,         0,         0,65535,65535, 9999,2,                ,0000000,0, 0,         0,    0,0000000000000000000000000000000000000000,0000000000000000000000000000000000000000,         0,         0,         0,         0,1, 0, 0, 0,1340                          ,    0,         0,0,20181201 16:53:33,1818                          ,  101, 9999,  101,  101,    0,     0,     0
 ED5.2,88                            ,1818                          ,                    ,1632      ,                ,  101,                    ,                              ,14,0,20181201 16:53:34,    0,         0,         1,65535,65535, 9999,2,                ,0000000,0, 0,         0,    0,0000000000000000000000000000000000000000,0000000000000000000000000000000000000000,         0,         0,         0,         0,1, 0, 0, 0,1340                          ,    0,         1,1,20181201 16:53:33,1818                          ,  101, 9999,  101,  101,    0,     0,     0
 ED5.2,7653255                       ,1501                          ,PAOLA MENDOZA       ,1741      ,                ,  101,                    ,                              , 0,2,20181201 17:02:36,    0,         0,        95,10002,   11,  101,2,                ,0010000,2, 1,         0,    0,1000000000000000000000000000000000000000,0000000000000000000000010000000000001000,         0,         0,         0,         0,1, 0, 0, 0,7653255                       ,    0,         0,0,20181201 17:01:01,1501                          , 9999, 9999, 9999,  101,32767,     0,     0
