 ED5.2,1454                          ,1024                          ,                    ,1638      ,                ,  101,                    ,                              ,14,0,20190117 21:07:35,    0,         0,       156,65535,65535, 9999,2,                ,0000000,0, 0,         0,    0,0000000000000000000000000000000000000000,0000000000000000000000000000000000000000,         0,         0,         0,         0,1, 0, 0, 0,1454                          ,    0,       156,0,20190117 21:04:59,1024                          ,  101, 9999,  101,  101,    0,     0,     0
 ED5.2,1822                          ,1820                          ,                    ,1632      ,                ,  101,                    ,                              ,14,0,20190117 21:09:45,    0,         0,         0,65535,65535, 9999,2,                ,0000000,0, 0,         0,    0,0000000000000000000000000000000000000000,0000000000000000000000000000000000000000,         0,         0,         0,         0,1, 0, 0, 0,1822                          ,    0,         0,0,20190117 21:09:45,1820                          ,  101, 9999,  101,  101,    0,     0,     0
 ED5.2,1820                          ,1822                          ,                    ,1632      ,                ,  101,                    ,                              ,14,0,20190117 21:10:14,    0,         0,         0,65535,65535, 9999,2,                ,0000000,0, 0,         0,    0,0000000000000000000000000000000000000000,0000000000000000000000000000000000000000,         0,         0,         0,         0,1, 0, 0, 0,1820                          ,    0,         0,0,20190117 21:10:14,1822                          ,  101, 9999,  101,  101,    0,     0,     0
 ED5.2,1821                          ,1822                          ,                    ,1632      ,                ,  101,                    ,                              ,14,0,20190117 21:10:15,    0,         0,         0,65535,65535, 9999,2,                ,0000000,0, 0,         0,    0,0000000000000000000000000000000000000000,0000000000000000000000000000000000000000,         0,         0,         0,         0,1, 0, 0, 0,1820                          ,    0,         0,1,20190117 21:10:15,1822                          ,  101, 9999,  101,  101,    0,     0,     0
 ED5.2,305886601                     ,1120                          ,LUISA LEONOR MAR    ,1154      ,                ,  101,                    ,                              , 0,2,20190117 21:11:10,    0,         0,         0,10349,   66,  101,2,                ,0010000,2, 1,         0,    0,1000000000000000000000000000000000000000,0000000000000000000000010000000000001000,         0,         0,         0,         0,1, 0, 0, 0,03305886601                   ,    0,         0,0,20190117 21:11:10,1120                          , 9999, 9999, 9999,  101,32767,     0,     0
 ED5.2,30157886                      ,1120                          ,LUISA LEONOR MAR    ,1154      ,                ,  101,                    ,                              , 0,2,20190117 21:11:22,    0,         0,         0,10349,   66,  101,2,                ,0010000,2, 1,         0,    0,1000000000000000000000000000000000000000,0000000000000000000000010000000000001000,         0,         0,         0,         0,1, 0, 0, 0,0330157886                    ,    0,         0,0,20190117 21:11:22,1120                          , 9999, 9999, 9999,  101,32767,     0,     0
 ED5.2,305                           ,1120                          ,LUISA LEONOR MAR    ,1154      ,                ,  101,                    ,                              , 0,2,20190117 21:11:32,    0,         0,         0,10349,   66,  101,2,                ,0010000,2, 1,         0,    0,1000000000000000000000000000000000000000,0000000000000000000000010000000000001000,         0,         0,         0,         0,1, 0, 0, 0,03305                         ,    0,         0,0,20190117 21:11:32,1120                          , 9999, 9999, 9999,  101,32767,     0,     0
 ED5.2,1140                          ,3811                          ,                    ,1635      ,                ,  101,                    ,                              ,14,0,20190117 21:12:21,    0,         0,      9341,65535,65535, 9999,2,                ,0000000,0, 0,         0,    0,0000000000000000000000000000000000000000,0000000000000000000000000000000000000000,         0,         0,         0,         0,1, 0, 0, 0,1140                          ,    0,      9341,0,20190117 18:36:40,3811                          ,  101, 9999,  101,  101,    0,     0,     0
 ED5.2,3057886601                    ,1120                          ,LUISA LEONOR MAR    ,1154      ,                ,  101,                    ,                              , 0,2,20190117 21:12:24,    0,         0,        30,10349,   66,  101,2,                ,0010000,2, 1,         0,    0,1000000000000000000000000000000000000000,0000000000000000000000010000000000001000,         0,         0,         0,         0,1, 0, 0, 0,033057886601                  ,    0,         0,0,20190117 21:11:54,1120                          , 9999, 9999, 9999,  101,32767,     0,     0
 ED5.2,1180                          ,3811                          ,                    ,1635      ,                ,  101,                    ,                              ,14,0,20190117 21:12:35,    0,         0,         0,65535,65535, 9999,2,                ,0000000,0, 0,         0,    0,0000000000000000000000000000000000000000,0000000000000000000000000000000000000000,         0,         0,         0,         0,1, 0, 0, 0,1180                          ,    0,         0,0,20190117 21:12:35,3811                          ,  101, 9999,  101,  101,    0,     0,     0
 ED5.2,1822                          ,1820                          ,                    ,1632      ,                ,  101,                    ,                              ,14,0,20190117 21:13:46,    0,         0,       183,65535,65535, 9999,2,                ,0000000,0, 0,         0,    0,0000000000000000000000000000000000000000,0000000000000000000000000000000000000000,         0,         0,         0,         0,1, 0, 0, 0,1822                          ,    0,       183,0,20190117 21:10:43,1820                          ,  101, 9999,  101,  101,    0,     0,     0
 ED5.2,4877777                       ,1541                          ,DANIEL ESTEB ALV    ,1952      ,                ,  101,                    ,                              , 0,2,20190117 21:13:49,    0,         0,         3,10001,   11,  101,2,                ,0010000,2, 1,         0,    0,1000000000000000000000000000000000000000,0000000000000000000000010000000000001000,         0,         0,         0,         0,1, 0, 0, 0,4877777                       ,    0,         0,0,20190117 21:13:46,1541                          , 9999, 9999, 9999,  101,32767,     0,     0
 ED5.2,4877777                       ,1541                          ,DANIEL ESTEB ALV    ,1952      ,                ,  101,                    ,                              , 0,2,20190117 21:14:05,    0,         0,         3,10001,   11,  101,2,                ,0010000,2, 1,         0,    0,1000000000000000000000000000000000000000,0000000000000000000000010000000000001000,         0,         0,         0,         0,1, 0, 0, 0,4877777                       ,    0,         0,0,20190117 21:14:02,1541                          , 9999, 9999, 9999,  101,32767,     0,     0
 ED5.2,4877777                       ,1541                          ,DANIEL ESTEB ALV    ,1952      ,                ,  101,                    ,                              , 0,2,20190117 21:14:32,    0,         0,         3,10001,   11,  101,2,                ,0010000,2, 1,         0,    0,1000000000000000000000000000000000000000,0000000000000000000000010000000000001000,         0,         0,         0,         0,1, 0, 0, 0,4877777                       ,    0,         0,0,20190117 21:14:29,1541                          , 9999, 9999, 9999,  101,32767,     0,     0
 ED5.2,3134017414                    ,3239                          ,JOSE ANTONIO ECH    ,1979      ,                ,  101,                    ,                              , 0,1,20190117 21:15:47,    0,         0,        18,  378,   21,  101,2,                ,0010000,0, 0,         0,    0,0000000000000000000000000000000000000000,0000000000000000000000010000000000001000,         0,         0,         0,         0,1, 0, 0, 0,033134017414                  ,    0,         0,0,20190117 21:15:29,3239                          , 9999, 9999, 9999,  101,32767,     0,     0
 ED5.2,072972231                     ,4000                          ,RECEPCION MEDELL    ,2952      ,                ,  101,                    ,                              , 4,2,20190117 21:15:58,    0,         0,        66,10445,   15,  101,2,                ,0000000,2, 0,         0,    0,0000000000000000000000000000000000000000,0000000000000000000000010000000000000000,         0,         0,         0,         0,1, 0, 0, 0,A800                          ,   66,         0,1,20190117 21:14:52,                              , 9999, 9999, 9999, 9999,32767,     0,     0
 ED5.2,072972231                     ,4038                          ,DORA MARLENY BET    ,2952      ,                ,  101,                    ,                              , 4,2,20190117 21:17:13,    0,         0,        62,10445,   15,  101,2,                ,0000000,2, 0,         0,    0,0000000000000000000000000000000000000000,0000000000000000000000010000000000000000,         0,         0,         0,         0,1, 0, 0, 0,A800                          ,   62,         0,1,20190117 21:16:11,                              , 9999, 9999, 9999, 9999,32767,     0,     0
 ED5.2,072972231                     ,4017                          ,JUAN FERNAND SOL    ,2843      ,                ,  101,                    ,                              , 4,2,20190117 21:19:44,    0,         0,        14,10445,   15,  101,2,                ,0000000,2, 0,         0,    0,0000000000000000000000000000000000000000,0000000000000000000000010000000000000000,         0,         0,         0,         0,1, 0, 0, 0,A800                          ,   15,         0,0,20190117 21:19:30,                              , 9999, 9999, 9999, 9999,32767,     0,     0
 ED5.2,1140                          ,3811                          ,                    ,1635      ,                ,  101,                    ,                              ,14,0,20190117 21:23:48,    0,         0,       668,65535,65535, 9999,2,                ,0000000,0, 0,         0,    0,0000000000000000000000000000000000000000,0000000000000000000000000000000000000000,         0,         0,         0,         0,1, 0, 0, 0,1140                          ,    0,       668,0,20190117 21:12:40,3811                          ,  101, 9999,  101,  101,    0,     0,     0
 ED5.2,3148                          ,1307                          ,                    ,1633      ,                ,  101,                    ,                              ,14,0,20190117 21:33:14,    0,         0,         0,65535,65535, 9999,2,                ,0000000,0, 0,         0,    0,0000000000000000000000000000000000000000,0000000000000000000000000000000000000000,         0,         0,         0,         0,1, 0, 0, 0,3148                          ,    0,         0,0,20190117 21:33:14,1307                          ,  101, 9999,  101,  101,    0,     0,     0
 ED5.2,3224                          ,1307                          ,                    ,1633      ,                ,  101,                    ,                              ,14,0,20190117 21:33:21,    0,         0,         0,65535,65535, 9999,2,                ,0000000,0, 0,         0,    0,0000000000000000000000000000000000000000,0000000000000000000000000000000000000000,         0,         0,         0,         0,1, 0, 0, 0,3148                          ,    0,         0,1,20190117 21:33:21,1307                          ,  101, 9999,  101,  101,    0,     0,     0
 ED5.2,1357                          ,1129                          ,                    ,1632      ,                ,  101,                    ,                              ,14,0,20190117 21:40:39,    0,         0,       655,65535,65535, 9999,2,                ,0000000,0, 0,         0,    0,0000000000000000000000000000000000000000,0000000000000000000000000000000000000000,         0,         0,         0,         0,1, 0, 0, 0,1357                          ,    0,       655,0,20190117 21:29:44,1129                          ,  101, 9999,  101,  101,    0,     0,     0
 ED5.2,1298                          ,3269                          ,                    ,1979      ,                ,  101,                    ,                              ,14,0,20190117 21:41:58,    0,         0,       478,65535,65535, 9999,2,                ,0000000,0, 0,         0,    0,0000000000000000000000000000000000000000,0000000000000000000000000000000000000000,         0,         0,         0,         0,1, 0, 0, 0,1298                          ,    0,       478,0,20190117 21:34:00,3269                          ,  101, 9999,  101,  101,    0,     0,     0
 ED5.2,1410                          ,1495                          ,                    ,1952      ,                ,  101,                    ,                              ,14,0,20190117 21:43:40,    0,         0,         0,65535,65535, 9999,2,                ,0000000,0, 0,         0,    0,0000000000000000000000000000000000000000,0000000000000000000000000000000000000000,         0,         0,         0,         0,1, 0, 0, 0,1410                          ,    0,         0,0,20190117 21:43:40,1495                          ,  101, 9999,  101,  101,    0,     0,     0
 ED5.2,4615720                       ,1495                          ,YESSICA PATR URR    ,1952      ,                ,  101,                    ,                              , 0,2,20190117 21:45:07,    0,         0,        72,10001,   11,  101,2,                ,0010000,2, 1,         0,    0,1000000000000000000000000000000000000000,0000000000000000000000010000000000001000,         0,         0,         0,         0,1, 0, 0, 0,4615720                       ,    0,         0,0,20190117 21:43:55,1495                          , 9999, 9999, 9999,  101,32767,     0,     0
 ED5.2,8143666                       ,1737                          ,RECEPCION TO ALI    ,1635      ,                ,  101,                    ,                              , 0,2,20190117 21:45:56,    0,         0,      3584,10866,   82,  101,2,                ,0010000,2, 1,         0,    0,1000000000000000000000000000000000000000,0000000000000000000000010000000000001000,         0,         0,         0,         0,1, 0, 0, 0,8143666                       ,    0,         0,0,20190117 20:46:12,1737                          , 9999, 9999, 9999,  101,32767,     0,     0
 ED5.2,1140                          ,3811                          ,                    ,1635      ,                ,  101,                    ,                              ,14,0,20190117 21:55:36,    0,         0,         0,65535,65535, 9999,2,                ,0000000,0, 0,         0,    0,0000000000000000000000000000000000000000,0000000000000000000000000000000000000000,         0,         0,         0,         0,1, 0, 0, 0,1140                          ,    0,         0,0,20190117 21:55:36,3811                          ,  101, 9999,  101,  101,    0,     0,     0
 ED5.2,7502000                       ,FS020                         ,ETB                 ,          ,                ,  101,                    ,                              , 4,2,20190117 22:05:23,    0,         0,         4,  120,   20,  101,2,                ,0000000,3, 0,         0,    0,0000000000000000000000000000000000000000,0000000000000000000000010000000000000000,         0,         0,         0,         0,1, 0, 0, 0,A800                          ,    4,         0,0,20190117 22:05:19,                              , 9999, 9999, 9999, 9999,32767,     0,     0
