 ED5.2,1032                          ,1821                          ,                    ,1632      ,                ,  101,                    ,                              ,14,0,20190131 23:05:53,    0,         0,       114,65535,65535, 9999,2,                ,0000000,0, 0,         0,    0,0000000000000000000000000000000000000000,0000000000000000000000000000000000000000,         0,         0,         0,         0,1, 0, 0, 0,1032                          ,    0,       114,0,20190131 23:03:59,1821                          ,  101, 9999,  101,  101,    0,     0,     0
 ED5.2,1032                          ,1821                          ,                    ,1632      ,                ,  101,                    ,                              ,14,0,20190131 23:12:22,    0,         0,       237,65535,65535, 9999,2,                ,0000000,0, 0,         0,    0,0000000000000000000000000000000000000000,0000000000000000000000000000000000000000,         0,         0,         0,         0,1, 0, 0, 0,1032                          ,    0,       237,0,20190131 23:08:25,1821                          ,  101, 9999,  101,  101,    0,     0,     0
 ED5.2,1468                          ,1213                          ,                    ,1911      ,                ,  101,                    ,                              ,14,0,20190131 23:12:30,    0,         0,         0,65535,65535, 9999,2,                ,0000000,0, 0,         0,    0,0000000000000000000000000000000000000000,0000000000000000000000000000000000000000,         0,         0,         0,         0,1, 0, 0, 0,1468                          ,    0,         0,0,20190131 23:12:30,1213                          ,  101, 9999,  101,  101,    0,     0,     0
 ED5.2,1468                          ,1213                          ,                    ,1911      ,                ,  101,                    ,                              ,14,0,20190131 23:12:32,    0,         0,         0,65535,65535, 9999,2,                ,0000000,0, 0,         0,    0,0000000000000000000000000000000000000000,0000000000000000000000000000000000000000,         0,         0,         0,         0,1, 0, 0, 0,1468                          ,    0,         0,0,20190131 23:12:32,1213                          ,  101, 9999,  101,  101,    0,     0,     0
 ED5.2,1024                          ,1213                          ,                    ,1911      ,                ,  101,                    ,                              ,14,0,20190131 23:21:42,    0,         0,       545,65535,65535, 9999,2,                ,0000000,0, 0,         0,    0,0000000000000000000000000000000000000000,0000000000000000000000000000000000000000,         0,         0,         0,         0,1, 0, 0, 0,1024                          ,    0,       545,0,20190131 23:12:37,1213                          ,  101, 9999,  101,  101,    0,     0,     0
 ED5.2,1213                          ,1024                          ,                    ,1638      ,                ,  101,                    ,                              ,14,0,20190131 23:26:31,    0,         0,        57,65535,65535, 9999,2,                ,0000000,0, 0,         0,    0,0000000000000000000000000000000000000000,0000000000000000000000000000000000000000,         0,         0,         0,         0,1, 0, 0, 0,1213                          ,    0,        57,0,20190131 23:25:34,1024                          ,  101, 9999,  101,  101,    0,     0,     0
 ED5.2,4818                          ,4818                          ,TORRETA TORRETA     ,1467      ,                ,  101,                    ,                              , 2,2,20190131 23:32:08,    0,         0,     55061,   77,   12,  101,2,                ,0010000,2, 0,         0,    0,0000000000000000000000000000000000000000,0000010000000000000000000000000000000000,         0,         0,         0,         0,1, 0, 0, 0,                              ,    0,         0,0,20190131 08:14:27,                              , 9999, 9999, 9999, 9999,32767,     0,     0
 ED5.2,6506363                       ,4818                          ,TORRETA TORRETA     ,1467      ,                ,  101,                    ,                              , 9,2,20190131 23:32:08,    0,         0,     55070,10887,   82,  101,2,                ,0000000,2, 0,         0,    0,0000000000000000000000000000000000000000,0000010000000000000000000000000000000000,         0,         0,         0,         0,1, 0, 0, 0,A500                          ,    9,     55061,1,20190131 08:14:18,                              , 9999, 9999, 9999, 9999,32767,     0,     0
 ED5.2,1821                          ,1032                          ,                    ,1632      ,                ,  101,                    ,                              ,14,0,20190131 23:40:53,    0,         0,       176,65535,65535, 9999,2,                ,0000000,0, 0,         0,    0,0000000000000000000000000000000000000000,0000000000000000000000000000000000000000,         0,         0,         0,         0,1, 0, 0, 0,1821                          ,    0,       176,0,20190131 23:37:57,1032                          ,  101, 9999,  101,  101,    0,     0,     0
 ED5.2,1024                          ,1213                          ,                    ,1911      ,                ,  101,                    ,                              ,14,0,20190131 23:51:26,    0,         0,       123,65535,65535, 9999,2,                ,0000000,0, 0,         0,    0,0000000000000000000000000000000000000000,0000000000000000000000000000000000000000,         0,         0,         0,         0,1, 0, 0, 0,1024                          ,    0,       123,0,20190131 23:49:23,1213                          ,  101, 9999,  101,  101,    0,     0,     0
 ED5.2,1032                          ,1821                          ,                    ,1632      ,                ,  101,                    ,                              ,14,0,20190131 23:54:59,    0,         0,       104,65535,65535, 9999,2,                ,0000000,0, 0,         0,    0,0000000000000000000000000000000000000000,0000000000000000000000000000000000000000,         0,         0,         0,         0,1, 0, 0, 0,1032                          ,    0,       104,0,20190131 23:53:15,1821                          ,  101, 9999,  101,  101,    0,     0,     0
 ED5.2,5                             ,3107                          ,MARYURY PIRA        ,1672      ,                ,  101,                    ,                              , 0,2,20190201 01:26:31,    0,         0,         0,10001,   11,  101,2,                ,0010000,2, 1,         0,    0,1000000000000000000000000000000000000000,0000000000000000000000010000000000001000,         0,         0,         0,         0,1, 0, 0, 0,5                             ,    0,         0,0,20190201 01:26:31,3107                          , 9999, 9999, 9999,  101,32767,     0,     0
