 ED5.2,3213378649                    ,1351                          ,LILIANA BARRERA     ,1949      ,                ,  101,                    ,                              , 0,2,20190128 20:12:01,    0,         0,         0,10349,   66,  101,2,                ,0010000,2, 1,         0,    0,1000000000000000000000000000000000000000,0000000000000000000000010000000000001000,         0,         0,         0,         0,1, 0, 0, 0,033213378649                  ,    0,         0,0,20190128 20:12:01,1351                          , 9999, 9999, 9999,  101,32767,     0,     0
 ED5.2,6604876                       ,1314                          ,INGENIERO DESARR    ,1945      ,                ,  101,                    ,                              , 0,2,20190128 20:12:17,    0,         0,       101,10001,   11,  101,2,                ,0010000,2, 1,         0,    0,1000000000000000000000000000000000000000,0000000000000000000000010000000000001000,         0,         0,         0,         0,1, 0, 0, 0,6604876                       ,    0,         0,0,20190128 20:10:36,1314                          , 9999, 9999, 9999,  101,32767,     0,     0
 ED5.2,1108                          ,1306                          ,                    ,1949      ,                ,  101,                    ,                              ,14,0,20190128 20:15:29,    0,         0,         0,65535,65535, 9999,2,                ,0000000,0, 0,         0,    0,0000000000000000000000000000000000000000,0000000000000000000000000000000000000000,         0,         0,         0,         0,1, 0, 0, 0,1108                          ,    0,         0,0,20190128 20:15:29,1306                          ,  101, 9999,  101,  101,    0,     0,     0
 ED5.2,7292200                       ,1027                          ,CILIA SALAMANC      ,1638      ,                ,  101,                    ,                              , 0,2,20190128 20:15:43,    0,         0,        69,10001,   11,  101,2,                ,0010000,2, 1,         0,    0,1000000000000000000000000000000000000000,0000000000000000000000010000000000001000,         0,         0,         0,         0,1, 0, 0, 0,7292200                       ,    0,         0,0,20190128 20:14:34,1027                          , 9999, 9999, 9999,  101,32767,     0,     0
 ED5.2,1032                          ,1443                          ,                    ,1632      ,                ,  101,                    ,                              ,14,0,20190128 20:16:14,    0,         0,       169,65535,65535, 9999,2,                ,0000000,0, 0,         0,    0,0000000000000000000000000000000000000000,0000000000000000000000000000000000000000,         0,         0,         0,         0,1, 0, 0, 0,1032                          ,    0,       169,0,20190128 20:13:25,1443                          ,  101, 9999,  101,  101,    0,     0,     0
 ED5.2,3716615                       ,1084                          ,EVELYN LOREN URU    ,1638      ,                ,  101,                    ,                              , 0,2,20190128 20:18:01,    0,         0,       699,10002,   11,  101,2,                ,0010000,2, 1,         0,    0,1000000000000000000000000000000000000000,0000000000000000000000010000000000001000,         0,         0,         0,         0,1, 0, 0, 0,3716615                       ,    0,         0,0,20190128 20:06:22,1084                          , 9999, 9999, 9999,  101,32767,     0,     0
 ED5.2,1032                          ,1821                          ,                    ,1632      ,                ,  101,                    ,                              ,14,0,20190128 20:18:58,    0,         0,       134,65535,65535, 9999,2,                ,0000000,0, 0,         0,    0,0000000000000000000000000000000000000000,0000000000000000000000000000000000000000,         0,         0,         0,         0,1, 0, 0, 0,1032                          ,    0,       134,0,20190128 20:16:44,1821                          ,  101, 9999,  101,  101,    0,     0,     0
 ED5.2,3152784496                    ,1150                          ,LINA VANESA GALI    ,1952      ,                ,  101,                    ,                              , 0,2,20190128 20:20:17,    0,         0,        25,10349,   66,  101,2,                ,0010000,2, 1,         0,    0,1000000000000000000000000000000000000000,0000000000000000000000010000000000001000,         0,         0,         0,         0,1, 0, 0, 0,033152784496                  ,    0,         0,0,20190128 20:19:52,1150                          , 9999, 9999, 9999,  101,32767,     0,     0
 ED5.2,3213378649                    ,1736                          ,RECEPCION 2 MORA    ,1635      ,                ,  101,                    ,                              , 0,2,20190128 20:20:37,    0,         0,         0,10350,   66,  101,2,                ,0010000,2, 1,         0,    0,1000000000000000000000000000000000000000,0000000000000000000000010000000000001000,         0,         0,         0,         0,1, 0, 0, 0,033213378649                  ,    0,         0,0,20190128 20:20:37,1736                          , 9999, 9999, 9999,  101,32767,     0,     0
 ED5.2,3213378649                    ,1736                          ,RECEPCION 2 MORA    ,1635      ,                ,  101,                    ,                              , 0,2,20190128 20:20:52,    0,         0,         0,10349,   66,  101,2,                ,0010000,2, 1,         0,    0,1000000000000000000000000000000000000000,0000000000000000000000010000000000001000,         0,         0,         0,         0,1, 0, 0, 0,033213378649                  ,    0,         0,0,20190128 20:20:52,1736                          , 9999, 9999, 9999,  101,32767,     0,     0
 ED5.2,072972231                     ,4017                          ,JUAN FERNAND SOL    ,2843      ,                ,  101,                    ,                              , 4,2,20190128 20:23:00,    0,         0,       497,10445,   15,  101,2,                ,0000000,2, 0,         0,    0,0000000000000000000000000000000000000000,0000000000000000000000010000000000000000,         0,         0,         0,         0,1, 0, 0, 0,A800                          ,   11,       486,0,20190128 20:14:43,                              , 9999, 9999, 9999, 9999,32767,     0,     0
 ED5.2,1362                          ,1583                          ,                    ,1215      ,                ,  101,                    ,                              ,14,0,20190128 20:28:07,    0,         0,         0,65535,65535, 9999,2,                ,0000000,0, 0,         0,    0,0000000000000000000000000000000000000000,0000000000000000000000000000000000000000,         0,         0,         0,         0,1, 0, 0, 0,1362                          ,    0,         0,0,20190128 20:28:07,1583                          ,  101, 9999,  101,  101,    0,     0,     0
 ED5.2,4349213                       ,1314                          ,INGENIERO DESARR    ,1945      ,                ,  101,                    ,                              , 0,2,20190128 20:29:15,    0,         0,       116,10002,   11,  101,2,                ,0010000,2, 1,         0,    0,1000000000000000000000000000000000000000,0000000000000000000000010000000000001000,         0,         0,         0,         0,1, 0, 0, 0,4349213                       ,    0,         0,0,20190128 20:27:19,1314                          , 9999, 9999, 9999,  101,32767,     0,     0
 ED5.2,5165                          ,1736                          ,                    ,1635      ,                ,  101,                    ,                              ,14,0,20190128 20:31:09,    0,         0,         0,65535,65535, 9999,2,                ,0000000,0, 0,         0,    0,0000000000000000000000000000000000000000,0000000000000000000000000000000000000000,         0,         0,         0,         0,1, 0, 0, 0,5165                          ,    0,         0,0,20190128 20:31:09,1736                          ,  101, 9999,  101,  101,    0,     0,     0
 ED5.2,5160                          ,1736                          ,                    ,1635      ,                ,  101,                    ,                              ,14,0,20190128 20:31:14,    0,         0,         0,65535,65535, 9999,2,                ,0000000,0, 0,         0,    0,0000000000000000000000000000000000000000,0000000000000000000000000000000000000000,         0,         0,         0,         0,1, 0, 0, 0,5165                          ,    0,         0,1,20190128 20:31:14,1736                          ,  101, 9999,  101,  101,    0,     0,     0
 ED5.2,1822                          ,1362                          ,                    ,1215      ,                ,  101,                    ,                              ,14,0,20190128 20:32:03,    0,         0,       443,65535,65535, 9999,2,                ,0000000,0, 0,         0,    0,0000000000000000000000000000000000000000,0000000000000000000000000000000000000000,         0,         0,         0,         0,1, 0, 0, 0,1822                          ,    0,       443,0,20190128 20:24:40,1362                          ,  101, 9999,  101,  101,    0,     0,     0
 ED5.2,1314                          ,1736                          ,                    ,1635      ,                ,  101,                    ,                              ,14,0,20190128 20:33:31,    0,         0,         9,65535,65535, 9999,2,                ,0000000,0, 0,         0,    0,0000000000000000000000000000000000000000,0000000000000000000000000000000000000000,         0,         0,         0,         0,1, 0, 0, 0,1314                          ,    0,         9,0,20190128 20:33:22,1736                          ,  101, 9999,  101,  101,    0,     0,     0
 ED5.2,3716615                       ,1084                          ,EVELYN LOREN URU    ,1638      ,                ,  101,                    ,                              , 0,2,20190128 20:34:04,    0,         0,       688,10001,   11,  101,2,                ,0010000,2, 1,         0,    0,1000000000000000000000000000000000000000,0000000000000000000000010000000000001000,         0,         0,         0,         0,1, 0, 0, 0,3716615                       ,    0,         0,0,20190128 20:22:36,1084                          , 9999, 9999, 9999,  101,32767,     0,     0
 ED5.2,663108696165                  ,FS020                         ,ETB                 ,          ,                ,  101,                    ,                              , 4,2,20190128 20:49:26,    0,         0,         0,  120,   20,  101,2,                ,0000000,3, 0,         0,    0,0000000000000000000000000000000000000000,0000000000000000000000010000000000000000,         0,         0,         0,         0,1, 0, 0, 0,1603                          ,    7,         0,0,20190128 20:49:26,                              , 9999, 9999, 9999, 9999,32767,     0,     0
 ED5.2,663108696165                  ,FS020                         ,ETB                 ,          ,                ,  101,                    ,                              , 4,2,20190128 20:50:14,    0,         0,         0,  120,   20,  101,2,                ,0000000,3, 0,         0,    0,0000000000000000000000000000000000000000,0000000000000000000000010000000000000000,         0,         0,         0,         0,1, 0, 0, 0,1603                          ,    7,         0,0,20190128 20:50:14,                              , 9999, 9999, 9999, 9999,32767,     0,     0
 ED5.2,663108696165                  ,FS020                         ,ETB                 ,          ,                ,  101,                    ,                              , 4,2,20190128 20:53:49,    0,         0,         0,  120,   20,  101,2,                ,0000000,3, 0,         0,    0,0000000000000000000000000000000000000000,0000000000000000000000010000000000000000,         0,         0,         0,         0,1, 0, 0, 0,1603                          ,    7,         0,0,20190128 20:53:49,                              , 9999, 9999, 9999, 9999,32767,     0,     0
 ED5.2,6604869                       ,1554                          ,ALISON NAHOM SAL    ,1154      ,                ,  101,                    ,                              , 0,2,20190128 20:56:20,    0,         0,       156,10001,   11,  101,2,                ,0010000,2, 1,         0,    0,1000000000000000000000000000000000000000,0000000000000000000000010000000000001000,         0,         0,         0,         0,1, 0, 0, 0,6604869                       ,    0,         0,0,20190128 20:53:44,1554                          , 9999, 9999, 9999,  101,32767,     0,     0
 ED5.2,1350                          ,1032                          ,                    ,1632      ,                ,  101,                    ,                              ,14,0,20190128 21:01:52,    0,         0,        93,65535,65535, 9999,2,                ,0000000,0, 0,         0,    0,0000000000000000000000000000000000000000,0000000000000000000000000000000000000000,         0,         0,         0,         0,1, 0, 0, 0,1350                          ,    0,        93,0,20190128 21:00:19,1032                          ,  101, 9999,  101,  101,    0,     0,     0
