 ED5.2,1312                          ,1176                          ,                    ,1632      ,                ,  101,                    ,                              ,14,0,20190207 21:02:37,    0,         0,         3,65535,65535, 9999,2,                ,0000000,0, 0,         0,    0,0000000000000000000000000000000000000000,0000000000000000000000000000000000000000,         0,         0,         0,         0,1, 0, 0, 0,1312                          ,    0,         3,0,20190207 21:02:34,1176                          ,  101, 9999,  101,  101,    0,     0,     0
 ED5.2,1497                          ,1339                          ,                    ,1945      ,                ,  101,                    ,                              ,14,0,20190207 21:03:06,    0,         0,         0,65535,65535, 9999,2,                ,0000000,0, 0,         0,    0,0000000000000000000000000000000000000000,0000000000000000000000000000000000000000,         0,         0,         0,         0,1, 0, 0, 0,1497                          ,    0,         0,0,20190207 21:03:06,1339                          ,  101, 9999,  101,  101,    0,     0,     0
 ED5.2,2100000                       ,1164                          ,LINA MARIA VELEZ    ,1945      ,                ,  101,                    ,                              , 0,2,20190207 21:08:49,    0,         0,        90,10001,   11,  101,2,                ,0010000,2, 1,         0,    0,1000000000000000000000000000000000000000,0000000000000000000000010000000000001000,         0,         0,         0,         0,1, 0, 0, 0,2100000                       ,    0,         0,0,20190207 21:07:19,1164                          , 9999, 9999, 9999,  101,32767,     0,     0
 ED5.2,3275480                       ,1497                          ,JOSE ALEXAND RAY    ,1949      ,                ,  101,                    ,                              , 4,2,20190207 21:10:45,    0,         0,        13,  120,   20,  101,2,                ,0000000,2, 1,         0,    0,0000000000000000000000000000000000000000,0000000000000000000000010000000000000000,         0,         0,         0,         0,1, 0, 0, 0,A800                          ,   14,         0,0,20190207 21:10:32,                              , 9999, 9999, 9999, 9999,32767,     0,     0
 ED5.2,8970207                       ,6107                          ,PAULA ANDREA VAR    ,5952      ,                ,  101,                    ,                              , 0,2,20190207 21:11:26,    0,         0,       185,10002,   11,  101,2,                ,0010000,2, 1,         0,    0,1000000000000000000000000000000000000000,0000000000000000000000010000000000001000,         0,         0,         0,         0,1, 0, 0, 0,0518970207                    ,    0,         0,0,20190207 21:08:21,6107                          , 9999, 9999, 9999,  101,32767,     0,     0
 ED5.2,018000912345                  ,3704                          ,CARLOS ALBER SAN    ,5466      ,                ,  101,                    ,                              , 0,1,20190207 21:11:27,    0,         0,        23,  410,   84,  101,2,                ,0010000,0, 0,         0,    0,0000000000000000000000000000000000000000,0000000000000000000000010000000000001000,         0,         0,         0,         0,1, 0, 0, 0,018000912345                  ,    0,         0,0,20190207 21:11:04,3704                          , 9999, 9999, 9999,  101,32767,     0,     0
 ED5.2,1339                          ,1497                          ,                    ,1949      ,                ,  101,                    ,                              ,14,0,20190207 21:12:54,    0,         0,       374,65535,65535, 9999,2,                ,0000000,0, 0,         0,    0,0000000000000000000000000000000000000000,0000000000000000000000000000000000000000,         0,         0,         0,         0,1, 0, 0, 0,1339                          ,    0,       374,0,20190207 21:06:40,1497                          ,  101, 9999,  101,  101,    0,     0,     0
 ED5.2,3275480                       ,1497                          ,JOSE ALEXAND RAY    ,1949      ,                ,  101,                    ,                              , 0,2,20190207 21:14:09,    0,         0,        40,10001,   11,  101,2,                ,0010000,2, 1,         0,    0,1000000000000000000000000000000000000000,0000000000000000000000010000000000001000,         0,         0,         0,         0,1, 0, 0, 0,3275480                       ,    0,         0,0,20190207 21:13:29,1497                          , 9999, 9999, 9999,  101,32767,     0,     0
 ED5.2,1037                          ,1041                          ,                    ,1632      ,                ,  101,                    ,                              ,14,0,20190207 21:26:04,    0,         0,         8,65535,65535, 9999,2,                ,0000000,0, 0,         0,    0,0000000000000000000000000000000000000000,0000000000000000000000000000000000000000,         0,         0,         0,         0,1, 0, 0, 0,1037                          ,    0,         8,0,20190207 21:25:56,1041                          ,  101, 9999,  101,  101,    0,     0,     0
 ED5.2,4077                          ,4065                          ,                    ,2843      ,                ,  101,                    ,                              ,14,0,20190207 21:35:09,    0,         0,        89,65535,65535, 9999,2,                ,0000000,0, 0,         0,    0,0000000000000000000000000000000000000000,0000000000000000000000000000000000000000,         0,         0,         0,         0,1, 0, 0, 0,4077                          ,    0,        89,0,20190207 21:33:40,4065                          ,  101, 9999,  101,  101,    0,     0,     0
 ED5.2,663015477597                  ,4020                          ,MARISOL BETANCUR    ,2952      ,                ,  101,                    ,                              , 4,2,20190207 21:38:09,    0,         0,       141,10445,   15,  101,2,                ,0000000,2, 0,         0,    0,0000000000000000000000000000000000000000,0000000000000000000000010000000000000000,         0,         0,         0,         0,1, 0, 0, 0,A800                          ,  141,         0,1,20190207 21:35:48,                              , 9999, 9999, 9999, 9999,32767,     0,     0
 ED5.2,663015477597                  ,4000                          ,RECEPCION MEDELL    ,2952      ,                ,  101,                    ,                              , 4,2,20190207 21:39:52,    0,         0,        95,10445,   15,  101,2,                ,0000000,2, 0,         0,    0,0000000000000000000000000000000000000000,0000000000000000000000010000000000000000,         0,         0,         0,         0,1, 0, 0, 0,A800                          ,   96,         0,1,20190207 21:38:17,                              , 9999, 9999, 9999, 9999,32767,     0,     0
 ED5.2,3275480                       ,1497                          ,JOSE ALEXAND RAY    ,1949      ,                ,  101,                    ,                              , 4,2,20190207 21:50:29,    0,         0,        28,  120,   20,  101,2,                ,0000000,2, 1,         0,    0,0000000000000000000000000000000000000000,0000000000000000000000010000000000000000,         0,         0,         0,         0,1, 0, 0, 0,A800                          ,    8,        21,0,20190207 21:50:01,                              , 9999, 9999, 9999, 9999,32767,     0,     0
 ED5.2,1307                          ,1582                          ,                    ,1949      ,                ,  101,                    ,                              ,14,0,20190207 21:51:45,    0,         0,         0,65535,65535, 9999,2,                ,0000000,0, 0,         0,    0,0000000000000000000000000000000000000000,0000000000000000000000000000000000000000,         0,         0,         0,         0,1, 0, 0, 0,1307                          ,    0,         0,0,20190207 21:51:45,1582                          ,  101, 9999,  101,  101,    0,     0,     0
 ED5.2,3002130399                    ,3269                          ,OSCAR GIOVAN ALV    ,1979      ,                ,  101,                    ,                              , 0,2,20190207 22:02:03,    0,         0,        33,11577,   69,  101,2,                ,0010000,2, 1,         0,    0,1000000000000000000000000000000000000000,0000000000000000000000010000000000001000,         0,         0,         0,         0,1, 0, 0, 0,033002130399                  ,    0,         0,0,20190207 22:01:30,3269                          , 9999, 9999, 9999,  101,32767,     0,     0
