 ED5.2,88                            ,1419                          ,                    ,1949      ,                ,  101,                    ,                              ,14,0,20181207 18:00:44,    0,         0,         2,65535,65535, 9999,2,                ,0000000,0, 0,         0,    0,0000000000000000000000000000000000000000,0000000000000000000000000000000000000000,         0,         0,         0,         0,1, 0, 0, 0,1366                          ,    0,         2,1,20181207 18:00:42,1419                          ,  101, 9999,  101,  101,    0,     0,     0
 ED5.2,1306                          ,1228                          ,                    ,1949      ,                ,  101,                    ,                              ,14,0,20181207 18:00:47,    0,         0,        17,65535,65535, 9999,2,                ,0000000,0, 0,         0,    0,0000000000000000000000000000000000000000,0000000000000000000000000000000000000000,         0,         0,         0,         0,1, 0, 0, 0,1306                          ,    0,        17,0,20181207 18:00:30,1228                          ,  101, 9999,  101,  101,    0,     0,     0
 ED5.2,3195571283                    ,5200                          ,RECEPCION CARTAG    ,7952      ,                ,  101,                    ,                              , 0,1,20181207 18:00:49,    0,         0,       264,  378,   21,  101,2,                ,0010000,0, 0,         0,    0,0000000000000000000000000000000000000000,0000000000000000000000010000000000001000,         0,         0,         0,         0,1, 0, 0, 0,033195571283                  ,    0,         0,0,20181207 17:56:25,5200                          , 9999, 9999, 9999,  101,32767,     0,     0
 ED5.2,5136                          ,5100                          ,                    ,3635      ,                ,  101,                    ,                              ,14,0,20181207 18:01:12,    0,         0,       776,65535,65535, 9999,2,                ,0000000,0, 0,         0,    0,0000000000000000000000000000000000000000,0000000000000000000000000000000000000000,         0,         0,         0,         0,1, 0, 0, 0,5136                          ,    0,       776,0,20181207 17:48:16,5100                          ,  101, 9999,  101,  101,    0,     0,     0
 ED5.2,1163                          ,1177                          ,                    ,1952      ,                ,  101,                    ,                              ,14,0,20181207 18:01:13,    0,         0,       121,65535,65535, 9999,2,                ,0000000,0, 0,         0,    0,0000000000000000000000000000000000000000,0000000000000000000000000000000000000000,         0,         0,         0,         0,1, 0, 0, 0,1163                          ,    0,       121,0,20181207 17:59:12,1177                          ,  101, 9999,  101,  101,    0,     0,     0
 ED5.2,1366                          ,1419                          ,                    ,1949      ,                ,  101,                    ,                              ,14,0,20181207 18:01:18,    0,         0,        33,65535,65535, 9999,2,                ,0000000,0, 0,         0,    0,0000000000000000000000000000000000000000,0000000000000000000000000000000000000000,         0,         0,         0,         0,1, 0, 0, 0,1366                          ,    0,        33,0,20181207 18:00:45,1419                          ,  101, 9999,  101,  101,    0,     0,     0
 ED5.2,3105584761                    ,1163                          ,IVON ANGELIC MAN    ,1952      ,                ,  101,                    ,                              , 0,1,20181207 18:01:49,    0,         0,        16,  378,   21,  101,2,                ,0010000,0, 0,         0,    0,0000000000000000000000000000000000000000,0000000000000000000000010000000000001000,         0,         0,         0,         0,1, 0, 0, 0,033105584761                  ,    0,         0,0,20181207 18:01:33,1163                          , 9999, 9999, 9999,  101,32767,     0,     0
 ED5.2,5100                          ,5122                          ,                    ,3635      ,                ,  101,                    ,                              ,14,0,20181207 18:01:51,    0,         0,         0,65535,65535, 9999,2,                ,0000000,0, 0,         0,    0,0000000000000000000000000000000000000000,0000000000000000000000000000000000000000,         0,         0,         0,         0,1, 0, 0, 0,5100                          ,    0,         0,0,20181207 18:01:51,5122                          ,  101, 9999,  101,  101,    0,     0,     0
 ED5.2,3204947026                    ,1119                          ,CAJA 24             ,1949      ,                ,  101,                    ,                              , 0,2,20181207 18:01:57,    0,         0,       191,10349,   66,  101,2,                ,0010000,2, 1,         0,    0,1000000000000000000000000000000000000000,0000000000000000000000010000000000001000,         0,         0,         0,         0,1, 0, 0, 0,033204947026                  ,    0,         0,0,20181207 17:58:46,1119                          , 9999, 9999, 9999,  101,32767,     0,     0
 ED5.2,3105584761                    ,1163                          ,IVON ANGELIC MAN    ,1952      ,                ,  101,                    ,                              , 0,1,20181207 18:01:59,    0,         0,         0,  379,   22,  101,2,                ,0010000,0, 0,         0,    0,0000000000000000000000000000000000000000,0000000000000000000000010000000000001000,         0,         0,         0,         0,1, 0, 0, 0,033105584761                  ,    0,         0,0,20181207 18:01:59,1163                          , 9999, 9999, 9999,  101,32767,     0,     0
 ED5.2,5136                          ,5122                          ,                    ,3635      ,                ,  101,                    ,                              ,14,0,20181207 18:02:01,    0,         0,         0,65535,65535, 9999,2,                ,0000000,0, 0,         0,    0,0000000000000000000000000000000000000000,0000000000000000000000000000000000000000,         0,         0,         0,         0,1, 0, 0, 0,5100                          ,    0,         0,1,20181207 18:02:01,5122                          ,  101, 9999,  101,  101,    0,     0,     0
 ED5.2,2016                          ,2053                          ,                    ,4741      ,                ,  101,                    ,                              ,14,0,20181207 18:02:13,    0,         0,         0,65535,65535, 9999,2,                ,0000000,0, 0,         0,    0,0000000000000000000000000000000000000000,0000000000000000000000000000000000000000,         0,         0,         0,         0,1, 0, 0, 0,2016                          ,    0,         0,0,20181207 18:02:13,2053                          ,  101, 9999,  101,  101,    0,     0,     0
 ED5.2,5142                          ,5114                          ,                    ,3949      ,                ,  101,                    ,                              ,14,0,20181207 18:02:25,    0,         0,         0,65535,65535, 9999,2,                ,0000000,0, 0,         0,    0,0000000000000000000000000000000000000000,0000000000000000000000000000000000000000,         0,         0,         0,         0,1, 0, 0, 0,5142                          ,    0,         0,0,20181207 18:02:25,5114                          ,  101, 9999,  101,  101,    0,     0,     0
 ED5.2,5100                          ,5114                          ,                    ,3949      ,                ,  101,                    ,                              ,14,0,20181207 18:02:26,    0,         0,         0,65535,65535, 9999,2,                ,0000000,0, 0,         0,    0,0000000000000000000000000000000000000000,0000000000000000000000000000000000000000,         0,         0,         0,         0,1, 0, 0, 0,5142                          ,    0,         0,1,20181207 18:02:26,5114                          ,  101, 9999,  101,  101,    0,     0,     0
 ED5.2,2012                          ,2053                          ,                    ,4741      ,                ,  101,                    ,                              ,14,0,20181207 18:02:27,    0,         0,         0,65535,65535, 9999,2,                ,0000000,0, 0,         0,    0,0000000000000000000000000000000000000000,0000000000000000000000000000000000000000,         0,         0,         0,         0,1, 0, 0, 0,2012                          ,    0,         0,0,20181207 18:02:27,2053                          ,  101, 9999,  101,  101,    0,     0,     0
 ED5.2,663176415322                  ,1581                          ,MYRIAM STELL GAR    ,1949      ,                ,  101,                    ,                              , 4,2,20181207 18:02:32,    0,         0,       149,  120,   20,  101,2,                ,0000000,2, 1,         0,    0,0000000000000000000000000000000000000000,0000000000000000000000010000000000000000,         0,         0,         0,         0,1, 0, 0, 0,A800                          ,   13,       137,0,20181207 18:00:03,                              , 9999, 9999, 9999, 9999,32767,     0,     0
 ED5.2,7214248                       ,3327                          ,ASISTENTE OPERAT    ,1949      ,                ,  101,                    ,                              , 0,2,20181207 18:02:48,    0,         0,         0,10866,   82,  101,2,                ,0010000,2, 1,         0,    0,1000000000000000000000000000000000000000,0000000000000000000000010000000000001000,         0,         0,         0,         0,1, 0, 0, 0,7214248                       ,    0,         0,0,20181207 18:02:48,3327                          , 9999, 9999, 9999,  101,32767,     0,     0
 ED5.2,5100                          ,5122                          ,                    ,3635      ,                ,  101,                    ,                              ,14,0,20181207 18:02:49,    0,         0,        44,65535,65535, 9999,2,                ,0000000,0, 0,         0,    0,0000000000000000000000000000000000000000,0000000000000000000000000000000000000000,         0,         0,         0,         0,1, 0, 0, 0,5100                          ,    0,        44,0,20181207 18:02:05,5122                          ,  101, 9999,  101,  101,    0,     0,     0
 ED5.2,2258291                       ,1163                          ,IVON ANGELIC MAN    ,1952      ,                ,  101,                    ,                              , 0,2,20181207 18:03:05,    0,         0,         0,10003,   11,  101,2,                ,0010000,2, 1,         0,    0,1000000000000000000000000000000000000000,0000000000000000000000010000000000001000,         0,         0,         0,         0,1, 0, 0, 0,2258291                       ,    0,         0,0,20181207 18:03:05,1163                          , 9999, 9999, 9999,  101,32767,     0,     0
 ED5.2,1005                          ,1625                          ,                    ,1949      ,                ,  101,                    ,                              ,14,0,20181207 18:03:09,    0,         0,       199,65535,65535, 9999,2,                ,0000000,0, 0,         0,    0,0000000000000000000000000000000000000000,0000000000000000000000000000000000000000,         0,         0,         0,         0,1, 0, 0, 0,1005                          ,    0,       199,0,20181207 17:59:50,1625                          ,  101, 9999,  101,  101,    0,     0,     0
 ED5.2,3204411616                    ,3103                          ,WILLIAM FERN ZAM    ,1979      ,                ,  101,                    ,                              , 0,1,20181207 18:03:09,    0,         0,       296,  377,   21,  101,2,                ,0010000,0, 0,         0,    0,0000000000000000000000000000000000000000,0000000000000000000000010000000000001000,         0,         0,         0,         0,1, 0, 0, 0,033204411616                  ,    0,         0,0,20181207 17:58:13,3103                          , 9999, 9999, 9999,  101,32767,     0,     0
 ED5.2,1419                          ,1366                          ,                    ,1911      ,                ,  101,                    ,                              ,14,0,20181207 18:03:30,    0,         0,        78,65535,65535, 9999,2,                ,0000000,0, 0,         0,    0,0000000000000000000000000000000000000000,0000000000000000000000000000000000000000,         0,         0,         0,         0,1, 0, 0, 0,1419                          ,    0,        78,0,20181207 18:02:12,1366                          ,  101, 9999,  101,  101,    0,     0,     0
 ED5.2,1237                          ,1561                          ,                    ,1952      ,                ,  101,                    ,                              ,14,0,20181207 18:03:46,    0,         0,         0,65535,65535, 9999,2,                ,0000000,0, 0,         0,    0,0000000000000000000000000000000000000000,0000000000000000000000000000000000000000,         0,         0,         0,         0,1, 0, 0, 0,1237                          ,    0,         0,0,20181207 18:03:46,1561                          ,  101, 9999,  101,  101,    0,     0,     0
 ED5.2,7130549                       ,1417                          ,JAIME GOMEZ AL      ,1945      ,                ,  101,                    ,                              , 0,2,20181207 18:03:50,    0,         0,         0,10004,   11,  101,2,                ,0010000,2, 1,         0,    0,1000000000000000000000000000000000000000,0000000000000000000000010000000000001000,         0,         0,         0,         0,1, 0, 0, 0,7130549                       ,    0,         0,0,20181207 18:03:50,1417                          , 9999, 9999, 9999,  101,32767,     0,     0
 ED5.2,1105                          ,1366                          ,                    ,1911      ,                ,  101,                    ,                              ,14,0,20181207 18:03:59,    0,         0,         0,65535,65535, 9999,2,                ,0000000,0, 0,         0,    0,0000000000000000000000000000000000000000,0000000000000000000000000000000000000000,         0,         0,         0,         0,1, 0, 0, 0,1105                          ,    0,         0,0,20181207 18:03:59,1366                          ,  101, 9999,  101,  101,    0,     0,     0
 ED5.2,2258291                       ,1163                          ,IVON ANGELIC MAN    ,1952      ,                ,  101,                    ,                              , 0,2,20181207 18:04:01,    0,         0,         0,10003,   11,  101,2,                ,0010000,2, 1,         0,    0,1000000000000000000000000000000000000000,0000000000000000000000010000000000001000,         0,         0,         0,         0,1, 0, 0, 0,2258291                       ,    0,         0,0,20181207 18:04:01,1163                          , 9999, 9999, 9999,  101,32767,     0,     0
 ED5.2,1041                          ,1150                          ,                    ,1952      ,                ,  101,                    ,                              ,14,0,20181207 18:04:01,    0,         0,         0,65535,65535, 9999,2,                ,0000000,0, 0,         0,    0,0000000000000000000000000000000000000000,0000000000000000000000000000000000000000,         0,         0,         0,         0,1, 0, 0, 0,1041                          ,    0,         0,0,20181207 18:04:01,1150                          ,  101, 9999,  101,  101,    0,     0,     0
 ED5.2,1241                          ,1366                          ,                    ,1911      ,                ,  101,                    ,                              ,14,0,20181207 18:04:02,    0,         0,         0,65535,65535, 9999,2,                ,0000000,0, 0,         0,    0,0000000000000000000000000000000000000000,0000000000000000000000000000000000000000,         0,         0,         0,         0,1, 0, 0, 0,1105                          ,    0,         0,1,20181207 18:04:02,1366                          ,  101, 9999,  101,  101,    0,     0,     0
 ED5.2,1525                          ,1150                          ,                    ,1952      ,                ,  101,                    ,                              ,14,0,20181207 18:04:15,    0,         0,         0,65535,65535, 9999,2,                ,0000000,0, 0,         0,    0,0000000000000000000000000000000000000000,0000000000000000000000000000000000000000,         0,         0,         0,         0,1, 0, 0, 0,1041                          ,    0,         0,1,20181207 18:04:15,1150                          ,  101, 9999,  101,  101,    0,     0,     0
 ED5.2,5127                          ,5202                          ,                    ,7425      ,                ,  101,                    ,                              ,14,0,20181207 18:04:22,    0,         0,         0,65535,65535, 9999,2,                ,0000000,0, 0,         0,    0,0000000000000000000000000000000000000000,0000000000000000000000000000000000000000,         0,         0,         0,         0,1, 0, 0, 0,5127                          ,    0,         0,0,20181207 18:04:22,5202                          ,  101, 9999,  101,  101,    0,     0,     0
 ED5.2,6080467                       ,1420                          ,CAJA 16             ,1949      ,                ,  101,                    ,                              , 0,2,20181207 18:04:45,    0,         0,       467,10865,   82,  101,2,                ,0010000,2, 1,         0,    0,1000000000000000000000000000000000000000,0000000000000000000000010000000000001000,         0,         0,         0,         0,1, 0, 0, 0,6080467                       ,    0,         0,0,20181207 17:56:58,1420                          , 9999, 9999, 9999,  101,32767,     0,     0
 ED5.2,2952453                       ,1163                          ,IVON ANGELIC MAN    ,1952      ,                ,  101,                    ,                              , 0,2,20181207 18:04:50,    0,         0,         4,10003,   11,  101,2,                ,0010000,2, 1,         0,    0,1000000000000000000000000000000000000000,0000000000000000000000010000000000001000,         0,         0,         0,         0,1, 0, 0, 0,2952453                       ,    0,         0,0,20181207 18:04:46,1163                          , 9999, 9999, 9999,  101,32767,     0,     0
 ED5.2,1294                          ,1228                          ,                    ,1949      ,                ,  101,                    ,                              ,14,0,20181207 18:05:33,    0,         0,         0,65535,65535, 9999,2,                ,0000000,0, 0,         0,    0,0000000000000000000000000000000000000000,0000000000000000000000000000000000000000,         0,         0,         0,         0,1, 0, 0, 0,1294                          ,    0,         0,0,20181207 18:05:33,1228                          ,  101, 9999,  101,  101,    0,     0,     0
 ED5.2,1402                          ,1044                          ,                    ,1843      ,                ,  101,                    ,                              ,14,0,20181207 18:05:36,    0,         0,         0,65535,65535, 9999,2,                ,0000000,0, 0,         0,    0,0000000000000000000000000000000000000000,0000000000000000000000000000000000000000,         0,         0,         0,         0,1, 0, 0, 0,1402                          ,    0,         0,0,20181207 18:05:36,1044                          ,  101, 9999,  101,  101,    0,     0,     0
 ED5.2,1118                          ,1228                          ,                    ,1949      ,                ,  101,                    ,                              ,14,0,20181207 18:05:39,    0,         0,         0,65535,65535, 9999,2,                ,0000000,0, 0,         0,    0,0000000000000000000000000000000000000000,0000000000000000000000000000000000000000,         0,         0,         0,         0,1, 0, 0, 0,1294                          ,    0,         0,1,20181207 18:05:39,1228                          ,  101, 9999,  101,  101,    0,     0,     0
 ED5.2,1041                          ,1150                          ,                    ,1952      ,                ,  101,                    ,                              ,14,0,20181207 18:05:44,    0,         0,         0,65535,65535, 9999,2,                ,0000000,0, 0,         0,    0,0000000000000000000000000000000000000000,0000000000000000000000000000000000000000,         0,         0,         0,         0,1, 0, 0, 0,1041                          ,    0,         0,0,20181207 18:05:44,1150                          ,  101, 9999,  101,  101,    0,     0,     0
 ED5.2,1328                          ,1044                          ,                    ,1843      ,                ,  101,                    ,                              ,14,0,20181207 18:05:51,    0,         0,         0,65535,65535, 9999,2,                ,0000000,0, 0,         0,    0,0000000000000000000000000000000000000000,0000000000000000000000000000000000000000,         0,         0,         0,         0,1, 0, 0, 0,1402                          ,    0,         0,1,20181207 18:05:51,1044                          ,  101, 9999,  101,  101,    0,     0,     0
 ED5.2,1294                          ,1228                          ,                    ,1949      ,                ,  101,                    ,                              ,14,0,20181207 18:05:59,    0,         0,         0,65535,65535, 9999,2,                ,0000000,0, 0,         0,    0,0000000000000000000000000000000000000000,0000000000000000000000000000000000000000,         0,         0,         0,         0,1, 0, 0, 0,1294                          ,    0,         0,0,20181207 18:05:59,1228                          ,  101, 9999,  101,  101,    0,     0,     0
 ED5.2,5136                          ,5100                          ,                    ,3635      ,                ,  101,                    ,                              ,14,0,20181207 18:06:10,    0,         0,         0,65535,65535, 9999,2,                ,0000000,0, 0,         0,    0,0000000000000000000000000000000000000000,0000000000000000000000000000000000000000,         0,         0,         0,         0,1, 0, 0, 0,5136                          ,    0,         0,0,20181207 18:06:10,5100                          ,  101, 9999,  101,  101,    0,     0,     0
 ED5.2,1118                          ,1228                          ,                    ,1949      ,                ,  101,                    ,                              ,14,0,20181207 18:06:11,    0,         0,         0,65535,65535, 9999,2,                ,0000000,0, 0,         0,    0,0000000000000000000000000000000000000000,0000000000000000000000000000000000000000,         0,         0,         0,         0,1, 0, 0, 0,1294                          ,    0,         0,1,20181207 18:06:11,1228                          ,  101, 9999,  101,  101,    0,     0,     0
 ED5.2,1402                          ,1044                          ,                    ,1843      ,                ,  101,                    ,                              ,14,0,20181207 18:06:11,    0,         0,         0,65535,65535, 9999,2,                ,0000000,0, 0,         0,    0,0000000000000000000000000000000000000000,0000000000000000000000000000000000000000,         0,         0,         0,         0,1, 0, 0, 0,1402                          ,    0,         0,0,20181207 18:06:11,1044                          ,  101, 9999,  101,  101,    0,     0,     0
 ED5.2,1328                          ,1044                          ,                    ,1843      ,                ,  101,                    ,                              ,14,0,20181207 18:06:14,    0,         0,         0,65535,65535, 9999,2,                ,0000000,0, 0,         0,    0,0000000000000000000000000000000000000000,0000000000000000000000000000000000000000,         0,         0,         0,         0,1, 0, 0, 0,1402                          ,    0,         0,1,20181207 18:06:14,1044                          ,  101, 9999,  101,  101,    0,     0,     0
 ED5.2,1294                          ,1228                          ,                    ,1949      ,                ,  101,                    ,                              ,14,0,20181207 18:06:28,    0,         0,         0,65535,65535, 9999,2,                ,0000000,0, 0,         0,    0,0000000000000000000000000000000000000000,0000000000000000000000000000000000000000,         0,         0,         0,         0,1, 0, 0, 0,1294                          ,    0,         0,0,20181207 18:06:28,1228                          ,  101, 9999,  101,  101,    0,     0,     0
 ED5.2,1118                          ,1228                          ,                    ,1949      ,                ,  101,                    ,                              ,14,0,20181207 18:06:30,    0,         0,         0,65535,65535, 9999,2,                ,0000000,0, 0,         0,    0,0000000000000000000000000000000000000000,0000000000000000000000000000000000000000,         0,         0,         0,         0,1, 0, 0, 0,1294                          ,    0,         0,1,20181207 18:06:30,1228                          ,  101, 9999,  101,  101,    0,     0,     0
 ED5.2,3023618                       ,1580                          ,JENNY ALEXAN SAN    ,1672      ,                ,  101,                    ,                              , 0,2,20181207 18:06:46,    0,         0,        33,10005,   11,  101,2,                ,0010000,2, 1,         0,    0,1000000000000000000000000000000000000000,0000000000000000000000010000000000001000,         0,         0,         0,         0,1, 0, 0, 0,3023618                       ,    0,         0,0,20181207 18:06:13,1580                          , 9999, 9999, 9999,  101,32767,     0,     0
 ED5.2,1309                          ,1044                          ,                    ,1843      ,                ,  101,                    ,                              ,14,0,20181207 18:06:46,    0,         0,         0,65535,65535, 9999,2,                ,0000000,0, 0,         0,    0,0000000000000000000000000000000000000000,0000000000000000000000000000000000000000,         0,         0,         0,         0,1, 0, 0, 0,1309                          ,    0,         0,0,20181207 18:06:46,1044                          ,  101, 9999,  101,  101,    0,     0,     0
 ED5.2,1487                          ,1044                          ,                    ,1843      ,                ,  101,                    ,                              ,14,0,20181207 18:06:48,    0,         0,         0,65535,65535, 9999,2,                ,0000000,0, 0,         0,    0,0000000000000000000000000000000000000000,0000000000000000000000000000000000000000,         0,         0,         0,         0,1, 0, 0, 0,1309                          ,    0,         0,1,20181207 18:06:48,1044                          ,  101, 9999,  101,  101,    0,     0,     0
 ED5.2,1240                          ,1168                          ,                    ,1952      ,                ,  101,                    ,                              ,14,0,20181207 18:06:59,    0,         0,       148,65535,65535, 9999,2,                ,0000000,0, 0,         0,    0,0000000000000000000000000000000000000000,0000000000000000000000000000000000000000,         0,         0,         0,         0,1, 0, 0, 0,1240                          ,    0,       148,0,20181207 18:04:31,1168                          ,  101, 9999,  101,  101,    0,     0,     0
 ED5.2,1226                          ,3327                          ,                    ,1949      ,                ,  101,                    ,                              ,14,0,20181207 18:07:06,    0,         0,         0,65535,65535, 9999,2,                ,0000000,0, 0,         0,    0,0000000000000000000000000000000000000000,0000000000000000000000000000000000000000,         0,         0,         0,         0,1, 0, 0, 0,1226                          ,    0,         0,0,20181207 18:07:06,3327                          ,  101, 9999,  101,  101,    0,     0,     0
 ED5.2,88                            ,3327                          ,                    ,1949      ,                ,  101,                    ,                              ,14,0,20181207 18:07:08,    0,         0,         2,65535,65535, 9999,2,                ,0000000,0, 0,         0,    0,0000000000000000000000000000000000000000,0000000000000000000000000000000000000000,         0,         0,         0,         0,1, 0, 0, 0,1226                          ,    0,         2,1,20181207 18:07:06,3327                          ,  101, 9999,  101,  101,    0,     0,     0
 ED5.2,1226                          ,3327                          ,                    ,1949      ,                ,  101,                    ,                              ,14,0,20181207 18:07:25,    0,         0,         0,65535,65535, 9999,2,                ,0000000,0, 0,         0,    0,0000000000000000000000000000000000000000,0000000000000000000000000000000000000000,         0,         0,         0,         0,1, 0, 0, 0,1226                          ,    0,         0,0,20181207 18:07:25,3327                          ,  101, 9999,  101,  101,    0,     0,     0
 ED5.2,88                            ,3327                          ,                    ,1949      ,                ,  101,                    ,                              ,14,0,20181207 18:07:26,    0,         0,         1,65535,65535, 9999,2,                ,0000000,0, 0,         0,    0,0000000000000000000000000000000000000000,0000000000000000000000000000000000000000,         0,         0,         0,         0,1, 0, 0, 0,1226                          ,    0,         1,1,20181207 18:07:25,3327                          ,  101, 9999,  101,  101,    0,     0,     0
 ED5.2,1559                          ,1150                          ,                    ,1952      ,                ,  101,                    ,                              ,14,0,20181207 18:07:59,    0,         0,       124,65535,65535, 9999,2,                ,0000000,0, 0,         0,    0,0000000000000000000000000000000000000000,0000000000000000000000000000000000000000,         0,         0,         0,         0,1, 0, 0, 0,1559                          ,    0,       124,0,20181207 18:05:55,1150                          ,  101, 9999,  101,  101,    0,     0,     0
 ED5.2,5136                          ,5100                          ,                    ,3635      ,                ,  101,                    ,                              ,14,0,20181207 18:08:29,    0,         0,         0,65535,65535, 9999,2,                ,0000000,0, 0,         0,    0,0000000000000000000000000000000000000000,0000000000000000000000000000000000000000,         0,         0,         0,         0,1, 0, 0, 0,5136                          ,    0,         0,0,20181207 18:08:29,5100                          ,  101, 9999,  101,  101,    0,     0,     0
 ED5.2,7214625                       ,1562                          ,DIANA CAROLI GON    ,1949      ,                ,  101,                    ,                              , 0,2,20181207 18:08:30,    0,         0,       145,10004,   11,  101,2,                ,0010000,2, 1,         0,    0,1000000000000000000000000000000000000000,0000000000000000000000010000000000001000,         0,         0,         0,         0,1, 0, 0, 0,7214625                       ,    0,         0,0,20181207 18:06:05,1562                          , 9999, 9999, 9999,  101,32767,     0,     0
 ED5.2,7101968                       ,1163                          ,IVON ANGELIC MAN    ,1952      ,                ,  101,                    ,                              , 0,2,20181207 18:09:15,    0,         0,       245,10003,   11,  101,2,                ,0010000,2, 1,         0,    0,1000000000000000000000000000000000000000,0000000000000000000000010000000000001000,         0,         0,         0,         0,1, 0, 0, 0,7101968                       ,    0,         0,0,20181207 18:05:10,1163                          , 9999, 9999, 9999,  101,32767,     0,     0
 ED5.2,3275500                       ,1896                          ,EDGAR YECID BERM    ,1632      ,                ,  101,                    ,                              , 0,2,20181207 18:09:18,    0,         0,      1648,10002,   11,  101,2,                ,0010000,2, 1,         0,    0,1000000000000000000000000000000000000000,0000000000000000000000010000000000001000,         0,         0,         0,         0,1, 0, 0, 0,3275500                       ,    0,         0,0,20181207 17:41:50,1896                          , 9999, 9999, 9999,  101,32767,     0,     0
 ED5.2,5100                          ,5136                          ,                    ,3635      ,                ,  101,                    ,                              ,14,0,20181207 18:09:57,    0,         0,         0,65535,65535, 9999,2,                ,0000000,0, 0,         0,    0,0000000000000000000000000000000000000000,0000000000000000000000000000000000000000,         0,         0,         0,         0,1, 0, 0, 0,5100                          ,    0,         0,0,20181207 18:09:57,5136                          ,  101, 9999,  101,  101,    0,     0,     0
 ED5.2,3103                          ,1228                          ,                    ,1949      ,                ,  101,                    ,                              ,14,0,20181207 18:10:08,    0,         0,       190,65535,65535, 9999,2,                ,0000000,0, 0,         0,    0,0000000000000000000000000000000000000000,0000000000000000000000000000000000000000,         0,         0,         0,         0,1, 0, 0, 0,3103                          ,    0,       190,0,20181207 18:06:58,1228                          ,  101, 9999,  101,  101,    0,     0,     0
 ED5.2,1177                          ,1163                          ,                    ,1952      ,                ,  101,                    ,                              ,14,0,20181207 18:10:48,    0,         0,        32,65535,65535, 9999,2,                ,0000000,0, 0,         0,    0,0000000000000000000000000000000000000000,0000000000000000000000000000000000000000,         0,         0,         0,         0,1, 0, 0, 0,1177                          ,    0,        32,0,20181207 18:10:16,1163                          ,  101, 9999,  101,  101,    0,     0,     0
 ED5.2,7214625                       ,1562                          ,DIANA CAROLI GON    ,1949      ,                ,  101,                    ,                              , 0,2,20181207 18:11:01,    0,         0,       131,10004,   11,  101,2,                ,0010000,2, 1,         0,    0,1000000000000000000000000000000000000000,0000000000000000000000010000000000001000,         0,         0,         0,         0,1, 0, 0, 0,7214625                       ,    0,         0,0,20181207 18:08:50,1562                          , 9999, 9999, 9999,  101,32767,     0,     0
 ED5.2,5200                          ,5205                          ,                    ,7952      ,                ,  101,                    ,                              ,14,0,20181207 18:12:09,    0,         0,         0,65535,65535, 9999,2,                ,0000000,0, 0,         0,    0,0000000000000000000000000000000000000000,0000000000000000000000000000000000000000,         0,         0,         0,         0,1, 0, 0, 0,5200                          ,    0,         0,0,20181207 18:12:09,5205                          ,  101, 9999,  101,  101,    0,     0,     0
 ED5.2,5208                          ,5205                          ,                    ,7952      ,                ,  101,                    ,                              ,14,0,20181207 18:12:10,    0,         0,         0,65535,65535, 9999,2,                ,0000000,0, 0,         0,    0,0000000000000000000000000000000000000000,0000000000000000000000000000000000000000,         0,         0,         0,         0,1, 0, 0, 0,5200                          ,    0,         0,1,20181207 18:12:10,5205                          ,  101, 9999,  101,  101,    0,     0,     0
 ED5.2,1815                          ,1334                          ,                    ,1949      ,                ,  101,                    ,                              , 3,0,20181207 18:12:10,    0,         0,       135,65535,65535, 9999,2,                ,0000000,0, 0,         0,    0,0000000000000000000000000000000000000000,0000000000000000000000000000000000000000,         0,         0,         0,         0,1, 0, 0, 0,7777                          ,    0,       135,0,20181207 18:09:55,1334                          ,  101, 9999,  101,  101,    0,     0,     0
 ED5.2,3138                          ,1625                          ,                    ,1949      ,                ,  101,                    ,                              ,14,0,20181207 18:12:28,    0,         0,       155,65535,65535, 9999,2,                ,0000000,0, 0,         0,    0,0000000000000000000000000000000000000000,0000000000000000000000000000000000000000,         0,         0,         0,         0,1, 0, 0, 0,3138                          ,    0,       155,0,20181207 18:09:53,1625                          ,  101, 9999,  101,  101,    0,     0,     0
 ED5.2,1294                          ,1228                          ,                    ,1949      ,                ,  101,                    ,                              ,14,0,20181207 18:12:41,    0,         0,         0,65535,65535, 9999,2,                ,0000000,0, 0,         0,    0,0000000000000000000000000000000000000000,0000000000000000000000000000000000000000,         0,         0,         0,         0,1, 0, 0, 0,1294                          ,    0,         0,0,20181207 18:12:41,1228                          ,  101, 9999,  101,  101,    0,     0,     0
 ED5.2,1118                          ,1228                          ,                    ,1949      ,                ,  101,                    ,                              ,14,0,20181207 18:12:50,    0,         0,         0,65535,65535, 9999,2,                ,0000000,0, 0,         0,    0,0000000000000000000000000000000000000000,0000000000000000000000000000000000000000,         0,         0,         0,         0,1, 0, 0, 0,1294                          ,    0,         0,1,20181207 18:12:50,1228                          ,  101, 9999,  101,  101,    0,     0,     0
 ED5.2,1829                          ,1625                          ,                    ,1949      ,                ,  101,                    ,                              ,14,0,20181207 18:12:55,    0,         0,         0,65535,65535, 9999,2,                ,0000000,0, 0,         0,    0,0000000000000000000000000000000000000000,0000000000000000000000000000000000000000,         0,         0,         0,         0,1, 0, 0, 0,1829                          ,    0,         0,0,20181207 18:12:55,1625                          ,  101, 9999,  101,  101,    0,     0,     0
 ED5.2,1294                          ,1228                          ,                    ,1949      ,                ,  101,                    ,                              ,14,0,20181207 18:13:07,    0,         0,         0,65535,65535, 9999,2,                ,0000000,0, 0,         0,    0,0000000000000000000000000000000000000000,0000000000000000000000000000000000000000,         0,         0,         0,         0,1, 0, 0, 0,1294                          ,    0,         0,0,20181207 18:13:07,1228                          ,  101, 9999,  101,  101,    0,     0,     0
 ED5.2,1351                          ,1736                          ,                    ,1635      ,                ,  101,                    ,                              ,14,0,20181207 18:13:55,    0,         0,        31,65535,65535, 9999,2,                ,0000000,0, 0,         0,    0,0000000000000000000000000000000000000000,0000000000000000000000000000000000000000,         0,         0,         0,         0,1, 0, 0, 0,1351                          ,    0,        31,0,20181207 18:13:24,1736                          ,  101, 9999,  101,  101,    0,     0,     0
 ED5.2,3138                          ,1625                          ,                    ,1949      ,                ,  101,                    ,                              ,14,0,20181207 18:14:01,    0,         0,         0,65535,65535, 9999,2,                ,0000000,0, 0,         0,    0,0000000000000000000000000000000000000000,0000000000000000000000000000000000000000,         0,         0,         0,         0,1, 0, 0, 0,3138                          ,    0,         0,0,20181207 18:14:01,1625                          ,  101, 9999,  101,  101,    0,     0,     0
 ED5.2,1118                          ,1228                          ,                    ,1949      ,                ,  101,                    ,                              ,14,0,20181207 18:14:09,    0,         0,         0,65535,65535, 9999,2,                ,0000000,0, 0,         0,    0,0000000000000000000000000000000000000000,0000000000000000000000000000000000000000,         0,         0,         0,         0,1, 0, 0, 0,1294                          ,    0,         0,1,20181207 18:14:09,1228                          ,  101, 9999,  101,  101,    0,     0,     0
 ED5.2,4624436                       ,4077                          ,ELIANA AGUIRRE      ,2952      ,                ,  101,                    ,                              , 0,2,20181207 18:14:23,    0,         0,       120,10445,   15,  101,2,                ,0010000,2, 1,         0,    0,1000000000000000000000000000000000000000,0000000000000000000000010000000000001000,         0,         0,         0,         0,1, 0, 0, 0,4624436                       ,    0,         0,0,20181207 18:12:23,4077                          , 9999, 9999, 9999,  101,32767,     0,     0
 ED5.2,1294                          ,1228                          ,                    ,1949      ,                ,  101,                    ,                              ,14,0,20181207 18:15:15,    0,         0,         0,65535,65535, 9999,2,                ,0000000,0, 0,         0,    0,0000000000000000000000000000000000000000,0000000000000000000000000000000000000000,         0,         0,         0,         0,1, 0, 0, 0,1294                          ,    0,         0,0,20181207 18:15:15,1228                          ,  101, 9999,  101,  101,    0,     0,     0
 ED5.2,1118                          ,1228                          ,                    ,1949      ,                ,  101,                    ,                              ,14,0,20181207 18:15:23,    0,         0,         0,65535,65535, 9999,2,                ,0000000,0, 0,         0,    0,0000000000000000000000000000000000000000,0000000000000000000000000000000000000000,         0,         0,         0,         0,1, 0, 0, 0,1294                          ,    0,         0,1,20181207 18:15:23,1228                          ,  101, 9999,  101,  101,    0,     0,     0
 ED5.2,4323739                       ,1119                          ,CAJA 24             ,1949      ,                ,  101,                    ,                              , 0,2,20181207 18:16:31,    0,         0,       318,10002,   11,  101,2,                ,0010000,2, 1,         0,    0,1000000000000000000000000000000000000000,0000000000000000000000010000000000001000,         0,         0,         0,         0,1, 0, 0, 0,4323739                       ,    0,         0,0,20181207 18:11:13,1119                          , 9999, 9999, 9999,  101,32767,     0,     0
 ED5.2,663174367119                  ,1862                          ,ERIKA ESTEFA VEL    ,1528      ,                ,  101,                    ,                              , 4,2,20181207 18:17:03,    0,         0,       329,  120,   20,  101,2,                ,0000000,2, 1,         0,    0,0000000000000000000000000000000000000000,0000000000000000000000010000000000000000,         0,         0,         0,         0,1, 0, 0, 0,A800                          ,  329,         0,1,20181207 18:11:34,                              , 9999, 9999, 9999, 9999,32767,     0,     0
 ED5.2,1559                          ,1766                          ,                    ,1952      ,                ,  101,                    ,                              ,14,0,20181207 18:17:05,    0,         0,         0,65535,65535, 9999,2,                ,0000000,0, 0,         0,    0,0000000000000000000000000000000000000000,0000000000000000000000000000000000000000,         0,         0,         0,         0,1, 0, 0, 0,1559                          ,    0,         0,0,20181207 18:17:05,1766                          ,  101, 9999,  101,  101,    0,     0,     0
 ED5.2,1286                          ,1766                          ,                    ,1952      ,                ,  101,                    ,                              ,14,0,20181207 18:17:29,    0,         0,         0,65535,65535, 9999,2,                ,0000000,0, 0,         0,    0,0000000000000000000000000000000000000000,0000000000000000000000000000000000000000,         0,         0,         0,         0,1, 0, 0, 0,1286                          ,    0,         0,0,20181207 18:17:29,1766                          ,  101, 9999,  101,  101,    0,     0,     0
 ED5.2,1005                          ,1228                          ,                    ,1949      ,                ,  101,                    ,                              ,14,0,20181207 18:18:27,    0,         0,         2,65535,65535, 9999,2,                ,0000000,0, 0,         0,    0,0000000000000000000000000000000000000000,0000000000000000000000000000000000000000,         0,         0,         0,         0,1, 0, 0, 0,1005                          ,    0,         2,0,20181207 18:18:25,1228                          ,  101, 9999,  101,  101,    0,     0,     0
 ED5.2,3125056004                    ,1228                          ,COORD PROCES ADI    ,1949      ,                ,  101,                    ,                              , 0,2,20181207 18:18:27,    0,         0,       135,10349,   66,  101,2,                ,0010000,2, 1,         0,    0,1000000000000000000000000000000000000000,0000000000000000000000010000000000001000,         0,         0,         0,         0,1, 0, 0, 0,033125056004                  ,    0,         0,0,20181207 18:16:12,1228                          , 9999, 9999, 9999,  101,32767,     0,     0
 ED5.2,3125056004                    ,1005                          ,CAJA 5              ,1949      ,                ,  101,                    ,                              , 0,2,20181207 18:19:02,    0,         0,        35,10349,   66,  101,2,                ,0010000,2, 1,         0,    0,0000000000000000000000000000000000000000,0000000010000000000000010000000000001000,         0,         0,         0,         0,1, 0, 0, 0,033125056004                  ,  167,        35,0,20181207 18:18:27,1005                          , 9999, 9999, 9999,  101,32767,     0,     0
 ED5.2,1561                          ,1237                          ,                    ,1633      ,                ,  101,                    ,                              ,14,0,20181207 18:19:06,    0,         0,         0,65535,65535, 9999,2,                ,0000000,0, 0,         0,    0,0000000000000000000000000000000000000000,0000000000000000000000000000000000000000,         0,         0,         0,         0,1, 0, 0, 0,1561                          ,    0,         0,0,20181207 18:19:06,1237                          ,  101, 9999,  101,  101,    0,     0,     0
 ED5.2,1122                          ,1237                          ,                    ,1633      ,                ,  101,                    ,                              ,14,0,20181207 18:19:07,    0,         0,         0,65535,65535, 9999,2,                ,0000000,0, 0,         0,    0,0000000000000000000000000000000000000000,0000000000000000000000000000000000000000,         0,         0,         0,         0,1, 0, 0, 0,1561                          ,    0,         0,1,20181207 18:19:07,1237                          ,  101, 9999,  101,  101,    0,     0,     0
 ED5.2,1553                          ,1252                          ,                    ,1215      ,                ,  101,                    ,                              ,14,0,20181207 18:19:33,    0,         0,        10,65535,65535, 9999,2,                ,0000000,0, 0,         0,    0,0000000000000000000000000000000000000000,0000000000000000000000000000000000000000,         0,         0,         0,         0,1, 0, 0, 0,1553                          ,    0,        10,0,20181207 18:19:23,1252                          ,  101, 9999,  101,  101,    0,     0,     0
 ED5.2,3102192356                    ,3103                          ,WILLIAM FERN ZAM    ,1979      ,                ,  101,                    ,                              , 0,1,20181207 18:20:11,    0,         0,         5,  377,   21,  101,2,                ,0010000,0, 0,         0,    0,0000000000000000000000000000000000000000,0000000000000000000000010000000000001000,         0,         0,         0,         0,1, 0, 0, 0,033102192356                  ,    0,         0,0,20181207 18:20:06,3103                          , 9999, 9999, 9999,  101,32767,     0,     0
 ED5.2,3102192356                    ,3103                          ,WILLIAM FERN ZAM    ,1979      ,                ,  101,                    ,                              , 0,1,20181207 18:20:28,    0,         0,         5,  378,   21,  101,2,                ,0010000,0, 0,         0,    0,0000000000000000000000000000000000000000,0000000000000000000000010000000000001000,         0,         0,         0,         0,1, 0, 0, 0,033102192356                  ,    0,         0,0,20181207 18:20:23,3103                          , 9999, 9999, 9999,  101,32767,     0,     0
 ED5.2,6604869                       ,1304                          ,ANDRES FELIP YAG    ,1632      ,                ,  101,                    ,                              , 0,2,20181207 18:20:38,    0,         0,        15,10002,   11,  101,2,                ,0010000,2, 1,         0,    0,1000000000000000000000000000000000000000,0000000000000000000000010000000000001000,         0,         0,         0,         0,1, 0, 0, 0,6604869                       ,    0,         0,0,20181207 18:20:23,1304                          , 9999, 9999, 9999,  101,32767,     0,     0
 ED5.2,2082159                       ,1736                          ,RECEPCION 2 MORA    ,1635      ,                ,  101,                    ,                              , 0,2,20181207 18:21:39,    0,         0,        37,10865,   82,  101,2,                ,0010000,2, 1,         0,    0,1000000000000000000000000000000000000000,0000000000000000000000010000000000001000,         0,         0,         0,         0,1, 0, 0, 0,2082159                       ,    0,         0,0,20181207 18:21:02,1736                          , 9999, 9999, 9999,  101,32767,     0,     0
 ED5.2,6044535                       ,4042                          ,DARIO GOMEZ LO      ,2949      ,                ,  101,                    ,                              , 0,2,20181207 18:21:47,    0,         0,         0,10445,   15,  101,2,                ,0010000,2, 1,         0,    0,1000000000000000000000000000000000000000,0000000000000000000000010000000000001000,         0,         0,         0,         0,1, 0, 0, 0,6044535                       ,    0,         0,0,20181207 18:21:47,4042                          , 9999, 9999, 9999,  101,32767,     0,     0
 ED5.2,0946044535                    ,4042                          ,DARIO GOMEZ LO      ,2949      ,                ,  101,                    ,                              , 0,2,20181207 18:21:48,    0,         0,         0,10865,   82,  101,2,                ,0010000,2, 1,         0,    0,1000000000000000000000000000000000000000,0000000000000000000000010000000000001000,         0,         0,         0,         0,1, 0, 0, 0,6044535                       ,    0,         0,0,20181207 18:21:48,4042                          , 9999, 9999, 9999,  101,32767,     0,     0
 ED5.2,6044535                       ,4042                          ,DARIO GOMEZ LO      ,2949      ,                ,  101,                    ,                              , 0,2,20181207 18:21:56,    0,         0,         0,10445,   15,  101,2,                ,0010000,2, 1,         0,    0,1000000000000000000000000000000000000000,0000000000000000000000010000000000001000,         0,         0,         0,         0,1, 0, 0, 0,6044535                       ,    0,         0,0,20181207 18:21:56,4042                          , 9999, 9999, 9999,  101,32767,     0,     0
 ED5.2,0946044535                    ,4042                          ,DARIO GOMEZ LO      ,2949      ,                ,  101,                    ,                              , 0,2,20181207 18:21:57,    0,         0,         0,10865,   82,  101,2,                ,0010000,2, 1,         0,    0,1000000000000000000000000000000000000000,0000000000000000000000010000000000001000,         0,         0,         0,         0,1, 0, 0, 0,6044535                       ,    0,         0,0,20181207 18:21:57,4042                          , 9999, 9999, 9999,  101,32767,     0,     0
 ED5.2,3174395859                    ,4042                          ,DARIO GOMEZ LO      ,2949      ,                ,  101,                    ,                              , 0,2,20181207 18:22:41,    0,         0,         0,10349,   66,  101,2,                ,0010000,2, 1,         0,    0,1000000000000000000000000000000000000000,0000000000000000000000010000000000001000,         0,         0,         0,         0,1, 0, 0, 0,033174395859                  ,    0,         0,0,20181207 18:22:41,4042                          , 9999, 9999, 9999,  101,32767,     0,     0
 ED5.2,6604869                       ,1304                          ,ANDRES FELIP YAG    ,1632      ,                ,  101,                    ,                              , 0,2,20181207 18:22:58,    0,         0,       127,10002,   11,  101,2,                ,0010000,2, 1,         0,    0,1000000000000000000000000000000000000000,0000000000000000000000010000000000001000,         0,         0,         0,         0,1, 0, 0, 0,6604869                       ,    0,         0,0,20181207 18:20:51,1304                          , 9999, 9999, 9999,  101,32767,     0,     0
 ED5.2,3174395859                    ,4042                          ,DARIO GOMEZ LO      ,2949      ,                ,  101,                    ,                              , 0,2,20181207 18:23:39,    0,         0,         0,10349,   66,  101,2,                ,0010000,2, 1,         0,    0,1000000000000000000000000000000000000000,0000000000000000000000010000000000001000,         0,         0,         0,         0,1, 0, 0, 0,033174395859                  ,    0,         0,0,20181207 18:23:39,4042                          , 9999, 9999, 9999,  101,32767,     0,     0
 ED5.2,807                           ,1378                          ,SINDY SUGEY MORE    ,1952      ,                ,  101,                    ,                              , 0,2,20181207 18:23:47,    0,         0,         0,10002,   11,  101,2,                ,0010000,2, 1,         0,    0,1000000000000000000000000000000000000000,0000000000000000000000010000000000001000,         0,         0,         0,         0,1, 0, 0, 0,807                           ,    0,         0,0,20181207 18:23:47,1378                          , 9999, 9999, 9999,  101,32767,     0,     0
 ED5.2,80                            ,1378                          ,SINDY SUGEY MORE    ,1952      ,                ,  101,                    ,                              , 0,2,20181207 18:23:54,    0,         0,         0,  120,   20,  101,2,                ,0010000,2, 1,         0,    0,1000000000000000000000000000000000000000,0000000000000000000000010000000000001000,         0,         0,         0,         0,1, 0, 0, 0,80                            ,    0,         0,0,20181207 18:23:54,1378                          , 9999, 9999, 9999,  101,32767,     0,     0
 ED5.2,1177                          ,1447                          ,                    ,1632      ,                ,  101,                    ,                              ,14,0,20181207 18:23:58,    0,         0,         8,65535,65535, 9999,2,                ,0000000,0, 0,         0,    0,0000000000000000000000000000000000000000,0000000000000000000000000000000000000000,         0,         0,         0,         0,1, 0, 0, 0,1177                          ,    0,         8,0,20181207 18:23:50,1447                          ,  101, 9999,  101,  101,    0,     0,     0
 ED5.2,3245                          ,1678                          ,                    ,1154      ,                ,  101,                    ,                              ,14,0,20181207 18:24:14,    0,         0,         0,65535,65535, 9999,2,                ,0000000,0, 0,         0,    0,0000000000000000000000000000000000000000,0000000000000000000000000000000000000000,         0,         0,         0,         0,1, 0, 0, 0,3245                          ,    0,         0,0,20181207 18:24:14,1678                          ,  101, 9999,  101,  101,    0,     0,     0
 ED5.2,1474                          ,1678                          ,                    ,1154      ,                ,  101,                    ,                              ,14,0,20181207 18:24:20,    0,         0,         0,65535,65535, 9999,2,                ,0000000,0, 0,         0,    0,0000000000000000000000000000000000000000,0000000000000000000000000000000000000000,         0,         0,         0,         0,1, 0, 0, 0,3245                          ,    0,         0,1,20181207 18:24:20,1678                          ,  101, 9999,  101,  101,    0,     0,     0
 ED5.2,7214248                       ,3327                          ,ASISTENTE OPERAT    ,1949      ,                ,  101,                    ,                              , 0,2,20181207 18:24:31,    0,         0,         0,10865,   82,  101,2,                ,0010000,2, 1,         0,    0,1000000000000000000000000000000000000000,0000000000000000000000010000000000001000,         0,         0,         0,         0,1, 0, 0, 0,7214248                       ,    0,         0,0,20181207 18:24:31,3327                          , 9999, 9999, 9999,  101,32767,     0,     0
 ED5.2,3174395859                    ,4042                          ,DARIO GOMEZ LO      ,2949      ,                ,  101,                    ,                              , 0,2,20181207 18:24:32,    0,         0,         0,10349,   66,  101,2,                ,0010000,2, 1,         0,    0,1000000000000000000000000000000000000000,0000000000000000000000010000000000001000,         0,         0,         0,         0,1, 0, 0, 0,033174395859                  ,    0,         0,0,20181207 18:24:32,4042                          , 9999, 9999, 9999,  101,32767,     0,     0
 ED5.2,8070417                       ,1378                          ,SINDY SUGEY MORE    ,1952      ,                ,  101,                    ,                              , 0,2,20181207 18:25:21,    0,         0,        62,10002,   11,  101,2,                ,0010000,2, 1,         0,    0,1000000000000000000000000000000000000000,0000000000000000000000010000000000001000,         0,         0,         0,         0,1, 0, 0, 0,8070417                       ,    0,         0,0,20181207 18:24:19,1378                          , 9999, 9999, 9999,  101,32767,     0,     0
 ED5.2,4886000                       ,1201                          ,NAYIBE PATRI BOL    ,1949      ,                ,  101,                    ,                              , 0,2,20181207 18:25:45,    0,         0,        86,10003,   11,  101,2,                ,0010000,2, 1,         0,    0,1000000000000000000000000000000000000000,0000000000000000000000010000000000001000,         0,         0,         0,         0,1, 0, 0, 0,4886000                       ,    0,         0,0,20181207 18:24:19,1201                          , 9999, 9999, 9999,  101,32767,     0,     0
 ED5.2,3174395859                    ,4042                          ,DARIO GOMEZ LO      ,2949      ,                ,  101,                    ,                              , 0,2,20181207 18:25:54,    0,         0,         0,10349,   66,  101,2,                ,0010000,2, 1,         0,    0,1000000000000000000000000000000000000000,0000000000000000000000010000000000001000,         0,         0,         0,         0,1, 0, 0, 0,033174395859                  ,    0,         0,0,20181207 18:25:54,4042                          , 9999, 9999, 9999,  101,32767,     0,     0
 ED5.2,6044535                       ,4042                          ,DARIO GOMEZ LO      ,2949      ,                ,  101,                    ,                              , 0,2,20181207 18:26:01,    0,         0,         0,10445,   15,  101,2,                ,0010000,2, 1,         0,    0,1000000000000000000000000000000000000000,0000000000000000000000010000000000001000,         0,         0,         0,         0,1, 0, 0, 0,6044535                       ,    0,         0,0,20181207 18:26:01,4042                          , 9999, 9999, 9999,  101,32767,     0,     0
 ED5.2,0946044535                    ,4042                          ,DARIO GOMEZ LO      ,2949      ,                ,  101,                    ,                              , 0,2,20181207 18:26:02,    0,         0,         0,10865,   82,  101,2,                ,0010000,2, 1,         0,    0,1000000000000000000000000000000000000000,0000000000000000000000010000000000001000,         0,         0,         0,         0,1, 0, 0, 0,6044535                       ,    0,         0,0,20181207 18:26:02,4042                          , 9999, 9999, 9999,  101,32767,     0,     0
 ED5.2,6044535                       ,4042                          ,DARIO GOMEZ LO      ,2949      ,                ,  101,                    ,                              , 0,2,20181207 18:26:17,    0,         0,         0,10445,   15,  101,2,                ,0010000,2, 1,         0,    0,1000000000000000000000000000000000000000,0000000000000000000000010000000000001000,         0,         0,         0,         0,1, 0, 0, 0,6044535                       ,    0,         0,0,20181207 18:26:17,4042                          , 9999, 9999, 9999,  101,32767,     0,     0
 ED5.2,0946044535                    ,4042                          ,DARIO GOMEZ LO      ,2949      ,                ,  101,                    ,                              , 0,2,20181207 18:26:17,    0,         0,         0,10865,   82,  101,2,                ,0010000,2, 1,         0,    0,1000000000000000000000000000000000000000,0000000000000000000000010000000000001000,         0,         0,         0,         0,1, 0, 0, 0,6044535                       ,    0,         0,0,20181207 18:26:17,4042                          , 9999, 9999, 9999,  101,32767,     0,     0
 ED5.2,3204947026                    ,1119                          ,CAJA 24             ,1949      ,                ,  101,                    ,                              , 0,1,20181207 18:26:25,    0,         0,        92,  377,   21,  101,2,                ,0010000,0, 0,         0,    0,0000000000000000000000000000000000000000,0000000000000000000000010000000000001000,         0,         0,         0,         0,1, 0, 0, 0,033204947026                  ,    0,         0,0,20181207 18:24:53,1119                          , 9999, 9999, 9999,  101,32767,     0,     0
 ED5.2,4017                          ,4077                          ,                    ,2952      ,                ,  101,                    ,                              ,14,0,20181207 18:26:30,    0,         0,        12,65535,65535, 9999,2,                ,0000000,0, 0,         0,    0,0000000000000000000000000000000000000000,0000000000000000000000000000000000000000,         0,         0,         0,         0,1, 0, 0, 0,4017                          ,    0,        12,0,20181207 18:26:18,4077                          ,  101, 9999,  101,  101,    0,     0,     0
 ED5.2,2123505                       ,1050                          ,PAULA ANDREA RAM    ,1318      ,                ,  101,                    ,                              , 0,2,20181207 18:27:09,    0,         0,        43,10002,   11,  101,2,                ,0010000,2, 1,         0,    0,1000000000000000000000000000000000000000,0000000000000000000000010000000000001000,         0,         0,         0,         0,1, 0, 0, 0,2123505                       ,    0,         0,0,20181207 18:26:26,1050                          , 9999, 9999, 9999,  101,32767,     0,     0
 ED5.2,6044535                       ,4042                          ,DARIO GOMEZ LO      ,2949      ,                ,  101,                    ,                              , 0,2,20181207 18:27:18,    0,         0,         0,10445,   15,  101,2,                ,0010000,2, 1,         0,    0,1000000000000000000000000000000000000000,0000000000000000000000010000000000001000,         0,         0,         0,         0,1, 0, 0, 0,6044535                       ,    0,         0,0,20181207 18:27:18,4042                          , 9999, 9999, 9999,  101,32767,     0,     0
 ED5.2,0946044535                    ,4042                          ,DARIO GOMEZ LO      ,2949      ,                ,  101,                    ,                              , 0,2,20181207 18:27:19,    0,         0,         0,10865,   82,  101,2,                ,0010000,2, 1,         0,    0,1000000000000000000000000000000000000000,0000000000000000000000010000000000001000,         0,         0,         0,         0,1, 0, 0, 0,6044535                       ,    0,         0,0,20181207 18:27:19,4042                          , 9999, 9999, 9999,  101,32767,     0,     0
 ED5.2,3174395859                    ,4042                          ,DARIO GOMEZ LO      ,2949      ,                ,  101,                    ,                              , 0,2,20181207 18:27:59,    0,         0,         0,10349,   66,  101,2,                ,0010000,2, 1,         0,    0,1000000000000000000000000000000000000000,0000000000000000000000010000000000001000,         0,         0,         0,         0,1, 0, 0, 0,033174395859                  ,    0,         0,0,20181207 18:27:59,4042                          , 9999, 9999, 9999,  101,32767,     0,     0
 ED5.2,3683978                       ,1517                          ,VIVIANA MARC HOR    ,1952      ,                ,  101,                    ,                              , 4,2,20181207 18:28:34,    0,         0,        86,  120,   20,  101,2,                ,0000000,3, 0,         0,    0,0000000000000000000000000000000000000000,0000000000000000000000010000000000000000,         0,         0,         0,         0,1, 0, 0, 0,A800                          ,   86,         0,1,20181207 18:27:08,                              , 9999, 9999, 9999, 9999,32767,     0,     0
 ED5.2,3175811008                    ,3104                          ,VIVIANA ANDR MAR    ,1979      ,                ,  101,                    ,                              , 0,1,20181207 18:28:45,    0,         0,        27,  378,   21,  101,2,                ,0010000,0, 0,         0,    0,0000000000000000000000000000000000000000,0000000000000000000000010000000000001000,         0,         0,         0,         0,1, 0, 0, 0,033175811008                  ,    0,         0,0,20181207 18:28:18,3104                          , 9999, 9999, 9999,  101,32767,     0,     0
 ED5.2,1143                          ,1288                          ,                    ,1952      ,                ,  101,                    ,                              ,14,0,20181207 18:28:47,    0,         0,         0,65535,65535, 9999,2,                ,0000000,0, 0,         0,    0,0000000000000000000000000000000000000000,0000000000000000000000000000000000000000,         0,         0,         0,         0,1, 0, 0, 0,1143                          ,    0,         0,0,20181207 18:28:47,1288                          ,  101, 9999,  101,  101,    0,     0,     0
 ED5.2,2123505                       ,1893                          ,LUCERO LISET CRU    ,1741      ,                ,  101,                    ,                              , 0,2,20181207 18:29:14,    0,         0,        55,10002,   11,  101,2,                ,0010000,2, 1,         0,    0,1000000000000000000000000000000000000000,0000000000000000000000010000000000001000,         0,         0,         0,         0,1, 0, 0, 0,2123505                       ,    0,         0,0,20181207 18:28:19,1893                          , 9999, 9999, 9999,  101,32767,     0,     0
 ED5.2,5689396                       ,1625                          ,VISACION 3          ,1949      ,                ,  101,                    ,                              , 0,2,20181207 18:30:03,    0,         0,         0,10865,   82,  101,2,                ,0010000,2, 1,         0,    0,1000000000000000000000000000000000000000,0000000000000000000000010000000000001000,         0,         0,         0,         0,1, 0, 0, 0,5689396                       ,    0,         0,0,20181207 18:30:03,1625                          , 9999, 9999, 9999,  101,32767,     0,     0
 ED5.2,3006715717                    ,5204                          ,IRINA PAOLA INSI    ,7952      ,                ,  101,                    ,                              , 0,1,20181207 18:30:38,    0,         0,       119,  377,   21,  101,2,                ,0010000,0, 0,         0,    0,0000000000000000000000000000000000000000,0000000000000000000000010000000000001000,         0,         0,         0,         0,1, 0, 0, 0,033006715717                  ,    0,         0,0,20181207 18:28:39,5204                          , 9999, 9999, 9999,  101,32767,     0,     0
 ED5.2,3174395859                    ,4042                          ,DARIO GOMEZ LO      ,2949      ,                ,  101,                    ,                              , 0,2,20181207 18:31:46,    0,         0,        66,10349,   66,  101,2,                ,0010000,2, 1,         0,    0,1000000000000000000000000000000000000000,0000000000000000000000010000000000001000,         0,         0,         0,         0,1, 0, 0, 0,033174395859                  ,    0,         0,0,20181207 18:30:40,4042                          , 9999, 9999, 9999,  101,32767,     0,     0
 ED5.2,663214644373                  ,1106                          ,COORD COUNTRY       ,1949      ,                ,  101,                    ,                              , 4,2,20181207 18:32:08,    0,         0,        68,  120,   20,  101,2,                ,0000000,2, 1,         0,    0,0000000000000000000000000000000000000000,0000000000000000000000010000000000000000,         0,         0,         0,         0,1, 0, 0, 0,A800                          ,   69,         0,0,20181207 18:31:00,                              , 9999, 9999, 9999, 9999,32767,     0,     0
 ED5.2,7214248                       ,3327                          ,ASISTENTE OPERAT    ,1949      ,                ,  101,                    ,                              , 0,2,20181207 18:32:29,    0,         0,         0,10865,   82,  101,2,                ,0010000,2, 1,         0,    0,1000000000000000000000000000000000000000,0000000000000000000000010000000000001000,         0,         0,         0,         0,1, 0, 0, 0,7214248                       ,    0,         0,0,20181207 18:32:29,3327                          , 9999, 9999, 9999,  101,32767,     0,     0
 ED5.2,663214644373                  ,FS020                         ,ETB                 ,          ,                ,  101,                    ,                              , 4,2,20181207 18:32:58,    0,         0,        37,  120,   20,  101,2,                ,0000000,2, 1,         0,    0,0000000000000000000000000000000000000000,0000000000000000000000010000000000000000,         0,         0,         0,         0,1, 0, 0, 0,A800                          ,   37,         0,0,20181207 18:32:21,                              , 9999, 9999, 9999, 9999,32767,     0,     0
 ED5.2,140440000                     ,1201                          ,NAYIBE PATRI BOL    ,1949      ,                ,  101,                    ,                              , 0,1,20181207 18:33:35,    0,         0,         0,  378,   21,  101,2,                ,0010000,0, 0,         0,    0,0000000000000000000000000000000000000000,0000000000000000000000010000000000001000,         0,         0,         0,         0,1, 0, 0, 0,03140440000                   ,    0,         0,0,20181207 18:33:35,1201                          , 9999, 9999, 9999,  101,32767,     0,     0
 ED5.2,3500                          ,3503                          ,                    ,4466      ,                ,  101,                    ,                              ,14,0,20181207 18:33:40,    0,         0,         0,65535,65535, 9999,2,                ,0000000,0, 0,         0,    0,0000000000000000000000000000000000000000,0000000000000000000000000000000000000000,         0,         0,         0,         0,1, 0, 0, 0,3500                          ,    0,         0,0,20181207 18:33:40,3503                          ,  101, 9999,  101,  101,    0,     0,     0
 ED5.2,4719724                       ,1228                          ,COORD PROCES ADI    ,1949      ,                ,  101,                    ,                              , 0,2,20181207 18:34:26,    0,         0,         0,10866,   82,  101,2,                ,0010000,2, 1,         0,    0,1000000000000000000000000000000000000000,0000000000000000000000010000000000001000,         0,         0,         0,         0,1, 0, 0, 0,4719724                       ,    0,         0,0,20181207 18:34:26,1228                          , 9999, 9999, 9999,  101,32767,     0,     0
 ED5.2,4044000                       ,1201                          ,NAYIBE PATRI BOL    ,1949      ,                ,  101,                    ,                              , 0,2,20181207 18:34:28,    0,         0,         0,10445,   15,  101,2,                ,0010000,2, 1,         0,    0,1000000000000000000000000000000000000000,0000000000000000000000010000000000001000,         0,         0,         0,         0,1, 0, 0, 0,0944044000                    ,    0,         0,0,20181207 18:34:28,1201                          , 9999, 9999, 9999,  101,32767,     0,     0
 ED5.2,7214248                       ,3327                          ,ASISTENTE OPERAT    ,1949      ,                ,  101,                    ,                              , 0,2,20181207 18:34:38,    0,         0,         0,10865,   82,  101,2,                ,0010000,2, 1,         0,    0,1000000000000000000000000000000000000000,0000000000000000000000010000000000001000,         0,         0,         0,         0,1, 0, 0, 0,7214248                       ,    0,         0,0,20181207 18:34:38,3327                          , 9999, 9999, 9999,  101,32767,     0,     0
 ED5.2,6604869                       ,1050                          ,PAULA ANDREA RAM    ,1318      ,                ,  101,                    ,                              , 0,2,20181207 18:35:02,    0,         0,       207,10002,   11,  101,2,                ,0010000,2, 1,         0,    0,1000000000000000000000000000000000000000,0000000000000000000000010000000000001000,         0,         0,         0,         0,1, 0, 0, 0,6604869                       ,    0,         0,0,20181207 18:31:35,1050                          , 9999, 9999, 9999,  101,32767,     0,     0
 ED5.2,2091                          ,2045                          ,                    ,4949      ,                ,  101,                    ,                              ,14,0,20181207 18:36:08,    0,         0,        20,65535,65535, 9999,2,                ,0000000,0, 0,         0,    0,0000000000000000000000000000000000000000,0000000000000000000000000000000000000000,         0,         0,         0,         0,1, 0, 0, 0,2091                          ,    0,        20,0,20181207 18:35:48,2045                          ,  101, 9999,  101,  101,    0,     0,     0
 ED5.2,                              ,5100                          ,RECEPCION BQUILL    ,3635      ,                ,  101,                    ,                              , 4,2,20181207 18:36:20,    0,         0,        32,10865,   82,  101,2,                ,0000000,2, 0,         0,    0,0000000000000000000000000000000000000000,0000000000000000000000010000000000000000,         0,         0,         0,         0,1, 0, 0, 0,A900                          ,   32,         0,1,20181207 18:35:48,                              , 9999, 9999, 9999, 9999,32767,     0,     0
 ED5.2,4886000                       ,1201                          ,NAYIBE PATRI BOL    ,1949      ,                ,  101,                    ,                              , 0,2,20181207 18:36:24,    0,         0,       100,10003,   11,  101,2,                ,0010000,2, 1,         0,    0,1000000000000000000000000000000000000000,0000000000000000000000010000000000001000,         0,         0,         0,         0,1, 0, 0, 0,4886000                       ,    0,         0,0,20181207 18:34:44,1201                          , 9999, 9999, 9999,  101,32767,     0,     0
 ED5.2,5143                          ,5135                          ,                    ,3843      ,                ,  101,                    ,                              ,14,0,20181207 18:38:05,    0,         0,         0,65535,65535, 9999,2,                ,0000000,0, 0,         0,    0,0000000000000000000000000000000000000000,0000000000000000000000000000000000000000,         0,         0,         0,         0,1, 0, 0, 0,5143                          ,    0,         0,0,20181207 18:38:05,5135                          ,  101, 9999,  101,  101,    0,     0,     0
 ED5.2,7954360                       ,FS020                         ,ETB                 ,          ,                ,  101,                    ,                              , 4,2,20181207 18:40:56,    0,         0,         7,  120,   20,  101,2,                ,0000000,3, 0,         0,    0,0000000000000000000000000000000000000000,0000000000000000000000010000000000000000,         0,         0,         0,         0,1, 0, 0, 0,A800                          ,    8,         0,0,20181207 18:40:49,                              , 9999, 9999, 9999, 9999,32767,     0,     0
 ED5.2,7214248                       ,3327                          ,ASISTENTE OPERAT    ,1949      ,                ,  101,                    ,                              , 0,2,20181207 18:41:52,    0,         0,         0,10865,   82,  101,2,                ,0010000,2, 1,         0,    0,1000000000000000000000000000000000000000,0000000000000000000000010000000000001000,         0,         0,         0,         0,1, 0, 0, 0,7214248                       ,    0,         0,0,20181207 18:41:52,3327                          , 9999, 9999, 9999,  101,32767,     0,     0
 ED5.2,663214644373                  ,1625                          ,VISACION 3          ,1949      ,                ,  101,                    ,                              , 4,2,20181207 18:42:00,    0,         0,        56,  120,   20,  101,2,                ,0000000,2, 1,         0,    0,0000000000000000000000000000000000000000,0000000000000000000000010000000000000000,         0,         0,         0,         0,1, 0, 0, 0,A800                          ,   13,        43,0,20181207 18:41:04,                              , 9999, 9999, 9999, 9999,32767,     0,     0
 ED5.2,1339                          ,3243                          ,                    ,1949      ,                ,  101,                    ,                              ,14,0,20181207 18:43:34,    0,         0,         0,65535,65535, 9999,2,                ,0000000,0, 0,         0,    0,0000000000000000000000000000000000000000,0000000000000000000000000000000000000000,         0,         0,         0,         0,1, 0, 0, 0,1339                          ,    0,         0,0,20181207 18:43:34,3243                          ,  101, 9999,  101,  101,    0,     0,     0
 ED5.2,88                            ,3243                          ,                    ,1949      ,                ,  101,                    ,                              ,14,0,20181207 18:43:37,    0,         0,         3,65535,65535, 9999,2,                ,0000000,0, 0,         0,    0,0000000000000000000000000000000000000000,0000000000000000000000000000000000000000,         0,         0,         0,         0,1, 0, 0, 0,1339                          ,    0,         3,1,20181207 18:43:34,3243                          ,  101, 9999,  101,  101,    0,     0,     0
 ED5.2,1005                          ,1228                          ,                    ,1949      ,                ,  101,                    ,                              ,14,0,20181207 18:44:00,    0,         0,        17,65535,65535, 9999,2,                ,0000000,0, 0,         0,    0,0000000000000000000000000000000000000000,0000000000000000000000000000000000000000,         0,         0,         0,         0,1, 0, 0, 0,1005                          ,    0,        17,0,20181207 18:43:43,1228                          ,  101, 9999,  101,  101,    0,     0,     0
 ED5.2,2123505                       ,1307                          ,DANIELA SEGURA F    ,1633      ,                ,  101,                    ,                              , 4,2,20181207 18:44:16,    0,         0,        33,  121,   20,  101,2,                ,0000000,3, 0,         0,    0,0000000000000000000000000000000000000000,0000000000000000000000010000000000000000,         0,         0,         0,         0,1, 0, 0, 0,A800                          ,   34,         0,1,20181207 18:43:43,                              , 9999, 9999, 9999, 9999,32767,     0,     0
 ED5.2,2123505                       ,1570                          ,ANGELA GINNE BET    ,1952      ,                ,  101,                    ,                              , 4,2,20181207 18:44:51,    0,         0,        32,  121,   20,  101,2,                ,0000000,3, 0,         0,    0,0000000000000000000000000000000000000000,0000000000000000000000010000000000000000,         0,         0,         0,         0,1, 0, 0, 0,A800                          ,   32,         0,1,20181207 18:44:19,                              , 9999, 9999, 9999, 9999,32767,     0,     0
 ED5.2,3937818                       ,5135                          ,ESTEFANIA MALDON    ,3843      ,                ,  101,                    ,                              , 0,2,20181207 18:45:29,    0,         0,         0,10865,   82,  101,2,                ,0010000,2, 1,         0,    0,1000000000000000000000000000000000000000,0000000000000000000000010000000000001000,         0,         0,         0,         0,1, 0, 0, 0,3937818                       ,    0,         0,0,20181207 18:45:29,5135                          , 9999, 9999, 9999,  101,32767,     0,     0
 ED5.2,2123505                       ,1334                          ,CAJERO RECAUDO      ,1949      ,                ,  101,                    ,                              , 4,2,20181207 18:45:30,    0,         0,        37,  121,   20,  101,2,                ,0000000,3, 0,         0,    0,0000000000000000000000000000000000000000,0000000000000000000000010000000000000000,         0,         0,         0,         0,1, 0, 0, 0,A800                          ,    8,        29,0,20181207 18:44:53,                              , 9999, 9999, 9999, 9999,32767,     0,     0
 ED5.2,3937318                       ,5135                          ,ESTEFANIA MALDON    ,3843      ,                ,  101,                    ,                              , 0,2,20181207 18:45:44,    0,         0,         0,10865,   82,  101,2,                ,0010000,2, 1,         0,    0,1000000000000000000000000000000000000000,0000000000000000000000010000000000001000,         0,         0,         0,         0,1, 0, 0, 0,3937318                       ,    0,         0,0,20181207 18:45:44,5135                          , 9999, 9999, 9999,  101,32767,     0,     0
 ED5.2,3937818                       ,5135                          ,ESTEFANIA MALDON    ,3843      ,                ,  101,                    ,                              , 0,2,20181207 18:45:55,    0,         0,         0,10865,   82,  101,2,                ,0010000,2, 1,         0,    0,1000000000000000000000000000000000000000,0000000000000000000000010000000000001000,         0,         0,         0,         0,1, 0, 0, 0,3937818                       ,    0,         0,0,20181207 18:45:55,5135                          , 9999, 9999, 9999,  101,32767,     0,     0
 ED5.2,3934818                       ,5135                          ,ESTEFANIA MALDON    ,3843      ,                ,  101,                    ,                              , 0,2,20181207 18:46:09,    0,         0,         0,10865,   82,  101,2,                ,0010000,2, 1,         0,    0,1000000000000000000000000000000000000000,0000000000000000000000010000000000001000,         0,         0,         0,         0,1, 0, 0, 0,3934818                       ,    0,         0,0,20181207 18:46:09,5135                          , 9999, 9999, 9999,  101,32767,     0,     0
 ED5.2,3937818                       ,5135                          ,ESTEFANIA MALDON    ,3843      ,                ,  101,                    ,                              , 0,2,20181207 18:46:20,    0,         0,         0,10865,   82,  101,2,                ,0010000,2, 1,         0,    0,1000000000000000000000000000000000000000,0000000000000000000000010000000000001000,         0,         0,         0,         0,1, 0, 0, 0,3937818                       ,    0,         0,0,20181207 18:46:20,5135                          , 9999, 9999, 9999,  101,32767,     0,     0
 ED5.2,2123505                       ,1022                          ,HELEN SMITT VELO    ,1638      ,                ,  101,                    ,                              , 4,2,20181207 18:46:29,    0,         0,        34,  121,   20,  101,2,                ,0000000,3, 0,         0,    0,0000000000000000000000000000000000000000,0000000000000000000000010000000000000000,         0,         0,         0,         0,1, 0, 0, 0,A800                          ,   35,         0,1,20181207 18:45:55,                              , 9999, 9999, 9999, 9999,32767,     0,     0
 ED5.2,663214644373                  ,1420                          ,CAJA 16             ,1949      ,                ,  101,                    ,                              , 4,2,20181207 18:47:16,    0,         0,       305,  120,   20,  101,2,                ,0000000,2, 1,         0,    0,0000000000000000000000000000000000000000,0000000000000000000000010000000000000000,         0,         0,         0,         0,1, 0, 0, 0,A800                          ,   35,       271,1,20181207 18:42:11,                              , 9999, 9999, 9999, 9999,32767,     0,     0
 ED5.2,------------------------------,******************************,                    ,**********,                ,  101,                    ,******************************, 4,2,20181207 18:50:29,    0,         0,        52,  120,   20,  101,2,                ,0000000,3, 0,         0,    0,0000000000000000000000000000000000000000,0000000000000000000000010000000000000000,         0,         0,         0,         0,1, 0, 0, 0,------------------------------,   50,         2,1,20181207 18:49:37,******************************, 9999, 9999, 9999, 9999,32767,     0,     0
 ED5.2,3178807620                    ,1351                          ,LILIANA BARRERA     ,1949      ,                ,  101,                    ,                              , 0,1,20181207 18:51:03,    0,         0,       414,  377,   21,  101,2,                ,0010000,0, 0,         0,    0,0000000000000000000000000000000000000000,0000000000000000000000010000000000001000,         0,         0,         0,         0,1, 0, 0, 0,033178807620                  ,    0,         0,0,20181207 18:44:09,1351                          , 9999, 9999, 9999,  101,32767,     0,     0
 ED5.2,2123505                       ,1591                          ,GISELA ALVAREZ      ,1952      ,                ,  101,                    ,                              , 4,2,20181207 18:51:10,    0,         0,        36,  120,   20,  101,2,                ,0000000,3, 0,         0,    0,0000000000000000000000000000000000000000,0000000000000000000000010000000000000000,         0,         0,         0,         0,1, 0, 0, 0,A800                          ,   37,         0,1,20181207 18:50:34,                              , 9999, 9999, 9999, 9999,32767,     0,     0
 ED5.2,2123505                       ,1493                          ,LIBRE LIBRE         ,1634      ,                ,  101,                    ,                              , 4,2,20181207 18:51:50,    0,         0,        36,  120,   20,  101,2,                ,0000000,3, 0,         0,    0,0000000000000000000000000000000000000000,0000000000000000000000010000000000000000,         0,         0,         0,         0,1, 0, 0, 0,A800                          ,   37,         0,1,20181207 18:51:14,                              , 9999, 9999, 9999, 9999,32767,     0,     0
 ED5.2,2123505                       ,1427                          ,CINDY YERALD GAR    ,1638      ,                ,  101,                    ,                              , 4,2,20181207 18:52:29,    0,         0,        36,  120,   20,  101,2,                ,0000000,3, 0,         0,    0,0000000000000000000000000000000000000000,0000000000000000000000010000000000000000,         0,         0,         0,         0,1, 0, 0, 0,A800                          ,   36,         0,1,20181207 18:51:53,                              , 9999, 9999, 9999, 9999,32767,     0,     0
 ED5.2,4719724                       ,1228                          ,COORD PROCES ADI    ,1949      ,                ,  101,                    ,                              , 0,2,20181207 18:55:32,    0,         0,         0,10865,   82,  101,2,                ,0010000,2, 1,         0,    0,1000000000000000000000000000000000000000,0000000000000000000000010000000000001000,         0,         0,         0,         0,1, 0, 0, 0,4719724                       ,    0,         0,0,20181207 18:55:32,1228                          , 9999, 9999, 9999,  101,32767,     0,     0
 ED5.2,7502000                       ,1340                          ,RECEPCION MORATO    ,1635      ,                ,  101,                    ,                              , 4,2,20181207 18:57:47,    0,         0,       214,  120,   20,  101,2,                ,0000000,3, 0,         0,    0,0000000000000000000000000000000000000000,0000000000000000000000010000000000000000,         0,         0,         0,         0,1, 0, 0, 0,A800                          ,  198,        16,1,20181207 18:54:13,                              , 9999, 9999, 9999, 9999,32767,     0,     0
 ED5.2,6604869                       ,3243                          ,FERMIN ORDONEZ      ,1949      ,                ,  101,                    ,                              , 0,2,20181207 18:58:19,    0,         0,       179,10002,   11,  101,2,                ,0010000,2, 1,         0,    0,1000000000000000000000000000000000000000,0000000000000000000000010000000000001000,         0,         0,         0,         0,1, 0, 0, 0,6604869                       ,    0,         0,0,20181207 18:55:20,3243                          , 9999, 9999, 9999,  101,32767,     0,     0
 ED5.2,7214248                       ,3327                          ,ASISTENTE OPERAT    ,1949      ,                ,  101,                    ,                              , 0,2,20181207 18:59:26,    0,         0,         0,10865,   82,  101,2,                ,0010000,2, 1,         0,    0,1000000000000000000000000000000000000000,0000000000000000000000010000000000001000,         0,         0,         0,         0,1, 0, 0, 0,7214248                       ,    0,         0,0,20181207 18:59:26,3327                          , 9999, 9999, 9999,  101,32767,     0,     0
 ED5.2,4444321                       ,4081                          ,JOHANA ANDRE MOL    ,2952      ,                ,  101,                    ,                              , 0,2,20181207 19:00:00,    0,         0,       102,10445,   15,  101,2,                ,0010000,2, 1,         0,    0,1000000000000000000000000000000000000000,0000000000000000000000010000000000001000,         0,         0,         0,         0,1, 0, 0, 0,4444321                       ,    0,         0,0,20181207 18:58:18,4081                          , 9999, 9999, 9999,  101,32767,     0,     0
