 ED5.2,3205056833                    ,4025                          ,MELISSA CANO MON    ,2952      ,                ,  101,                    ,                              , 0,2,20181123 19:11:22,    0,         0,       293, 2299,   66,  101,2,                ,0010000,2, 1,         0,    0,1000000000000000000000000000000000000000,0000000000000000000000010000000000001000,         0,         0,         0,         0,1, 0, 0, 0,033205056833                  ,    0,         0,0,20181123 19:06:29,4025                          , 9999, 9999, 9999,  101,32767,     0,     0
 ED5.2,7420771                       ,4811                          ,                    ,          ,                ,  101,                    ,                              , 7,2,20181123 19:12:24,    0,         0,     40046, 2819,   82,  101,2,                ,0010000,2, 1,         0,    0,1000000000000000000000000000000000000000,0000000000000000000000010000000000001000,         0,         0,         0,         0,1, 0, 0, 0,7420771                       ,    0,         0,0,20181123 08:04:58,                              , 9999, 9999, 9999, 9999,32767,     0,     0
 ED5.2,663219549884                  ,FS082                         ,SIPsalida           ,          ,                ,  101,                    ,                              , 4,2,20181123 19:14:06,    0,         0,         4, 2815,   82,  101,2,                ,0000000,2, 0,         0,    0,0000000000000000000000000000000000000000,0000000000000000000000010000000000000000,         0,         0,         0,         0,1, 0, 0, 0,A500                          ,    4,         0,0,20181123 19:14:02,                              , 9999, 9999, 9999, 9999,32767,     0,     0
 ED5.2,------------------------------,******************************,                    ,**********,                ,  101,                    ,******************************, 4,2,20181123 19:16:39,    0,         0,        28,  293,   62,  101,2,                ,0000000,3, 0,         0,    0,0000000000000000000000000000000000000000,0000000000000000000000010000000000000000,         0,         0,         0,         0,1, 0, 0, 0,------------------------------,   24,         4,1,20181123 19:16:11,******************************, 9999, 9999, 9999, 9999,32767,     0,     0
 ED5.2,7427850                       ,1368                          ,CAJA 6              ,1949      ,                ,  101,                    ,                              , 4,2,20181123 19:16:53,    0,         0,        46,  120,   20,  101,2,                ,0000000,3, 0,         0,    0,0000000000000000000000000000000000000000,0000000000000000000000010000000000000000,         0,         0,         0,         0,1, 0, 0, 0,A800                          ,   46,         0,0,20181123 19:16:07,                              , 9999, 9999, 9999, 9999,32767,     0,     0
 ED5.2,3208995198                    ,1456                          ,NILSON FERNA NIN    ,1952      ,                ,  101,                    ,                              , 0,1,20181123 19:16:59,    0,         0,        35,  377,   21,  101,2,                ,0010000,0, 0,         0,    0,0000000000000000000000000000000000000000,0000000000000000000000010000000000001000,         0,         0,         0,         0,1, 0, 0, 0,033208995198                  ,    0,         0,0,20181123 19:16:24,1456                          , 9999, 9999, 9999,  101,32767,     0,     0
 ED5.2,3208995198                    ,1456                          ,NILSON FERNA NIN    ,1952      ,                ,  101,                    ,                              , 0,1,20181123 19:17:42,    0,         0,        31,  378,   21,  101,2,                ,0010000,0, 0,         0,    0,0000000000000000000000000000000000000000,0000000000000000000000010000000000001000,         0,         0,         0,         0,1, 0, 0, 0,033208995198                  ,    0,         0,0,20181123 19:17:11,1456                          , 9999, 9999, 9999,  101,32767,     0,     0
 ED5.2,663133904899                  ,FS020                         ,ETB                 ,          ,                ,  101,                    ,                              , 4,2,20181123 19:18:10,    0,         0,         7,  120,   20,  101,2,                ,0000000,3, 0,         0,    0,0000000000000000000000000000000000000000,0000000000000000000000010000000000000000,         0,         0,         0,         0,1, 0, 0, 0,A800                          ,    8,         0,0,20181123 19:18:03,                              , 9999, 9999, 9999, 9999,32767,     0,     0
 ED5.2,6398080                       ,1736                          ,RECEPCION 2 MORA    ,1635      ,                ,  101,                    ,                              , 4,2,20181123 19:25:23,    0,         0,        68,  120,   20,  101,2,                ,0000000,2, 0,         0,    0,0000000000000000000000000000000000000000,0000000000000000000000010000000000000000,         0,         0,         0,         0,1, 0, 0, 0,A800                          ,   69,         0,1,20181123 19:24:15,                              , 9999, 9999, 9999, 9999,32767,     0,     0
 ED5.2,B2580583                      ,FS200                         ,SIP MED VL          ,          ,                ,  101,                    ,                              ,13,0,20181123 19:26:29,    0,         0,         7, 3187,  200,  101,2,                ,0000000,2, 1,         0,    0,0000000000000000000000000000000000000000,0000000000000000000000010000000000000000,         0,         0,         0,         0,1, 0, 0, 0,7764                          ,    8,         0,0,20181123 19:26:22,                              , 9999, 9999, 9999, 9999,32767,     0,     0
 ED5.2,7420719                       ,FS020                         ,ETB                 ,          ,                ,  101,                    ,                              , 4,2,20181123 19:30:23,    0,         0,        33,  120,   20,  101,2,                ,0000000,3, 0,         0,    0,0000000000000000000000000000000000000000,0000000000000000000000010000000000000000,         0,         0,         0,         0,1, 0, 0, 0,A800                          ,   33,         0,0,20181123 19:29:50,                              , 9999, 9999, 9999, 9999,32767,     0,     0
 ED5.2,1534                          ,1736                          ,                    ,1635      ,                ,  101,                    ,                              ,14,0,20181123 19:31:40,    0,         0,         9,65535,65535, 9999,2,                ,0000000,0, 0,         0,    0,0000000000000000000000000000000000000000,0000000000000000000000000000000000000000,         0,         0,         0,         0,1, 0, 0, 0,1534                          ,    0,         9,0,20181123 19:31:31,1736                          ,  101, 9999,  101,  101,    0,     0,     0
 ED5.2,663157931068                  ,FS020                         ,ETB                 ,          ,                ,  101,                    ,                              , 4,2,20181123 19:35:44,    0,         0,         5,  120,   20,  101,2,                ,0000000,2, 1,         0,    0,0000000000000000000000000000000000000000,0000000000000000000000010000000000000000,         0,         0,         0,         0,1, 0, 0, 0,A800                          ,    6,         0,0,20181123 19:35:39,                              , 9999, 9999, 9999, 9999,32767,     0,     0
 ED5.2,3006715717                    ,5204                          ,IRINA PAOLA INSI    ,7952      ,                ,  101,                    ,                              , 0,1,20181123 19:44:29,    0,         0,        49,  377,   21,  101,2,                ,0010000,0, 0,         0,    0,0000000000000000000000000000000000000000,0000000000000000000000010000000000001000,         0,         0,         0,         0,1, 0, 0, 0,033006715717                  ,    0,         0,0,20181123 19:43:40,5204                          , 9999, 9999, 9999,  101,32767,     0,     0
 ED5.2,6059898                       ,FS020                         ,ETB                 ,          ,                ,  101,                    ,                              , 4,2,20181123 19:58:45,    0,         0,         4,  120,   20,  101,2,                ,0000000,2, 0,         0,    0,0000000000000000000000000000000000000000,0000000000000000000000010000000000000000,         0,         0,         0,         0,1, 0, 0, 0,A800                          ,    4,         0,0,20181123 19:58:41,                              , 9999, 9999, 9999, 9999,32767,     0,     0
 ED5.2,3006715717                    ,5204                          ,IRINA PAOLA INSI    ,7952      ,                ,  101,                    ,                              , 0,1,20181123 20:01:50,    0,         0,        17,  378,   21,  101,2,                ,0010000,0, 0,         0,    0,0000000000000000000000000000000000000000,0000000000000000000000010000000000001000,         0,         0,         0,         0,1, 0, 0, 0,033006715717                  ,    0,         0,0,20181123 20:01:33,5204                          , 9999, 9999, 9999,  101,32767,     0,     0
