 ED5.2,1387                          ,1318                          ,                    ,1557      ,                ,  101,                    ,                              ,14,0,20190113 13:13:28,    0,         0,         0,65535,65535, 9999,2,                ,0000000,0, 0,         0,    0,0000000000000000000000000000000000000000,0000000000000000000000000000000000000000,         0,         0,         0,         0,1, 0, 0, 0,1387                          ,    0,         0,0,20190113 13:13:28,1318                          ,  101, 9999,  101,  101,    0,     0,     0
 ED5.2,5254563                       ,1532                          ,ESTEPHANIA CARO     ,1632      ,                ,  101,                    ,                              , 0,2,20190113 13:14:13,    0,         0,         0,10001,   11,  101,2,                ,0010000,2, 1,         0,    0,1000000000000000000000000000000000000000,0000000000000000000000010000000000001000,         0,         0,         0,         0,1, 0, 0, 0,5254563                       ,    0,         0,0,20190113 13:14:13,1532                          , 9999, 9999, 9999,  101,32767,     0,     0
 ED5.2,663134978478                  ,4010                          ,ELIZABETH PA GAR    ,2843      ,                ,  101,                    ,                              , 4,2,20190113 13:16:04,    0,         0,        72,10445,   15,  101,2,                ,0000000,2, 0,         0,    0,0000000000000000000000000000000000000000,0000000000000000000000010000000000000000,         0,         0,         0,         0,1, 0, 0, 0,A800                          ,   72,         0,1,20190113 13:14:52,                              , 9999, 9999, 9999, 9999,32767,     0,     0
 ED5.2,5254563                       ,1532                          ,ESTEPHANIA CARO     ,1632      ,                ,  101,                    ,                              , 0,2,20190113 13:18:24,    0,         0,       187,10001,   11,  101,2,                ,0010000,2, 1,         0,    0,1000000000000000000000000000000000000000,0000000000000000000000010000000000001000,         0,         0,         0,         0,1, 0, 0, 0,5254563                       ,    0,         0,0,20190113 13:15:17,1532                          , 9999, 9999, 9999,  101,32767,     0,     0
 ED5.2,8067648                       ,1444                          ,SANDRA YAMIL BAL    ,1632      ,                ,  101,                    ,                              , 0,2,20190113 13:25:46,    0,         0,         0,10002,   11,  101,2,                ,0010000,2, 1,         0,    0,1000000000000000000000000000000000000000,0000000000000000000000010000000000001000,         0,         0,         0,         0,1, 0, 0, 0,8067648                       ,    0,         0,0,20190113 13:25:46,1444                          , 9999, 9999, 9999,  101,32767,     0,     0
 ED5.2,5254563                       ,1532                          ,ESTEPHANIA CARO     ,1632      ,                ,  101,                    ,                              , 0,2,20190113 13:29:06,    0,         0,       296,10001,   11,  101,2,                ,0010000,2, 1,         0,    0,1000000000000000000000000000000000000000,0000000000000000000000010000000000001000,         0,         0,         0,         0,1, 0, 0, 0,5254563                       ,    0,         0,0,20190113 13:24:10,1532                          , 9999, 9999, 9999,  101,32767,     0,     0
 ED5.2,6604869                       ,1176                          ,SINDY MARCEL NAR    ,1632      ,                ,  101,                    ,                              , 0,2,20190113 13:31:33,    0,         0,        26,10001,   11,  101,2,                ,0010000,2, 1,         0,    0,1000000000000000000000000000000000000000,0000000000000000000000010000000000001000,         0,         0,         0,         0,1, 0, 0, 0,6604869                       ,    0,         0,0,20190113 13:31:07,1176                          , 9999, 9999, 9999,  101,32767,     0,     0
 ED5.2,1439                          ,1442                          ,                    ,1632      ,                ,  101,                    ,                              ,14,0,20190113 13:57:19,    0,         0,        77,65535,65535, 9999,2,                ,0000000,0, 0,         0,    0,0000000000000000000000000000000000000000,0000000000000000000000000000000000000000,         0,         0,         0,         0,1, 0, 0, 0,1439                          ,    0,        77,0,20190113 13:56:02,1442                          ,  101, 9999,  101,  101,    0,     0,     0
 ED5.2,1441                          ,1736                          ,                    ,1635      ,                ,  101,                    ,                              ,14,0,20190113 13:59:11,    0,         0,         0,65535,65535, 9999,2,                ,0000000,0, 0,         0,    0,0000000000000000000000000000000000000000,0000000000000000000000000000000000000000,         0,         0,         0,         0,1, 0, 0, 0,1441                          ,    0,         0,0,20190113 13:59:11,1736                          ,  101, 9999,  101,  101,    0,     0,     0
 ED5.2,1440                          ,1736                          ,                    ,1635      ,                ,  101,                    ,                              ,14,0,20190113 13:59:14,    0,         0,         0,65535,65535, 9999,2,                ,0000000,0, 0,         0,    0,0000000000000000000000000000000000000000,0000000000000000000000000000000000000000,         0,         0,         0,         0,1, 0, 0, 0,1441                          ,    0,         0,1,20190113 13:59:14,1736                          ,  101, 9999,  101,  101,    0,     0,     0
 ED5.2,1176                          ,1736                          ,                    ,1635      ,                ,  101,                    ,                              ,14,0,20190113 14:01:23,    0,         0,         9,65535,65535, 9999,2,                ,0000000,0, 0,         0,    0,0000000000000000000000000000000000000000,0000000000000000000000000000000000000000,         0,         0,         0,         0,1, 0, 0, 0,1176                          ,    0,         9,0,20190113 14:01:14,1736                          ,  101, 9999,  101,  101,    0,     0,     0
