 ED5.2,4435373                       ,2042                          ,ERIKA ANDREA TRU    ,4425      ,                ,  101,                    ,                              , 0,2,20181206 06:39:17,    0,         0,        16,  322,   65,  101,2,                ,0010000,2, 1,         0,    0,1000000000000000000000000000000000000000,0000000000000000000000010000000000001000,         0,         0,         0,         0,1, 0, 0, 0,4435373                       ,    0,         0,0,20181206 06:39:01,2042                          , 9999, 9999, 9999,  101,32767,     0,     0
 ED5.2,5605030                       ,1513                          ,LUISA SORAYA ACE    ,1945      ,                ,  101,                    ,                              , 0,2,20181206 06:41:30,    0,         0,         1,10445,   15,  101,2,                ,0010000,2, 1,         0,    0,1000000000000000000000000000000000000000,0000000000000000000000010000000000001000,         0,         0,         0,         0,1, 0, 0, 0,0945605030                    ,    0,         0,0,20181206 06:41:29,1513                          , 9999, 9999, 9999,  101,32767,     0,     0
 ED5.2,B45402000                     ,FS200                         ,SIP MED VL          ,          ,                ,  101,                    ,                              ,13,0,20181206 06:41:30,    0,         0,         2,11237,  200,  101,2,                ,0000000,2, 1,         0,    0,0000000000000000000000000000000000000000,0000000000000000000000010000000000000000,         0,         0,         0,         0,1, 0, 0, 0,7764                          ,    2,         0,0,20181206 06:41:28,                              , 9999, 9999, 9999, 9999,32767,     0,     0
 ED5.2,6447700                       ,1513                          ,LUISA SORAYA ACE    ,1945      ,                ,  101,                    ,                              , 0,2,20181206 06:41:36,    0,         0,         1,10002,   11,  101,2,                ,0010000,2, 1,         0,    0,1000000000000000000000000000000000000000,0000000000000000000000010000000000001000,         0,         0,         0,         0,1, 0, 0, 0,6447700                       ,    0,         0,0,20181206 06:41:35,1513                          , 9999, 9999, 9999,  101,32767,     0,     0
 ED5.2,7428092                       ,FS020                         ,ETB                 ,          ,                ,  101,                    ,                              , 4,2,20181206 06:41:36,    0,         0,         1,  120,   20,  101,2,                ,0000000,3, 0,         0,    0,0000000000000000000000000000000000000000,0000000000000000000000010000000000000000,         0,         0,         0,         0,1, 0, 0, 0,A800                          ,    2,         0,0,20181206 06:41:35,                              , 9999, 9999, 9999, 9999,32767,     0,     0
 ED5.2,6462424                       ,1513                          ,LUISA SORAYA ACE    ,1945      ,                ,  101,                    ,                              , 0,2,20181206 06:41:41,    0,         0,         2,10002,   11,  101,2,                ,0010000,2, 1,         0,    0,1000000000000000000000000000000000000000,0000000000000000000000010000000000001000,         0,         0,         0,         0,1, 0, 0, 0,6462424                       ,    0,         0,0,20181206 06:41:39,1513                          , 9999, 9999, 9999,  101,32767,     0,     0
 ED5.2,7428092                       ,FS082                         ,SIPsalida           ,          ,                ,  101,                    ,                              , 4,2,20181206 06:41:41,    0,         0,         2,10865,   82,  101,2,                ,0000000,2, 0,         0,    0,0000000000000000000000000000000000000000,0000000000000000000000010000000000000000,         0,         0,         0,         0,1, 0, 0, 0,A500                          ,    3,         0,0,20181206 06:41:39,                              , 9999, 9999, 9999, 9999,32767,     0,     0
 ED5.2,5240659                       ,1513                          ,LUISA SORAYA ACE    ,1945      ,                ,  101,                    ,                              , 0,2,20181206 06:41:47,    0,         0,         1,  323,   65,  101,2,                ,0010000,2, 1,         0,    0,1000000000000000000000000000000000000000,0000000000000000000000010000000000001000,         0,         0,         0,         0,1, 0, 0, 0,0925240659                    ,    0,         0,0,20181206 06:41:46,1513                          , 9999, 9999, 9999,  101,32767,     0,     0
 ED5.2,0726440300                    ,FS065                         ,Fidu-Cali           ,          ,                ,  101,                    ,                              , 4,2,20181206 06:41:47,    0,         0,         2,  324,   65,  101,2,                ,0000000,3, 0,         0,    0,0000000000000000000000000000000000000000,0000000000000000000000010000000000000000,         0,         0,         0,         0,1, 0, 0, 0,A600                          ,    2,         0,0,20181206 06:41:45,                              , 9999, 9999, 9999, 9999,32767,     0,     0
 ED5.2,5402000                       ,1513                          ,LUISA SORAYA ACE    ,1945      ,                ,  101,                    ,                              , 0,2,20181206 06:41:48,    0,         0,         0,10445,   15,  101,2,                ,0010000,2, 1,         0,    0,1000000000000000000000000000000000000000,0000000000000000000000010000000000001000,         0,         0,         0,         0,1, 0, 0, 0,0945402000                    ,    0,         0,0,20181206 06:41:48,1513                          , 9999, 9999, 9999,  101,32767,     0,     0
 ED5.2,0945402000                    ,1513                          ,LUISA SORAYA ACE    ,1945      ,                ,  101,                    ,                              , 0,2,20181206 06:41:51,    0,         0,         0,10002,   11,  101,2,                ,0010000,2, 1,         0,    0,1000000000000000000000000000000000000000,0000000000000000000000010000000000001000,         0,         0,         0,         0,1, 0, 0, 0,0945402000                    ,    0,         0,0,20181206 06:41:51,1513                          , 9999, 9999, 9999,  101,32767,     0,     0
 ED5.2,B45402000                     ,FS200                         ,SIP MED VL          ,          ,                ,  101,                    ,                              ,13,0,20181206 06:41:54,    0,         0,         1,11237,  200,  101,2,                ,0000000,2, 1,         0,    0,0000000000000000000000000000000000000000,0000000000000000000000010000000000000000,         0,         0,         0,         0,1, 0, 0, 0,7764                          ,    2,         0,0,20181206 06:41:53,                              , 9999, 9999, 9999, 9999,32767,     0,     0
 ED5.2,3265070                       ,1513                          ,LUISA SORAYA ACE    ,1945      ,                ,  101,                    ,                              , 0,2,20181206 06:41:54,    0,         0,         1,10445,   15,  101,2,                ,0010000,2, 1,         0,    0,1000000000000000000000000000000000000000,0000000000000000000000010000000000001000,         0,         0,         0,         0,1, 0, 0, 0,0943265070                    ,    0,         0,0,20181206 06:41:53,1513                          , 9999, 9999, 9999,  101,32767,     0,     0
 ED5.2,6447730                       ,1513                          ,LUISA SORAYA ACE    ,1945      ,                ,  101,                    ,                              , 0,2,20181206 06:41:58,    0,         0,         1,10002,   11,  101,2,                ,0010000,2, 1,         0,    0,1000000000000000000000000000000000000000,0000000000000000000000010000000000001000,         0,         0,         0,         0,1, 0, 0, 0,6447730                       ,    0,         0,0,20181206 06:41:57,1513                          , 9999, 9999, 9999,  101,32767,     0,     0
 ED5.2,7428092                       ,FS082                         ,SIPsalida           ,          ,                ,  101,                    ,                              , 4,2,20181206 06:41:58,    0,         0,         2,10865,   82,  101,2,                ,0000000,2, 0,         0,    0,0000000000000000000000000000000000000000,0000000000000000000000010000000000000000,         0,         0,         0,         0,1, 0, 0, 0,A500                          ,    2,         0,0,20181206 06:41:56,                              , 9999, 9999, 9999, 9999,32767,     0,     0
 ED5.2,5248100                       ,1513                          ,LUISA SORAYA ACE    ,1945      ,                ,  101,                    ,                              , 0,2,20181206 06:42:03,    0,         0,         1,  325,   65,  101,2,                ,0010000,2, 1,         0,    0,1000000000000000000000000000000000000000,0000000000000000000000010000000000001000,         0,         0,         0,         0,1, 0, 0, 0,0925248100                    ,    0,         0,0,20181206 06:42:02,1513                          , 9999, 9999, 9999,  101,32767,     0,     0
 ED5.2,0726440300                    ,FS062                         ,CALI                ,          ,                ,  101,                    ,                              , 4,2,20181206 06:42:03,    0,         0,         2,  273,   62,  101,2,                ,0000000,3, 0,         0,    0,0000000000000000000000000000000000000000,0000000000000000000000010000000000000000,         0,         0,         0,         0,1, 0, 0, 0,A400                          ,    2,         0,0,20181206 06:42:01,                              , 9999, 9999, 9999, 9999,32767,     0,     0
 ED5.2,6080134                       ,1513                          ,LUISA SORAYA ACE    ,1945      ,                ,  101,                    ,                              , 0,2,20181206 06:42:06,    0,         0,         1,  326,   65,  101,2,                ,0010000,2, 1,         0,    0,1000000000000000000000000000000000000000,0000000000000000000000010000000000001000,         0,         0,         0,         0,1, 0, 0, 0,0926080134                    ,    0,         0,0,20181206 06:42:05,1513                          , 9999, 9999, 9999,  101,32767,     0,     0
 ED5.2,0726440300                    ,FS062                         ,CALI                ,          ,                ,  101,                    ,                              , 4,2,20181206 06:42:06,    0,         0,         1,  274,   62,  101,2,                ,0000000,2, 1,         0,    0,0000000000000000000000000000000000000000,0000000000000000000000010000000000000000,         0,         0,         0,         0,1, 0, 0, 0,A400                          ,    1,         0,0,20181206 06:42:05,                              , 9999, 9999, 9999, 9999,32767,     0,     0
 ED5.2,8856125                       ,1513                          ,LUISA SORAYA ACE    ,1945      ,                ,  101,                    ,                              , 0,1,20181206 06:42:16,    0,         0,         0,  410,   84,  101,2,                ,0010000,0, 0,         0,    0,0000000000000000000000000000000000000000,0000000000000000000000010000000000001000,         0,         0,         0,         0,1, 0, 0, 0,0968856125                    ,    0,         0,0,20181206 06:42:16,1513                          , 9999, 9999, 9999,  101,32767,     0,     0
 ED5.2,                              ,FS084                         ,valoremani          ,          ,                ,  101,                    ,                              , 4,1,20181206 06:42:21,    0,         0,        10,  409,   84,  101,2,                ,0000000,0, 0,         0,    0,0000000000000000000000000000000000000000,0000000000000000000000010000000000000000,         0,         0,         0,         0,1, 0, 0, 0,                              ,   10,         0,1,20181206 06:42:11,                              , 9999, 9999, 9999, 9999,32767,     0,     0
 ED5.2,3852525                       ,1513                          ,LUISA SORAYA ACE    ,1945      ,                ,  101,                    ,                              , 0,1,20181206 06:42:25,    0,         0,         0,  432,   91,  101,2,                ,0010000,0, 0,         0,    0,0000000000000000000000000000000000000000,0000000000000000000000010000000000001000,         0,         0,         0,         0,1, 0, 0, 0,0953852525                    ,    0,         0,0,20181206 06:42:25,1513                          , 9999, 9999, 9999,  101,32767,     0,     0
 ED5.2,53686977                      ,FS082                         ,SIPsalida           ,          ,                ,  101,                    ,                              , 4,2,20181206 06:42:26,    0,         0,         3,10865,   82,  101,2,                ,0000000,2, 0,         0,    0,0000000000000000000000000000000000000000,0000000000000000000000010000000000000000,         0,         0,         0,         0,1, 0, 0, 0,A900                          ,    4,         0,0,20181206 06:42:23,                              , 9999, 9999, 9999, 9999,32767,     0,     0
 ED5.2,6431096                       ,1513                          ,LUISA SORAYA ACE    ,1945      ,                ,  101,                    ,                              , 0,1,20181206 06:42:35,    0,         0,         0,   90,   81,  101,2,                ,0010000,0, 0,         0,    0,0000000000000000000000000000000000000000,0000000000000000000000010000000000001000,         0,         0,         0,         0,1, 0, 0, 0,0956431096                    ,    0,         0,0,20181206 06:42:35,1513                          , 9999, 9999, 9999,  101,32767,     0,     0
 ED5.2,8852488                       ,1513                          ,LUISA SORAYA ACE    ,1945      ,                ,  101,                    ,                              , 0,1,20181206 06:42:43,    0,         0,         0,   92,   84,  101,2,                ,0010000,0, 0,         0,    0,0000000000000000000000000000000000000000,0000000000000000000000010000000000001000,         0,         0,         0,         0,1, 0, 0, 0,0968852488                    ,    0,         0,0,20181206 06:42:43,1513                          , 9999, 9999, 9999,  101,32767,     0,     0
 ED5.2,                              ,FS083                         ,fidumaniza          ,          ,                ,  101,                    ,                              , 4,1,20181206 06:42:47,    0,         0,         7,  412,   83,  101,2,                ,0000000,0, 0,         0,    0,0000000000000000000000000000000000000000,0000000000000000000000010000000000000000,         0,         0,         0,         0,1, 0, 0, 0,                              ,    7,         0,1,20181206 06:42:40,                              , 9999, 9999, 9999, 9999,32767,     0,     0
 ED5.2,3681289                       ,1513                          ,LUISA SORAYA ACE    ,1945      ,                ,  101,                    ,                              , 0,1,20181206 06:42:50,    0,         0,         0,   94,   91,  101,2,                ,0010000,0, 0,         0,    0,0000000000000000000000000000000000000000,0000000000000000000000010000000000001000,         0,         0,         0,         0,1, 0, 0, 0,0953681289                    ,    0,         0,0,20181206 06:42:50,1513                          , 9999, 9999, 9999,  101,32767,     0,     0
 ED5.2,6576458                       ,1513                          ,LUISA SORAYA ACE    ,1945      ,                ,  101,                    ,                              , 0,1,20181206 06:42:57,    0,         0,         0,  402,   80,  101,2,                ,0010000,0, 0,         0,    0,0000000000000000000000000000000000000000,0000000000000000000000010000000000001000,         0,         0,         0,         0,1, 0, 0, 0,0976576458                    ,    0,         0,0,20181206 06:42:57,1513                          , 9999, 9999, 9999,  101,32767,     0,     0
 ED5.2,                              ,FS080                         ,BUCARAMANG          ,          ,                ,  101,                    ,                              , 4,1,20181206 06:43:02,    0,         0,         7,  401,   80,  101,2,                ,0000000,0, 0,         0,    0,0000000000000000000000000000000000000000,0000000000000000000000010000000000000000,         0,         0,         0,         0,1, 0, 0, 0,                              ,    8,         0,1,20181206 06:42:55,                              , 9999, 9999, 9999, 9999,32767,     0,     0
 ED5.2,3214514                       ,1513                          ,LUISA SORAYA ACE    ,1945      ,                ,  101,                    ,                              , 0,1,20181206 06:43:04,    0,         0,         0,  416,   87,  101,2,                ,0010000,0, 0,         0,    0,0000000000000000000000000000000000000000,0000000000000000000000010000000000001000,         0,         0,         0,         0,1, 0, 0, 0,0963214514                    ,    0,         0,0,20181206 06:43:04,1513                          , 9999, 9999, 9999,  101,32767,     0,     0
 ED5.2,3160320                       ,1513                          ,LUISA SORAYA ACE    ,1945      ,                ,  101,                    ,                              , 0,1,20181206 06:43:13,    0,         0,         0,  417,   87,  101,2,                ,0010000,0, 0,         0,    0,0000000000000000000000000000000000000000,0000000000000000000000010000000000001000,         0,         0,         0,         0,1, 0, 0, 0,0963160320                    ,    0,         0,0,20181206 06:43:13,1513                          , 9999, 9999, 9999,  101,32767,     0,     0
 ED5.2,1857                          ,1736                          ,                    ,1635      ,                ,  101,                    ,                              ,14,0,20181206 06:43:26,    0,         0,         8,65535,65535, 9999,2,                ,0000000,0, 0,         0,    0,0000000000000000000000000000000000000000,0000000000000000000000000000000000000000,         0,         0,         0,         0,1, 0, 0, 0,1857                          ,    0,         8,0,20181206 06:43:18,1736                          ,  101, 9999,  101,  101,    0,     0,     0
 ED5.2,3814060                       ,FS020                         ,ETB                 ,          ,                ,  101,                    ,                              , 4,2,20181206 06:44:05,    0,         0,         3,  120,   20,  101,2,                ,0000000,2, 0,         0,    0,0000000000000000000000000000000000000000,0000000000000000000000010000000000000000,         0,         0,         0,         0,1, 0, 0, 0,A800                          ,    4,         0,0,20181206 06:44:02,                              , 9999, 9999, 9999, 9999,32767,     0,     0
 ED5.2,7500500                       ,5002                          ,5002                ,          ,                ,  101,                    ,                              , 7,2,20181206 06:45:43,    0,         0,         4,10865,   82,  101,2,                ,0010000,2, 1,         0,    0,1000000000000000000000000000000000000000,0000000000000000000000010000000000001000,         0,         0,         0,         0,1, 0, 0, 0,7500500                       ,    0,         0,0,20181206 06:45:39,                              , 9999, 9999, 9999, 9999,32767,     0,     0
 ED5.2,7500500                       ,3250                          ,ANGELA MARIA INS    ,1466      ,                ,  101,                    ,                              , 0,2,20181206 06:46:13,    0,         0,         2,10865,   82,  101,2,                ,0010000,2, 1,         0,    0,1000000000000000000000000000000000000000,0000000000000000000000010000000000001000,         0,         0,         0,         0,1, 0, 0, 0,7500500                       ,    0,         0,0,20181206 06:46:11,3250                          , 9999, 9999, 9999,  101,32767,     0,     0
 ED5.2,3013311300                    ,3601                          ,RECEPCION BA VAL    ,3675      ,                ,  101,                    ,                              , 0,2,20181206 06:51:00,    0,         0,         0,10349,   66,  101,2,                ,0010000,2, 1,         0,    0,1000000000000000000000000000000000000000,0000000000000000000000010000000000001000,         0,         0,         0,         0,1, 0, 0, 0,033013311300                  ,    0,         0,0,20181206 06:51:00,3601                          , 9999, 9999, 9999,  101,32767,     0,     0
 ED5.2,3013311300                    ,3601                          ,RECEPCION BA VAL    ,3675      ,                ,  101,                    ,                              , 0,2,20181206 06:51:45,    0,         0,         0,10349,   66,  101,2,                ,0010000,2, 1,         0,    0,1000000000000000000000000000000000000000,0000000000000000000000010000000000001000,         0,         0,         0,         0,1, 0, 0, 0,033013311300                  ,    0,         0,0,20181206 06:51:45,3601                          , 9999, 9999, 9999,  101,32767,     0,     0
 ED5.2,3013311300                    ,3601                          ,RECEPCION BA VAL    ,3675      ,                ,  101,                    ,                              , 0,2,20181206 06:51:49,    0,         0,         0,10349,   66,  101,2,                ,0010000,2, 1,         0,    0,1000000000000000000000000000000000000000,0000000000000000000000010000000000001000,         0,         0,         0,         0,1, 0, 0, 0,033013311300                  ,    0,         0,0,20181206 06:51:49,3601                          , 9999, 9999, 9999,  101,32767,     0,     0
 ED5.2,4204701                       ,3524                          ,SALA CLIENTE VAL    ,4675      ,                ,  101,                    ,                              , 0,2,20181206 06:52:24,    0,         0,        18,  275,   62,  101,2,                ,0010000,2, 1,         0,    0,1000000000000000000000000000000000000000,0000000000000000000000010000000000001000,         0,         0,         0,         0,1, 0, 0, 0,4204701                       ,    0,         0,0,20181206 06:52:06,3524                          , 9999, 9999, 9999,  101,32767,     0,     0
 ED5.2,88                            ,1251                          ,                    ,1945      ,                ,  101,                    ,                              ,14,0,20181206 06:56:16,    0,         0,        72,65535,65535, 9999,2,                ,0000000,0, 0,         0,    0,0000000000000000000000000000000000000000,0000000000000000000000000000000000000000,         0,         0,         0,         0,1, 0, 0, 0,88                            ,    0,        72,0,20181206 06:55:04,1251                          ,  101, 9999,  101,  101,    0,     0,     0
 ED5.2,7420719                       ,FS020                         ,ETB                 ,          ,                ,  101,                    ,                              , 4,2,20181206 07:01:33,    0,         0,        16,  121,   20,  101,2,                ,0000000,3, 0,         0,    0,0000000000000000000000000000000000000000,0000000000000000000000010000000000000000,         0,         0,         0,         0,1, 0, 0, 0,A800                          ,   16,         0,0,20181206 07:01:17,                              , 9999, 9999, 9999, 9999,32767,     0,     0
