 ED5.2,094168970                     ,3410                          ,ANA MARIA RAMIRE    ,2466      ,                ,  101,                    ,                              , 0,2,20190131 06:15:49,    0,         0,         0,11361,  201,  101,2,                ,0000000,2, 1,         0,    0,1000000000000000000000000000000000000000,0000000000000000000000010000000000001000,         0,         0,         0,         0,1, 0, 0, 0,074168970                     ,    0,         0,0,20190131 06:15:49,3410                          , 9999, 9999, 9999,  101,32767,     0,     0
 ED5.2,418970                        ,3420                          ,ANA MARIA RAMIRE    ,1318      ,                ,  101,                    ,                              , 0,2,20190131 06:17:18,    0,         0,         0,11361,  201,  101,2,                ,0000000,2, 1,         0,    0,1000000000000000000000000000000000000000,0000000000000000000000010000000000001000,         0,         0,         0,         0,1, 0, 0, 0,418970                        ,    0,         0,0,20190131 06:17:18,3420                          , 9999, 9999, 9999,  101,32767,     0,     0
 ED5.2,4168970                       ,3420                          ,ANA MARIA RAMIRE    ,1318      ,                ,  101,                    ,                              , 0,2,20190131 06:18:20,    0,         0,        45,11361,  201,  101,2,                ,0000000,2, 1,         0,    0,1000000000000000000000000000000000000000,0000000000000000000000010000000000001000,         0,         0,         0,         0,1, 0, 0, 0,4168970                       ,    0,         0,0,20190131 06:17:35,3420                          , 9999, 9999, 9999,  101,32767,     0,     0
 ED5.2,3118084464                    ,1389                          ,FABIAN ALEXA BER    ,1952      ,                ,  101,                    ,                              , 0,2,20190131 06:26:20,    0,         0,        45,10349,   66,  101,2,                ,0010000,2, 1,         0,    0,1000000000000000000000000000000000000000,0000000000000000000000010000000000001000,         0,         0,         0,         0,1, 0, 0, 0,033118084464                  ,    0,         0,0,20190131 06:25:35,1389                          , 9999, 9999, 9999,  101,32767,     0,     0
 ED5.2,3716615                       ,1084                          ,EVELYN LOREN URU    ,1638      ,                ,  101,                    ,                              , 0,2,20190131 06:28:58,    0,         0,         0,10001,   11,  101,2,                ,0010000,2, 1,         0,    0,1000000000000000000000000000000000000000,0000000000000000000000010000000000001000,         0,         0,         0,         0,1, 0, 0, 0,3716615                       ,    0,         0,0,20190131 06:28:58,1084                          , 9999, 9999, 9999,  101,32767,     0,     0
 ED5.2,5337578                       ,1736                          ,RECEPCION 2 MORA    ,1635      ,                ,  101,                    ,                              , 0,2,20190131 06:46:37,    0,         0,        32,10866,   82,  101,2,                ,0010000,2, 1,         0,    0,1000000000000000000000000000000000000000,0000000000000000000000010000000000001000,         0,         0,         0,         0,1, 0, 0, 0,5337578                       ,    0,         0,0,20190131 06:46:05,1736                          , 9999, 9999, 9999,  101,32767,     0,     0
 ED5.2,7500500                       ,3191                          ,ANDRES CUARTAS      ,1089      ,                ,  101,                    ,                              , 0,2,20190131 06:46:39,    0,         0,         3,10868,   82,  101,2,                ,0010000,2, 1,         0,    0,1000000000000000000000000000000000000000,0000000000000000000000010000000000001000,         0,         0,         0,         0,1, 0, 0, 0,7500500                       ,    0,         0,0,20190131 06:46:36,3191                          , 9999, 9999, 9999,  101,32767,     0,     0
 ED5.2,4435373                       ,2042                          ,ERIKA ANDREA TRU    ,4425      ,                ,  101,                    ,                              , 0,2,20190131 06:47:10,    0,         0,        22,  319,   65,  101,2,                ,0010000,2, 1,         0,    0,1000000000000000000000000000000000000000,0000000000000000000000010000000000001000,         0,         0,         0,         0,1, 0, 0, 0,4435373                       ,    0,         0,0,20190131 06:46:48,2042                          , 9999, 9999, 9999,  101,32767,     0,     0
 ED5.2,7500500                       ,5001                          ,5001                ,          ,                ,  101,                    ,                              , 7,2,20190131 06:47:20,    0,         0,         7,10866,   82,  101,2,                ,0010000,2, 1,         0,    0,1000000000000000000000000000000000000000,0000000000000000000000010000000000001000,         0,         0,         0,         0,1, 0, 0, 0,7500500                       ,    0,         0,0,20190131 06:47:13,                              , 9999, 9999, 9999, 9999,32767,     0,     0
 ED5.2,3443                          ,3420                          ,                    ,1318      ,                ,  101,                    ,                              ,14,0,20190131 06:49:35,    0,         0,        35,65535,65535, 9999,2,                ,0000000,0, 0,         0,    0,0000000000000000000000000000000000000000,0000000000000000000000000000000000000000,         0,         0,         0,         0,1, 0, 0, 0,3443                          ,    0,        35,0,20190131 06:49:00,3420                          ,  101, 9999,  101,  101,    0,     0,     0
 ED5.2,0745979245                    ,3421                          ,KATERIN CORREA G    ,2466      ,                ,  101,                    ,                              , 4,2,20190131 06:56:26,    0,         0,        61,11361,  201,  101,2,                ,0000000,2, 0,         0,    0,0000000000000000000000000000000000000000,0000000000000000000000010000000000000000,         0,         0,         0,         0,1, 0, 0, 0,7764                          ,   61,         0,0,20190131 06:55:25,                              , 9999, 9999, 9999, 9999,32767,     0,     0
 ED5.2,6447700                       ,1513                          ,LUISA SORAYA ACE    ,1945      ,                ,  101,                    ,                              , 0,2,20190131 06:59:14,    0,         0,         0,10002,   11,  101,2,                ,0010000,2, 1,         0,    0,0010000000000000000000000000000000000000,0000000000000000000000010000000000001000,         0,         0,         0,         0,1, 0, 0, 0,6447700                       ,    0,         0,0,20190131 06:59:14,1513                          , 9999, 9999, 9999,  101,32767,     0,     0
 ED5.2,6447700                       ,1513                          ,LUISA SORAYA ACE    ,1945      ,                ,  101,                    ,                              , 0,2,20190131 06:59:27,    0,         0,         0,10002,   11,  101,2,                ,0010000,2, 1,         0,    0,0010000000000000000000000000000000000000,0000000000000000000000010000000000001000,         0,         0,         0,         0,1, 0, 0, 0,6447700                       ,    0,         0,0,20190131 06:59:27,1513                          , 9999, 9999, 9999,  101,32767,     0,     0
 ED5.2,6462424                       ,1513                          ,LUISA SORAYA ACE    ,1945      ,                ,  101,                    ,                              , 0,2,20190131 06:59:30,    0,         0,         0,10002,   11,  101,2,                ,0010000,2, 1,         0,    0,0010000000000000000000000000000000000000,0000000000000000000000010000000000001000,         0,         0,         0,         0,1, 0, 0, 0,6462424                       ,    0,         0,0,20190131 06:59:30,1513                          , 9999, 9999, 9999,  101,32767,     0,     0
 ED5.2,663123771409                  ,FS020                         ,ETB                 ,          ,                ,  101,                    ,                              , 4,2,20190131 06:59:31,    0,         0,         3,  120,   20,  101,2,                ,0000000,2, 1,         0,    0,0000000000000000000000000000000000000000,0000000000000000000000010000000000000000,         0,         0,         0,         0,1, 0, 0, 0,A800                          ,    3,         0,0,20190131 06:59:28,                              , 9999, 9999, 9999, 9999,32767,     0,     0
 ED5.2,5240659                       ,1513                          ,LUISA SORAYA ACE    ,1945      ,                ,  101,                    ,                              , 0,2,20190131 06:59:35,    0,         0,         1,  320,   65,  101,2,                ,0010000,2, 1,         0,    0,0010000000000000000000000000000000000000,0000000000000000000000010000000000001000,         0,         0,         0,         0,1, 0, 0, 0,0925240659                    ,    0,         0,0,20190131 06:59:34,1513                          , 9999, 9999, 9999,  101,32767,     0,     0
 ED5.2,                              ,FS065                         ,Fidu-Cali           ,          ,                ,  101,                    ,                              , 4,2,20190131 06:59:36,    0,         0,         2,  321,   65,  101,2,                ,0000000,3, 0,         0,    0,0000000000000000000000000000000000000000,0000000000000000000000010000000000000000,         0,         0,         0,         0,1, 0, 0, 0,A600                          ,    3,         0,0,20190131 06:59:34,                              , 9999, 9999, 9999, 9999,32767,     0,     0
 ED5.2,3265070                       ,1513                          ,LUISA SORAYA ACE    ,1945      ,                ,  101,                    ,                              , 0,2,20190131 06:59:44,    0,         0,         6,10445,   15,  101,2,                ,0010000,2, 1,         0,    0,0010000000000000000000000000000000000000,0000000000000000000000010000000000001000,         0,         0,         0,         0,1, 0, 0, 0,0943265070                    ,    0,         0,0,20190131 06:59:38,1513                          , 9999, 9999, 9999,  101,32767,     0,     0
 ED5.2,                              ,FS201                         ,SIP-Med Va          ,          ,                ,  101,                    ,                              , 4,2,20190131 06:59:44,    0,         0,         6,11361,  201,  101,2,                ,0000000,2, 0,         0,    0,0000000000000000000000000000000000000000,0000000000000000000000010000000000000000,         0,         0,         0,         0,1, 0, 0, 0,7764                          ,    6,         0,0,20190131 06:59:38,                              , 9999, 9999, 9999, 9999,32767,     0,     0
 ED5.2,                              ,FS201                         ,SIP-Med Va          ,          ,                ,  101,                    ,                              , 4,2,20190131 06:59:48,    0,         0,         2,11361,  201,  101,2,                ,0000000,2, 0,         0,    0,0000000000000000000000000000000000000000,0000000000000000000000010000000000000000,         0,         0,         0,         0,1, 0, 0, 0,7764                          ,    2,         0,0,20190131 06:59:46,                              , 9999, 9999, 9999, 9999,32767,     0,     0
 ED5.2,3265070                       ,1513                          ,LUISA SORAYA ACE    ,1945      ,                ,  101,                    ,                              , 0,2,20190131 06:59:48,    0,         0,         1,10445,   15,  101,2,                ,0010000,2, 1,         0,    0,0010000000000000000000000000000000000000,0000000000000000000000010000000000001000,         0,         0,         0,         0,1, 0, 0, 0,0943265070                    ,    0,         0,0,20190131 06:59:47,1513                          , 9999, 9999, 9999,  101,32767,     0,     0
 ED5.2,6447730                       ,1513                          ,LUISA SORAYA ACE    ,1945      ,                ,  101,                    ,                              , 0,2,20190131 06:59:49,    0,         0,         0,10002,   11,  101,2,                ,0010000,2, 1,         0,    0,0010000000000000000000000000000000000000,0000000000000000000000010000000000001000,         0,         0,         0,         0,1, 0, 0, 0,6447730                       ,    0,         0,0,20190131 06:59:49,1513                          , 9999, 9999, 9999,  101,32767,     0,     0
 ED5.2,663123771409                  ,FS082                         ,SIPsalida           ,          ,                ,  101,                    ,                              , 4,2,20190131 06:59:50,    0,         0,         3,10866,   82,  101,2,                ,0000000,2, 0,         0,    0,0000000000000000000000000000000000000000,0000000000000000000000010000000000000000,         0,         0,         0,         0,1, 0, 0, 0,A500                          ,    3,         0,0,20190131 06:59:47,                              , 9999, 9999, 9999, 9999,32767,     0,     0
 ED5.2,5248100                       ,1513                          ,LUISA SORAYA ACE    ,1945      ,                ,  101,                    ,                              , 0,2,20190131 06:59:58,    0,         0,         5,  322,   65,  101,2,                ,0010000,2, 1,         0,    0,0010000000000000000000000000000000000000,0000000000000000000000010000000000001000,         0,         0,         0,         0,1, 0, 0, 0,0925248100                    ,    0,         0,0,20190131 06:59:53,1513                          , 9999, 9999, 9999,  101,32767,     0,     0
 ED5.2,                              ,FS062                         ,CALI                ,          ,                ,  101,                    ,                              , 4,2,20190131 06:59:58,    0,         0,         5,  290,   62,  101,2,                ,0000000,3, 0,         0,    0,0000000000000000000000000000000000000000,0000000000000000000000010000000000000000,         0,         0,         0,         0,1, 0, 0, 0,A400                          ,    6,         0,0,20190131 06:59:53,                              , 9999, 9999, 9999, 9999,32767,     0,     0
 ED5.2,5248100                       ,1513                          ,LUISA SORAYA ACE    ,1945      ,                ,  101,                    ,                              , 0,2,20190131 07:00:04,    0,         0,         3,  323,   65,  101,2,                ,0010000,2, 1,         0,    0,0010000000000000000000000000000000000000,0000000000000000000000010000000000001000,         0,         0,         0,         0,1, 0, 0, 0,0925248100                    ,    0,         0,0,20190131 07:00:01,1513                          , 9999, 9999, 9999,  101,32767,     0,     0
