 ED5.2,1583                          ,1362                          ,                    ,1215      ,                ,  101,                    ,                              ,14,0,20181229 20:09:04,    0,         0,         0,65535,65535, 9999,2,                ,0000000,0, 0,         0,    0,0000000000000000000000000000000000000000,0000000000000000000000000000000000000000,         0,         0,         0,         0,1, 0, 0, 0,1583                          ,    0,         0,0,20181229 20:09:04,1362                          ,  101, 9999,  101,  101,    0,     0,     0
 ED5.2,1586                          ,1822                          ,                    ,1632      ,                ,  101,                    ,                              ,14,0,20181229 20:11:29,    0,         0,        18,65535,65535, 9999,2,                ,0000000,0, 0,         0,    0,0000000000000000000000000000000000000000,0000000000000000000000000000000000000000,         0,         0,         0,         0,1, 0, 0, 0,1586                          ,    0,        18,0,20181229 20:11:11,1822                          ,  101, 9999,  101,  101,    0,     0,     0
 ED5.2,6604869                       ,1822                          ,SIRLEY ANDRE ARI    ,1632      ,                ,  101,                    ,                              , 0,2,20181229 20:21:26,    0,         0,        13,10001,   11,  101,2,                ,0010000,2, 1,         0,    0,1000000000000000000000000000000000000000,0000000000000000000000010000000000001000,         0,         0,         0,         0,1, 0, 0, 0,6604869                       ,    0,         0,0,20181229 20:21:13,1822                          , 9999, 9999, 9999,  101,32767,     0,     0
 ED5.2,1024                          ,1466                          ,                    ,1638      ,                ,  101,                    ,                              ,14,0,20181229 20:21:50,    0,         0,       998,65535,65535, 9999,2,                ,0000000,0, 0,         0,    0,0000000000000000000000000000000000000000,0000000000000000000000000000000000000000,         0,         0,         0,         0,1, 0, 0, 0,1024                          ,    0,       998,0,20181229 20:05:12,1466                          ,  101, 9999,  101,  101,    0,     0,     0
 ED5.2,1515                          ,1551                          ,                    ,1215      ,                ,  101,                    ,                              ,14,0,20181229 20:24:04,    0,         0,        50,65535,65535, 9999,2,                ,0000000,0, 0,         0,    0,0000000000000000000000000000000000000000,0000000000000000000000000000000000000000,         0,         0,         0,         0,1, 0, 0, 0,1515                          ,    0,        50,0,20181229 20:23:14,1551                          ,  101, 9999,  101,  101,    0,     0,     0
 ED5.2,1210                          ,1252                          ,                    ,1215      ,                ,  101,                    ,                              ,14,0,20181229 20:25:44,    0,         0,         0,65535,65535, 9999,2,                ,0000000,0, 0,         0,    0,0000000000000000000000000000000000000000,0000000000000000000000000000000000000000,         0,         0,         0,         0,1, 0, 0, 0,1210                          ,    0,         0,0,20181229 20:25:44,1252                          ,  101, 9999,  101,  101,    0,     0,     0
 ED5.2,1437                          ,1252                          ,                    ,1215      ,                ,  101,                    ,                              ,14,0,20181229 20:26:32,    0,         0,        46,65535,65535, 9999,2,                ,0000000,0, 0,         0,    0,0000000000000000000000000000000000000000,0000000000000000000000000000000000000000,         0,         0,         0,         0,1, 0, 0, 0,1210                          ,    0,        46,1,20181229 20:25:46,1252                          ,  101, 9999,  101,  101,    0,     0,     0
 ED5.2,1024                          ,1736                          ,                    ,1635      ,                ,  101,                    ,                              ,14,0,20181229 20:27:07,    0,         0,         9,65535,65535, 9999,2,                ,0000000,0, 0,         0,    0,0000000000000000000000000000000000000000,0000000000000000000000000000000000000000,         0,         0,         0,         0,1, 0, 0, 0,1024                          ,    0,         9,0,20181229 20:26:58,1736                          ,  101, 9999,  101,  101,    0,     0,     0
 ED5.2,1822                          ,1736                          ,                    ,1635      ,                ,  101,                    ,                              ,14,0,20181229 20:27:25,    0,         0,        10,65535,65535, 9999,2,                ,0000000,0, 0,         0,    0,0000000000000000000000000000000000000000,0000000000000000000000000000000000000000,         0,         0,         0,         0,1, 0, 0, 0,1822                          ,    0,        10,0,20181229 20:27:15,1736                          ,  101, 9999,  101,  101,    0,     0,     0
 ED5.2,1437                          ,1252                          ,                    ,1215      ,                ,  101,                    ,                              ,14,0,20181229 20:28:10,    0,         0,        29,65535,65535, 9999,2,                ,0000000,0, 0,         0,    0,0000000000000000000000000000000000000000,0000000000000000000000000000000000000000,         0,         0,         0,         0,1, 0, 0, 0,1437                          ,    0,        29,0,20181229 20:27:41,1252                          ,  101, 9999,  101,  101,    0,     0,     0
 ED5.2,1024                          ,1466                          ,                    ,1638      ,                ,  101,                    ,                              ,14,0,20181229 20:29:26,    0,         0,         0,65535,65535, 9999,2,                ,0000000,0, 0,         0,    0,0000000000000000000000000000000000000000,0000000000000000000000000000000000000000,         0,         0,         0,         0,1, 0, 0, 0,1024                          ,    0,         0,0,20181229 20:29:26,1466                          ,  101, 9999,  101,  101,    0,     0,     0
 ED5.2,1466                          ,1024                          ,                    ,1638      ,                ,  101,                    ,                              ,14,0,20181229 20:32:04,    0,         0,       129,65535,65535, 9999,2,                ,0000000,0, 0,         0,    0,0000000000000000000000000000000000000000,0000000000000000000000000000000000000000,         0,         0,         0,         0,1, 0, 0, 0,1466                          ,    0,       129,0,20181229 20:29:55,1024                          ,  101, 9999,  101,  101,    0,     0,     0
 ED5.2,663153907429                  ,1365                          ,BRYAN STEVEN CRU    ,1632      ,                ,  101,                    ,                              , 4,2,20181229 20:32:49,    0,         0,        85,  120,   20,  101,2,                ,0000000,3, 0,         0,    0,0000000000000000000000000000000000000000,0000000000000000000000010000000000000000,         0,         0,         0,         0,1, 0, 0, 0,A800                          ,   85,         0,1,20181229 20:31:24,                              , 9999, 9999, 9999, 9999,32767,     0,     0
 ED5.2,1820                          ,1244                          ,                    ,1215      ,                ,  101,                    ,                              ,14,0,20181229 20:33:39,    0,         0,        19,65535,65535, 9999,2,                ,0000000,0, 0,         0,    0,0000000000000000000000000000000000000000,0000000000000000000000000000000000000000,         0,         0,         0,         0,1, 0, 0, 0,1820                          ,    0,        19,0,20181229 20:33:20,1244                          ,  101, 9999,  101,  101,    0,     0,     0
 ED5.2,1437                          ,1252                          ,                    ,1215      ,                ,  101,                    ,                              ,14,0,20181229 20:35:47,    0,         0,        97,65535,65535, 9999,2,                ,0000000,0, 0,         0,    0,0000000000000000000000000000000000000000,0000000000000000000000000000000000000000,         0,         0,         0,         0,1, 0, 0, 0,1437                          ,    0,        97,0,20181229 20:34:10,1252                          ,  101, 9999,  101,  101,    0,     0,     0
 ED5.2,1443                          ,1434                          ,                    ,1215      ,                ,  101,                    ,                              ,14,0,20181229 20:37:14,    0,         0,         0,65535,65535, 9999,2,                ,0000000,0, 0,         0,    0,0000000000000000000000000000000000000000,0000000000000000000000000000000000000000,         0,         0,         0,         0,1, 0, 0, 0,1443                          ,    0,         0,0,20181229 20:37:14,1434                          ,  101, 9999,  101,  101,    0,     0,     0
 ED5.2,1234                          ,1434                          ,                    ,1215      ,                ,  101,                    ,                              ,14,0,20181229 20:37:17,    0,         0,         0,65535,65535, 9999,2,                ,0000000,0, 0,         0,    0,0000000000000000000000000000000000000000,0000000000000000000000000000000000000000,         0,         0,         0,         0,1, 0, 0, 0,1443                          ,    0,         0,1,20181229 20:37:17,1434                          ,  101, 9999,  101,  101,    0,     0,     0
 ED5.2,1437                          ,1252                          ,                    ,1215      ,                ,  101,                    ,                              ,14,0,20181229 20:37:27,    0,         0,        18,65535,65535, 9999,2,                ,0000000,0, 0,         0,    0,0000000000000000000000000000000000000000,0000000000000000000000000000000000000000,         0,         0,         0,         0,1, 0, 0, 0,1437                          ,    0,        18,0,20181229 20:37:09,1252                          ,  101, 9999,  101,  101,    0,     0,     0
 ED5.2,1434                          ,1443                          ,                    ,1632      ,                ,  101,                    ,                              ,14,0,20181229 20:42:53,    0,         0,        21,65535,65535, 9999,2,                ,0000000,0, 0,         0,    0,0000000000000000000000000000000000000000,0000000000000000000000000000000000000000,         0,         0,         0,         0,1, 0, 0, 0,1434                          ,    0,        21,0,20181229 20:42:32,1443                          ,  101, 9999,  101,  101,    0,     0,     0
 ED5.2,66                            ,1822                          ,SIRLEY ANDRE ARI    ,1632      ,                ,  101,                    ,                              , 0,2,20181229 20:43:26,    0,         0,         0,10001,   11,  101,2,                ,0010000,2, 1,         0,    0,1000000000000000000000000000000000000000,0000000000000000000000010000000000001000,         0,         0,         0,         0,1, 0, 0, 0,66                            ,    0,         0,0,20181229 20:43:26,1822                          , 9999, 9999, 9999,  101,32767,     0,     0
 ED5.2,1515                          ,1551                          ,                    ,1215      ,                ,  101,                    ,                              ,14,0,20181229 20:46:30,    0,         0,         9,65535,65535, 9999,2,                ,0000000,0, 0,         0,    0,0000000000000000000000000000000000000000,0000000000000000000000000000000000000000,         0,         0,         0,         0,1, 0, 0, 0,1515                          ,    0,         9,0,20181229 20:46:21,1551                          ,  101, 9999,  101,  101,    0,     0,     0
 ED5.2,1032                          ,1482                          ,                    ,1215      ,                ,  101,                    ,                              ,14,0,20181229 20:46:51,    0,         0,         0,65535,65535, 9999,2,                ,0000000,0, 0,         0,    0,0000000000000000000000000000000000000000,0000000000000000000000000000000000000000,         0,         0,         0,         0,1, 0, 0, 0,1032                          ,    0,         0,0,20181229 20:46:51,1482                          ,  101, 9999,  101,  101,    0,     0,     0
 ED5.2,1449                          ,1482                          ,                    ,1215      ,                ,  101,                    ,                              ,14,0,20181229 20:47:07,    0,         0,         0,65535,65535, 9999,2,                ,0000000,0, 0,         0,    0,0000000000000000000000000000000000000000,0000000000000000000000000000000000000000,         0,         0,         0,         0,1, 0, 0, 0,1032                          ,    0,         0,1,20181229 20:47:07,1482                          ,  101, 9999,  101,  101,    0,     0,     0
 ED5.2,1365                          ,1482                          ,                    ,1215      ,                ,  101,                    ,                              ,14,0,20181229 20:47:16,    0,         0,         0,65535,65535, 9999,2,                ,0000000,0, 0,         0,    0,0000000000000000000000000000000000000000,0000000000000000000000000000000000000000,         0,         0,         0,         0,1, 0, 0, 0,1032                          ,    0,         0,1,20181229 20:47:16,1482                          ,  101, 9999,  101,  101,    0,     0,     0
 ED5.2,1223                          ,1482                          ,                    ,1215      ,                ,  101,                    ,                              ,14,0,20181229 20:48:34,    0,         0,        69,65535,65535, 9999,2,                ,0000000,0, 0,         0,    0,0000000000000000000000000000000000000000,0000000000000000000000000000000000000000,         0,         0,         0,         0,1, 0, 0, 0,1223                          ,    0,        69,0,20181229 20:47:25,1482                          ,  101, 9999,  101,  101,    0,     0,     0
 ED5.2,1515                          ,1551                          ,                    ,1215      ,                ,  101,                    ,                              ,14,0,20181229 20:49:50,    0,         0,        34,65535,65535, 9999,2,                ,0000000,0, 0,         0,    0,0000000000000000000000000000000000000000,0000000000000000000000000000000000000000,         0,         0,         0,         0,1, 0, 0, 0,1515                          ,    0,        34,0,20181229 20:49:16,1551                          ,  101, 9999,  101,  101,    0,     0,     0
 ED5.2,1515                          ,1551                          ,                    ,1215      ,                ,  101,                    ,                              ,14,0,20181229 20:52:24,    0,         0,        12,65535,65535, 9999,2,                ,0000000,0, 0,         0,    0,0000000000000000000000000000000000000000,0000000000000000000000000000000000000000,         0,         0,         0,         0,1, 0, 0, 0,1515                          ,    0,        12,0,20181229 20:52:12,1551                          ,  101, 9999,  101,  101,    0,     0,     0
 ED5.2,1553                          ,1551                          ,                    ,1215      ,                ,  101,                    ,                              ,14,0,20181229 20:52:48,    0,         0,        19,65535,65535, 9999,2,                ,0000000,0, 0,         0,    0,0000000000000000000000000000000000000000,0000000000000000000000000000000000000000,         0,         0,         0,         0,1, 0, 0, 0,1553                          ,    0,        19,0,20181229 20:52:29,1551                          ,  101, 9999,  101,  101,    0,     0,     0
 ED5.2,1437                          ,1252                          ,                    ,1215      ,                ,  101,                    ,                              ,14,0,20181229 20:52:52,    0,         0,       250,65535,65535, 9999,2,                ,0000000,0, 0,         0,    0,0000000000000000000000000000000000000000,0000000000000000000000000000000000000000,         0,         0,         0,         0,1, 0, 0, 0,1437                          ,    0,       250,0,20181229 20:48:42,1252                          ,  101, 9999,  101,  101,    0,     0,     0
 ED5.2,1365                          ,1586                          ,                    ,1952      ,                ,  101,                    ,                              ,14,0,20181229 20:55:03,    0,         0,      1614,65535,65535, 9999,2,                ,0000000,0, 0,         0,    0,0000000000000000000000000000000000000000,0000000000000000000000000000000000000000,         0,         0,         0,         0,1, 0, 0, 0,1365                          ,    0,      1614,0,20181229 20:28:09,1586                          ,  101, 9999,  101,  101,    0,     0,     0
 ED5.2,1365                          ,1515                          ,                    ,1215      ,                ,  101,                    ,                              ,14,0,20181229 20:57:57,    0,         0,        28,65535,65535, 9999,2,                ,0000000,0, 0,         0,    0,0000000000000000000000000000000000000000,0000000000000000000000000000000000000000,         0,         0,         0,         0,1, 0, 0, 0,1365                          ,    0,        28,0,20181229 20:57:29,1515                          ,  101, 9999,  101,  101,    0,     0,     0
 ED5.2,1210                          ,1252                          ,                    ,1215      ,                ,  101,                    ,                              ,14,0,20181229 21:01:00,    0,         0,        14,65535,65535, 9999,2,                ,0000000,0, 0,         0,    0,0000000000000000000000000000000000000000,0000000000000000000000000000000000000000,         0,         0,         0,         0,1, 0, 0, 0,1210                          ,    0,        14,0,20181229 21:00:46,1252                          ,  101, 9999,  101,  101,    0,     0,     0
