 ED5.2,2123505                       ,1676                          ,SANDRA MILEN BUI    ,1949      ,                ,  101,                    ,                              , 0,2,20181129 19:01:47,    0,         0,         0, 1977,   11,  101,2,                ,0010000,2, 1,         0,    0,1000000000000000000000000000000000000000,0000000000000000000000010000000000001000,         0,         0,         0,         0,1, 0, 0, 0,2123505                       ,    0,         0,0,20181129 19:01:47,1676                          , 9999, 9999, 9999,  101,32767,     0,     0
 ED5.2,4065                          ,4012                          ,                    ,2952      ,                ,  101,                    ,                              ,14,0,20181129 19:02:26,    0,         0,         9,65535,65535, 9999,2,                ,0000000,0, 0,         0,    0,0000000000000000000000000000000000000000,0000000000000000000000000000000000000000,         0,         0,         0,         0,1, 0, 0, 0,4065                          ,    0,         9,0,20181129 19:02:17,4012                          ,  101, 9999,  101,  101,    0,     0,     0
 ED5.2,6604869                       ,1561                          ,MARIA FERNAN CAN    ,1952      ,                ,  101,                    ,                              , 0,2,20181129 19:02:50,    0,         0,       361, 1976,   11,  101,2,                ,0010000,2, 1,         0,    0,1000000000000000000000000000000000000000,0000000000000000000000010000000000001000,         0,         0,         0,         0,1, 0, 0, 0,6604869                       ,    0,         0,0,20181129 18:56:49,1561                          , 9999, 9999, 9999,  101,32767,     0,     0
 ED5.2,3138614991                    ,1676                          ,SANDRA MILEN BUI    ,1949      ,                ,  101,                    ,                              , 0,2,20181129 19:03:07,    0,         0,        49, 2323,   66,  101,2,                ,0010000,2, 1,         0,    0,1000000000000000000000000000000000000000,0000000000000000000000010000000000001000,         0,         0,         0,         0,1, 0, 0, 0,033138614991                  ,    0,         0,0,20181129 19:02:18,1676                          , 9999, 9999, 9999,  101,32767,     0,     0
 ED5.2,3019597                       ,5161                          ,LORENA PATRI ACU    ,3952      ,                ,  101,                    ,                              , 0,2,20181129 19:03:40,    0,         0,        48, 2842,   82,  101,2,                ,0010000,2, 1,         0,    0,1000000000000000000000000000000000000000,0000000000000000000000010000000000001000,         0,         0,         0,         0,1, 0, 0, 0,3019597                       ,    0,         0,0,20181129 19:02:52,5161                          , 9999, 9999, 9999,  101,32767,     0,     0
 ED5.2,3133338048                    ,1193                          ,YULIETH STEF AGU    ,1952      ,                ,  101,                    ,                              , 0,2,20181129 19:03:52,    0,         0,         0, 2324,   66,  101,2,                ,0010000,2, 1,         0,    0,1000000000000000000000000000000000000000,0000000000000000000000010000000000001000,         0,         0,         0,         0,1, 0, 0, 0,033133338048                  ,    0,         0,0,20181129 19:03:52,1193                          , 9999, 9999, 9999,  101,32767,     0,     0
 ED5.2,6604869                       ,1030                          ,ALBA LUZ BOLIVAR    ,1632      ,                ,  101,                    ,                              , 0,2,20181129 19:03:59,    0,         0,       252, 1975,   11,  101,2,                ,0010000,2, 1,         0,    0,1000000000000000000000000000000000000000,0000000000000000000000010000000000001000,         0,         0,         0,         0,1, 0, 0, 0,6604869                       ,    0,         0,0,20181129 18:59:47,1030                          , 9999, 9999, 9999,  101,32767,     0,     0
 ED5.2,3142386090                    ,1424                          ,SALOMON ANTO ZAM    ,1949      ,                ,  101,                    ,                              , 0,2,20181129 19:04:00,    0,         0,         0, 2323,   66,  101,2,                ,0010000,2, 1,         0,    0,1000000000000000000000000000000000000000,0000000000000000000000010000000000001000,         0,         0,         0,         0,1, 0, 0, 0,033142386090                  ,    0,         0,0,20181129 19:04:00,1424                          , 9999, 9999, 9999,  101,32767,     0,     0
 ED5.2,3133338048                    ,1193                          ,YULIETH STEF AGU    ,1952      ,                ,  101,                    ,                              , 0,2,20181129 19:04:01,    0,         0,         3, 2324,   66,  101,2,                ,0010000,2, 1,         0,    0,1000000000000000000000000000000000000000,0000000000000000000000010000000000001000,         0,         0,         0,         0,1, 0, 0, 0,033133338048                  ,    0,         0,0,20181129 19:03:58,1193                          , 9999, 9999, 9999,  101,32767,     0,     0
 ED5.2,3115511119                    ,1030                          ,ALBA LUZ BOLIVAR    ,1632      ,                ,  101,                    ,                              , 0,2,20181129 19:04:10,    0,         0,         0, 2323,   66,  101,2,                ,0010000,2, 1,         0,    0,1000000000000000000000000000000000000000,0000000000000000000000010000000000001000,         0,         0,         0,         0,1, 0, 0, 0,033115511119                  ,    0,         0,0,20181129 19:04:10,1030                          , 9999, 9999, 9999,  101,32767,     0,     0
 ED5.2,3204947026                    ,1106                          ,COORD COUNTRY       ,1949      ,                ,  101,                    ,                              , 0,2,20181129 19:04:51,    0,         0,        54, 2325,   66,  101,2,                ,0010000,2, 1,         0,    0,1000000000000000000000000000000000000000,0000000000000000000000010000000000001000,         0,         0,         0,         0,1, 0, 0, 0,033204947026                  ,    0,         0,0,20181129 19:03:57,1106                          , 9999, 9999, 9999,  101,32767,     0,     0
 ED5.2,1060                          ,1030                          ,                    ,1632      ,                ,  101,                    ,                              ,14,0,20181129 19:05:08,    0,         0,        53,65535,65535, 9999,2,                ,0000000,0, 0,         0,    0,0000000000000000000000000000000000000000,0000000000000000000000000000000000000000,         0,         0,         0,         0,1, 0, 0, 0,1060                          ,    0,        53,0,20181129 19:04:15,1030                          ,  101, 9999,  101,  101,    0,     0,     0
 ED5.2,5951450                       ,1736                          ,RECEPCION 2 MORA    ,1635      ,                ,  101,                    ,                              , 4,2,20181129 19:05:41,    0,         0,        42,  120,   20,  101,2,                ,0000000,2, 0,         0,    0,0000000000000000000000000000000000000000,0000000000000000000000010000000000000000,         0,         0,         0,         0,1, 0, 0, 0,A800                          ,   42,         0,1,20181129 19:04:59,                              , 9999, 9999, 9999, 9999,32767,     0,     0
 ED5.2,5206                          ,5115                          ,                    ,3952      ,                ,  101,                    ,                              ,14,0,20181129 19:06:29,    0,         0,        53,65535,65535, 9999,2,                ,0000000,0, 0,         0,    0,0000000000000000000000000000000000000000,0000000000000000000000000000000000000000,         0,         0,         0,         0,1, 0, 0, 0,5206                          ,    0,        53,0,20181129 19:05:36,5115                          ,  101, 9999,  101,  101,    0,     0,     0
 ED5.2,7777                          ,1117                          ,                    ,1949      ,                ,  101,                    ,                              , 3,0,20181129 19:06:31,    0,         0,         0,65535,65535, 9999,2,                ,0000000,0, 0,         0,    0,0000000000000000000000000000000000000000,0000000000000000000000000000000000000000,         0,         0,         0,         0,1, 0, 0, 0,7777                          ,    0,         0,0,20181129 19:06:31,1117                          ,  101, 9999,  101,  101,    0,     0,     0
 ED5.2,3269                          ,3130                          ,                    ,1979      ,                ,  101,                    ,                              ,14,0,20181129 19:06:31,    0,         0,        37,65535,65535, 9999,2,                ,0000000,0, 0,         0,    0,0000000000000000000000000000000000000000,0000000000000000000000000000000000000000,         0,         0,         0,         0,1, 0, 0, 0,3269                          ,    0,        37,0,20181129 19:05:54,3130                          ,  101, 9999,  101,  101,    0,     0,     0
 ED5.2,2123505                       ,1424                          ,SALOMON ANTO ZAM    ,1949      ,                ,  101,                    ,                              , 0,2,20181129 19:06:50,    0,         0,       155, 1975,   11,  101,2,                ,0010000,2, 1,         0,    0,1000000000000000000000000000000000000000,0000000000000000000000010000000000001000,         0,         0,         0,         0,1, 0, 0, 0,2123505                       ,    0,         0,0,20181129 19:04:15,1424                          , 9999, 9999, 9999,  101,32767,     0,     0
 ED5.2,1123                          ,1551                          ,                    ,1215      ,                ,  101,                    ,                              ,14,0,20181129 19:07:09,    0,         0,       723,65535,65535, 9999,2,                ,0000000,0, 0,         0,    0,0000000000000000000000000000000000000000,0000000000000000000000000000000000000000,         0,         0,         0,         0,1, 0, 0, 0,1123                          ,    0,       723,0,20181129 18:55:06,1551                          ,  101, 9999,  101,  101,    0,     0,     0
 ED5.2,1449                          ,3243                          ,                    ,1949      ,                ,  101,                    ,                              ,14,0,20181129 19:07:50,    0,         0,         0,65535,65535, 9999,2,                ,0000000,0, 0,         0,    0,0000000000000000000000000000000000000000,0000000000000000000000000000000000000000,         0,         0,         0,         0,1, 0, 0, 0,1449                          ,    0,         0,0,20181129 19:07:50,3243                          ,  101, 9999,  101,  101,    0,     0,     0
 ED5.2,1365                          ,3243                          ,                    ,1949      ,                ,  101,                    ,                              ,14,0,20181129 19:07:57,    0,         0,         0,65535,65535, 9999,2,                ,0000000,0, 0,         0,    0,0000000000000000000000000000000000000000,0000000000000000000000000000000000000000,         0,         0,         0,         0,1, 0, 0, 0,1449                          ,    0,         0,1,20181129 19:07:57,3243                          ,  101, 9999,  101,  101,    0,     0,     0
 ED5.2,2389965                       ,1036                          ,JUANITA PAEZ COR    ,1632      ,                ,  101,                    ,                              , 4,2,20181129 19:08:03,    0,         0,        33,  120,   20,  101,2,                ,0000000,3, 0,         0,    0,0000000000000000000000000000000000000000,0000000000000000000000010000000000000000,         0,         0,         0,         0,1, 0, 0, 0,A800                          ,   33,         0,1,20181129 19:07:30,                              , 9999, 9999, 9999, 9999,32767,     0,     0
 ED5.2,3117                          ,1748                          ,                    ,1741      ,                ,  101,                    ,                              ,14,0,20181129 19:09:23,    0,         0,         9,65535,65535, 9999,2,                ,0000000,0, 0,         0,    0,0000000000000000000000000000000000000000,0000000000000000000000000000000000000000,         0,         0,         0,         0,1, 0, 0, 0,3117                          ,    0,         9,0,20181129 19:09:14,1748                          ,  101, 9999,  101,  101,    0,     0,     0
 ED5.2,6080467                       ,1420                          ,CAJA 16             ,1949      ,                ,  101,                    ,                              , 0,2,20181129 19:09:42,    0,         0,       647, 2839,   82,  101,2,                ,0010000,2, 1,         0,    0,1000000000000000000000000000000000000000,0000000000000000000000010000000000001000,         0,         0,         0,         0,1, 0, 0, 0,6080467                       ,    0,         0,0,20181129 18:58:55,1420                          , 9999, 9999, 9999,  101,32767,     0,     0
 ED5.2,2389965                       ,1036                          ,JUANITA PAEZ COR    ,1632      ,                ,  101,                    ,                              , 4,2,20181129 19:11:24,    0,         0,        25,  120,   20,  101,2,                ,0000000,3, 0,         0,    0,0000000000000000000000000000000000000000,0000000000000000000000010000000000000000,         0,         0,         0,         0,1, 0, 0, 0,A800                          ,   26,         0,1,20181129 19:10:59,                              , 9999, 9999, 9999, 9999,32767,     0,     0
 ED5.2,1365                          ,1551                          ,                    ,1215      ,                ,  101,                    ,                              ,14,0,20181129 19:11:59,    0,         0,       270,65535,65535, 9999,2,                ,0000000,0, 0,         0,    0,0000000000000000000000000000000000000000,0000000000000000000000000000000000000000,         0,         0,         0,         0,1, 0, 0, 0,1365                          ,    0,       270,0,20181129 19:07:29,1551                          ,  101, 9999,  101,  101,    0,     0,     0
 ED5.2,3033115                       ,1030                          ,ALBA LUZ BOLIVAR    ,1632      ,                ,  101,                    ,                              , 0,2,20181129 19:13:07,    0,         0,         0, 1975,   11,  101,2,                ,0010000,2, 1,         0,    0,1000000000000000000000000000000000000000,0000000000000000000000010000000000001000,         0,         0,         0,         0,1, 0, 0, 0,3033115                       ,    0,         0,0,20181129 19:13:07,1030                          , 9999, 9999, 9999,  101,32767,     0,     0
 ED5.2,6635456                       ,1274                          ,ADRIANA PLAZAS C    ,1527      ,                ,  101,                    ,                              , 0,2,20181129 19:13:33,    0,         0,       384, 2842,   82,  101,2,                ,0010000,2, 1,         0,    0,1000000000000000000000000000000000000000,0000000000000000000000010000000000001000,         0,         0,         0,         0,1, 0, 0, 0,6635456                       ,    0,         0,0,20181129 19:07:09,1274                          , 9999, 9999, 9999,  101,32767,     0,     0
 ED5.2,7420771                       ,4811                          ,                    ,          ,                ,  101,                    ,                              , 7,2,20181129 19:14:10,    0,         0,     38866, 2867,   82,  101,2,                ,0010000,2, 1,         0,    0,1000000000000000000000000000000000000000,0000000000000000000000010000000000001000,         0,         0,         0,         0,1, 0, 0, 0,7420771                       ,    0,         0,0,20181129 08:26:24,                              , 9999, 9999, 9999, 9999,32767,     0,     0
 ED5.2,6609307                       ,5207                          ,DIANA SOFIA MIRA    ,7952      ,                ,  101,                    ,                              , 0,1,20181129 19:14:54,    0,         0,        63,  404,   81,  101,2,                ,0010000,0, 0,         0,    0,0000000000000000000000000000000000000000,0000000000000000000000010000000000001000,         0,         0,         0,         0,1, 0, 0, 0,6609307                       ,    0,         0,0,20181129 19:13:51,5207                          , 9999, 9999, 9999,  101,32767,     0,     0
 ED5.2,3115511191                    ,1030                          ,ALBA LUZ BOLIVAR    ,1632      ,                ,  101,                    ,                              , 0,2,20181129 19:15:08,    0,         0,        87, 2323,   66,  101,2,                ,0010000,2, 1,         0,    0,1000000000000000000000000000000000000000,0000000000000000000000010000000000001000,         0,         0,         0,         0,1, 0, 0, 0,033115511191                  ,    0,         0,0,20181129 19:13:41,1030                          , 9999, 9999, 9999,  101,32767,     0,     0
 ED5.2,1339                          ,1477                          ,                    ,1215      ,                ,  101,                    ,                              ,14,0,20181129 19:15:10,    0,         0,        97,65535,65535, 9999,2,                ,0000000,0, 0,         0,    0,0000000000000000000000000000000000000000,0000000000000000000000000000000000000000,         0,         0,         0,         0,1, 0, 0, 0,1339                          ,    0,        97,0,20181129 19:13:33,1477                          ,  101, 9999,  101,  101,    0,     0,     0
 ED5.2,8017                          ,1259                          ,                    ,1949      ,                ,  101,                    ,                              ,14,0,20181129 19:16:55,    0,         0,         0,65535,65535, 9999,2,                ,0000000,0, 0,         0,    0,0000000000000000000000000000000000000000,0000000000000000000000000000000000000000,         0,         0,         0,         0,1, 0, 0, 0,8017                          ,    0,         0,0,20181129 19:16:55,1259                          ,  101, 9999,  101,  101,    0,     0,     0
 ED5.2,88                            ,1259                          ,                    ,1949      ,                ,  101,                    ,                              ,14,0,20181129 19:16:57,    0,         0,         2,65535,65535, 9999,2,                ,0000000,0, 0,         0,    0,0000000000000000000000000000000000000000,0000000000000000000000000000000000000000,         0,         0,         0,         0,1, 0, 0, 0,8017                          ,    0,         2,1,20181129 19:16:55,1259                          ,  101, 9999,  101,  101,    0,     0,     0
 ED5.2,3243                          ,1238                          ,                    ,1949      ,                ,  101,                    ,                              ,14,0,20181129 19:17:09,    0,         0,        10,65535,65535, 9999,2,                ,0000000,0, 0,         0,    0,0000000000000000000000000000000000000000,0000000000000000000000000000000000000000,         0,         0,         0,         0,1, 0, 0, 0,3243                          ,    0,        10,0,20181129 19:16:59,1238                          ,  101, 9999,  101,  101,    0,     0,     0
 ED5.2,6604869                       ,1525                          ,ANGELICA TORRES     ,1632      ,                ,  101,                    ,                              , 0,2,20181129 19:17:33,    0,         0,        43, 1975,   11,  101,2,                ,0010000,2, 1,         0,    0,1000000000000000000000000000000000000000,0000000000000000000000010000000000001000,         0,         0,         0,         0,1, 0, 0, 0,6604869                       ,    0,         0,0,20181129 19:16:50,1525                          , 9999, 9999, 9999,  101,32767,     0,     0
 ED5.2,1477                          ,1420                          ,                    ,1949      ,                ,  101,                    ,                              ,14,0,20181129 19:18:09,    0,         0,        23,65535,65535, 9999,2,                ,0000000,0, 0,         0,    0,0000000000000000000000000000000000000000,0000000000000000000000000000000000000000,         0,         0,         0,         0,1, 0, 0, 0,1477                          ,    0,        23,0,20181129 19:17:46,1420                          ,  101, 9999,  101,  101,    0,     0,     0
 ED5.2,4880955                       ,4051                          ,MARTHA CECIL FER    ,2635      ,                ,  101,                    ,                              , 0,2,20181129 19:18:10,    0,         0,       187, 2419,   15,  101,2,                ,0010000,2, 1,         0,    0,1000000000000000000000000000000000000000,0000000000000000000000010000000000001000,         0,         0,         0,         0,1, 0, 0, 0,4880955                       ,    0,         0,0,20181129 19:15:03,4051                          , 9999, 9999, 9999,  101,32767,     0,     0
 ED5.2,4624436                       ,4077                          ,ELIANA AGUIRRE      ,2952      ,                ,  101,                    ,                              , 0,2,20181129 19:18:30,    0,         0,       180, 2420,   15,  101,2,                ,0010000,2, 1,         0,    0,1000000000000000000000000000000000000000,0000000000000000000000010000000000001000,         0,         0,         0,         0,1, 0, 0, 0,4624436                       ,    0,         0,0,20181129 19:15:30,4077                          , 9999, 9999, 9999,  101,32767,     0,     0
 ED5.2,663204947026                  ,1368                          ,CAJA 6              ,1949      ,                ,  101,                    ,                              , 4,2,20181129 19:19:11,    0,         0,        84,  120,   20,  101,2,                ,0000000,2, 1,         0,    0,0000000000000000000000000000000000000000,0000000000000000000000010000000000000000,         0,         0,         0,         0,1, 0, 0, 0,A800                          ,   18,        66,0,20181129 19:17:47,                              , 9999, 9999, 9999, 9999,32767,     0,     0
 ED5.2,663123728729                  ,1014                          ,RECEPCION LO COU    ,1635      ,                ,  101,                    ,                              , 4,2,20181129 19:21:36,    0,         0,       170,  121,   20,  101,2,                ,0000000,2, 0,         0,    0,0000000000000000000000000000000000000000,0000000000000000000000010000000000000000,         0,         0,         0,         0,1, 0, 0, 0,A800                          ,  171,         0,1,20181129 19:18:46,                              , 9999, 9999, 9999, 9999,32767,     0,     0
 ED5.2,6376948                       ,3334                          ,SANDRA PATRI BAE    ,1466      ,                ,  101,                    ,                              , 4,2,20181129 19:22:10,    0,         0,         5, 2839,   82,  101,2,                ,0000000,2, 0,         0,    0,0000000000000000000000000000000000000000,0000000000000000000000010000000000000000,         0,         0,         0,         0,1, 0, 0, 0,7738                          ,    5,         0,1,20181129 19:22:05,                              , 9999, 9999, 9999, 9999,32767,     0,     0
 ED5.2,6604896                       ,3282                          ,NELSON ERNES CAN    ,1318      ,                ,  101,                    ,                              , 0,2,20181129 19:22:23,    0,         0,         0, 1977,   11,  101,2,                ,0010000,2, 1,         0,    0,1000000000000000000000000000000000000000,0000000000000000000000010000000000001000,         0,         0,         0,         0,1, 0, 0, 0,6604896                       ,    0,         0,0,20181129 19:22:23,3282                          , 9999, 9999, 9999,  101,32767,     0,     0
 ED5.2,6604896                       ,3282                          ,NELSON ERNES CAN    ,1318      ,                ,  101,                    ,                              , 0,2,20181129 19:22:27,    0,         0,         0,  120,   20,  101,2,                ,0010000,2, 1,         0,    0,1000000000000000000000000000000000000000,0000000000000000000000010000000000001000,         0,         0,         0,         0,1, 0, 0, 0,6604896                       ,    0,         0,0,20181129 19:22:27,3282                          , 9999, 9999, 9999,  101,32767,     0,     0
 ED5.2,7420771                       ,FS012                         ,                    ,          ,                ,  101,                    ,                              , 7,2,20181129 19:22:47,    0,         0,     38494, 2880,   82,  101,2,                ,0010000,2, 1,         0,    0,1000000000000000000000000000000000000000,0000000000000000000000010000000000001000,         0,         0,         0,         0,1, 0, 0, 0,7420771                       ,    0,         0,0,20181129 08:41:13,                              , 9999, 9999, 9999, 9999,32767,     0,     0
 ED5.2,1503                          ,1489                          ,                    ,1214      ,                ,  101,                    ,                              ,14,0,20181129 19:23:52,    0,         0,         0,65535,65535, 9999,2,                ,0000000,0, 0,         0,    0,0000000000000000000000000000000000000000,0000000000000000000000000000000000000000,         0,         0,         0,         0,1, 0, 0, 0,1456                          ,    0,         0,1,20181129 19:23:52,1489                          ,  101, 9999,  101,  101,    0,     0,     0
 ED5.2,7777                          ,1406                          ,                    ,1952      ,                ,  101,                    ,                              , 3,0,20181129 19:23:58,    0,         0,         0,65535,65535, 9999,2,                ,0000000,0, 0,         0,    0,0000000000000000000000000000000000000000,0000000000000000000000000000000000000000,         0,         0,         0,         0,1, 0, 0, 0,7777                          ,    0,         0,0,20181129 19:23:58,1406                          ,  101, 9999,  101,  101,    0,     0,     0
 ED5.2,3025406                       ,3293                          ,ERIKA MARCEL JAR    ,1632      ,                ,  101,                    ,                              , 0,2,20181129 19:24:51,    0,         0,       154, 1976,   11,  101,2,                ,0010000,2, 1,         0,    0,1000000000000000000000000000000000000000,0000000000000000000000010000000000001000,         0,         0,         0,         0,1, 0, 0, 0,3025406                       ,    0,         0,0,20181129 19:22:17,3293                          , 9999, 9999, 9999,  101,32767,     0,     0
 ED5.2,1895                          ,1420                          ,                    ,1949      ,                ,  101,                    ,                              ,14,0,20181129 19:25:07,    0,         0,       130,65535,65535, 9999,2,                ,0000000,0, 0,         0,    0,0000000000000000000000000000000000000000,0000000000000000000000000000000000000000,         0,         0,         0,         0,1, 0, 0, 0,1895                          ,    0,       130,0,20181129 19:22:57,1420                          ,  101, 9999,  101,  101,    0,     0,     0
 ED5.2,6604869                       ,3282                          ,NELSON ERNES CAN    ,1318      ,                ,  101,                    ,                              , 0,2,20181129 19:25:18,    0,         0,       157, 1977,   11,  101,2,                ,0010000,2, 1,         0,    0,1000000000000000000000000000000000000000,0000000000000000000000010000000000001000,         0,         0,         0,         0,1, 0, 0, 0,6604869                       ,    0,         0,0,20181129 19:22:41,3282                          , 9999, 9999, 9999,  101,32767,     0,     0
 ED5.2,1297                          ,1053                          ,                    ,1318      ,                ,  101,                    ,                              ,14,0,20181129 19:25:58,    0,         0,         0,65535,65535, 9999,2,                ,0000000,0, 0,         0,    0,0000000000000000000000000000000000000000,0000000000000000000000000000000000000000,         0,         0,         0,         0,1, 0, 0, 0,1297                          ,    0,         0,0,20181129 19:25:58,1053                          ,  101, 9999,  101,  101,    0,     0,     0
 ED5.2,3681984                       ,5148                          ,WILSON SEGUN FON    ,3952      ,                ,  101,                    ,                              , 0,2,20181129 19:26:03,    0,         0,         0, 2839,   82,  101,2,                ,0010000,2, 1,         0,    0,1000000000000000000000000000000000000000,0000000000000000000000010000000000001000,         0,         0,         0,         0,1, 0, 0, 0,3681984                       ,    0,         0,0,20181129 19:26:03,5148                          , 9999, 9999, 9999,  101,32767,     0,     0
 ED5.2,1005                          ,1228                          ,                    ,1949      ,                ,  101,                    ,                              ,14,0,20181129 19:26:13,    0,         0,       138,65535,65535, 9999,2,                ,0000000,0, 0,         0,    0,0000000000000000000000000000000000000000,0000000000000000000000000000000000000000,         0,         0,         0,         0,1, 0, 0, 0,1005                          ,    0,       138,0,20181129 19:23:55,1228                          ,  101, 9999,  101,  101,    0,     0,     0
 ED5.2,663043846158                  ,1060                          ,NELLY CORTES C      ,1630      ,                ,  101,                    ,                              , 4,2,20181129 19:26:18,    0,         0,         0,  120,   20,  101,2,                ,0000000,2, 0,         0,    0,0000000000000000000000000000000000000000,0000000000000000000000010000000000000000,         0,         0,         0,         0,1, 0, 0, 0,1081                          ,   42,         0,1,20181129 19:26:18,                              , 9999, 9999, 9999, 9999,32767,     0,     0
 ED5.2,1365                          ,1551                          ,                    ,1215      ,                ,  101,                    ,                              ,14,0,20181129 19:26:54,    0,         0,        84,65535,65535, 9999,2,                ,0000000,0, 0,         0,    0,0000000000000000000000000000000000000000,0000000000000000000000000000000000000000,         0,         0,         0,         0,1, 0, 0, 0,1365                          ,    0,        84,0,20181129 19:25:30,1551                          ,  101, 9999,  101,  101,    0,     0,     0
 ED5.2,1357                          ,1736                          ,                    ,1635      ,                ,  101,                    ,                              ,14,0,20181129 19:28:04,    0,         0,         7,65535,65535, 9999,2,                ,0000000,0, 0,         0,    0,0000000000000000000000000000000000000000,0000000000000000000000000000000000000000,         0,         0,         0,         0,1, 0, 0, 0,1357                          ,    0,         7,0,20181129 19:27:57,1736                          ,  101, 9999,  101,  101,    0,     0,     0
 ED5.2,1417                          ,1736                          ,                    ,1635      ,                ,  101,                    ,                              ,14,0,20181129 19:28:22,    0,         0,         0,65535,65535, 9999,2,                ,0000000,0, 0,         0,    0,0000000000000000000000000000000000000000,0000000000000000000000000000000000000000,         0,         0,         0,         0,1, 0, 0, 0,1417                          ,    0,         0,0,20181129 19:28:22,1736                          ,  101, 9999,  101,  101,    0,     0,     0
 ED5.2,1339                          ,3269                          ,                    ,1979      ,                ,  101,                    ,                              ,14,0,20181129 19:28:24,    0,         0,        47,65535,65535, 9999,2,                ,0000000,0, 0,         0,    0,0000000000000000000000000000000000000000,0000000000000000000000000000000000000000,         0,         0,         0,         0,1, 0, 0, 0,1339                          ,    0,        47,0,20181129 19:27:37,3269                          ,  101, 9999,  101,  101,    0,     0,     0
 ED5.2,88                            ,1736                          ,                    ,1635      ,                ,  101,                    ,                              ,14,0,20181129 19:28:26,    0,         0,         4,65535,65535, 9999,2,                ,0000000,0, 0,         0,    0,0000000000000000000000000000000000000000,0000000000000000000000000000000000000000,         0,         0,         0,         0,1, 0, 0, 0,1417                          ,    0,         4,1,20181129 19:28:22,1736                          ,  101, 9999,  101,  101,    0,     0,     0
 ED5.2,7777                          ,5143                          ,                    ,3952      ,                ,  101,                    ,                              , 3,0,20181129 19:28:34,    0,         0,         0,65535,65535, 9999,2,                ,0000000,0, 0,         0,    0,0000000000000000000000000000000000000000,0000000000000000000000000000000000000000,         0,         0,         0,         0,1, 0, 0, 0,7777                          ,    0,         0,0,20181129 19:28:34,5143                          ,  101, 9999,  101,  101,    0,     0,     0
 ED5.2,3616                          ,5143                          ,                    ,3952      ,                ,  101,                    ,                              ,14,0,20181129 19:28:40,    0,         0,         0,65535,65535, 9999,2,                ,0000000,0, 0,         0,    0,0000000000000000000000000000000000000000,0000000000000000000000000000000000000000,         0,         0,         0,         0,1, 0, 0, 0,3616                          ,    0,         0,0,20181129 19:28:40,5143                          ,  101, 9999,  101,  101,    0,     0,     0
 ED5.2,2307698                       ,1565                          ,SONIA YANETH ROM    ,1952      ,                ,  101,                    ,                              , 0,2,20181129 19:28:41,    0,         0,       439, 1975,   11,  101,2,                ,0010000,2, 1,         0,    0,1000000000000000000000000000000000000000,0000000000000000000000010000000000001000,         0,         0,         0,         0,1, 0, 0, 0,2307698                       ,    0,         0,0,20181129 19:21:22,1565                          , 9999, 9999, 9999,  101,32767,     0,     0
 ED5.2,1186                          ,5143                          ,                    ,3952      ,                ,  101,                    ,                              ,14,0,20181129 19:28:44,    0,         0,         0,65535,65535, 9999,2,                ,0000000,0, 0,         0,    0,0000000000000000000000000000000000000000,0000000000000000000000000000000000000000,         0,         0,         0,         0,1, 0, 0, 0,1186                          ,    0,         0,0,20181129 19:28:44,5143                          ,  101, 9999,  101,  101,    0,     0,     0
 ED5.2,1417                          ,1736                          ,                    ,1635      ,                ,  101,                    ,                              ,14,0,20181129 19:28:45,    0,         0,         0,65535,65535, 9999,2,                ,0000000,0, 0,         0,    0,0000000000000000000000000000000000000000,0000000000000000000000000000000000000000,         0,         0,         0,         0,1, 0, 0, 0,1417                          ,    0,         0,0,20181129 19:28:45,1736                          ,  101, 9999,  101,  101,    0,     0,     0
 ED5.2,88                            ,1736                          ,                    ,1635      ,                ,  101,                    ,                              ,14,0,20181129 19:28:47,    0,         0,         2,65535,65535, 9999,2,                ,0000000,0, 0,         0,    0,0000000000000000000000000000000000000000,0000000000000000000000000000000000000000,         0,         0,         0,         0,1, 0, 0, 0,1417                          ,    0,         2,1,20181129 19:28:45,1736                          ,  101, 9999,  101,  101,    0,     0,     0
 ED5.2,1286                          ,5143                          ,                    ,3952      ,                ,  101,                    ,                              ,14,0,20181129 19:29:01,    0,         0,         0,65535,65535, 9999,2,                ,0000000,0, 0,         0,    0,0000000000000000000000000000000000000000,0000000000000000000000000000000000000000,         0,         0,         0,         0,1, 0, 0, 0,1286                          ,    0,         0,0,20181129 19:29:01,5143                          ,  101, 9999,  101,  101,    0,     0,     0
 ED5.2,1525                          ,1736                          ,                    ,1635      ,                ,  101,                    ,                              ,14,0,20181129 19:29:15,    0,         0,         9,65535,65535, 9999,2,                ,0000000,0, 0,         0,    0,0000000000000000000000000000000000000000,0000000000000000000000000000000000000000,         0,         0,         0,         0,1, 0, 0, 0,1525                          ,    0,         9,0,20181129 19:29:06,1736                          ,  101, 9999,  101,  101,    0,     0,     0
 ED5.2,1477                          ,3269                          ,                    ,1979      ,                ,  101,                    ,                              ,14,0,20181129 19:29:21,    0,         0,        40,65535,65535, 9999,2,                ,0000000,0, 0,         0,    0,0000000000000000000000000000000000000000,0000000000000000000000000000000000000000,         0,         0,         0,         0,1, 0, 0, 0,1477                          ,    0,        40,0,20181129 19:28:41,3269                          ,  101, 9999,  101,  101,    0,     0,     0
 ED5.2,1184                          ,5143                          ,                    ,3952      ,                ,  101,                    ,                              ,14,0,20181129 19:29:29,    0,         0,         0,65535,65535, 9999,2,                ,0000000,0, 0,         0,    0,0000000000000000000000000000000000000000,0000000000000000000000000000000000000000,         0,         0,         0,         0,1, 0, 0, 0,1286                          ,    0,         0,1,20181129 19:29:29,5143                          ,  101, 9999,  101,  101,    0,     0,     0
 ED5.2,1417                          ,1736                          ,                    ,1635      ,                ,  101,                    ,                              ,14,0,20181129 19:29:33,    0,         0,         0,65535,65535, 9999,2,                ,0000000,0, 0,         0,    0,0000000000000000000000000000000000000000,0000000000000000000000000000000000000000,         0,         0,         0,         0,1, 0, 0, 0,1417                          ,    0,         0,0,20181129 19:29:33,1736                          ,  101, 9999,  101,  101,    0,     0,     0
 ED5.2,88                            ,1736                          ,                    ,1635      ,                ,  101,                    ,                              ,14,0,20181129 19:29:41,    0,         0,         8,65535,65535, 9999,2,                ,0000000,0, 0,         0,    0,0000000000000000000000000000000000000000,0000000000000000000000000000000000000000,         0,         0,         0,         0,1, 0, 0, 0,1417                          ,    0,         8,1,20181129 19:29:33,1736                          ,  101, 9999,  101,  101,    0,     0,     0
 ED5.2,305862886                     ,1228                          ,COORD PROCES ADI    ,1949      ,                ,  101,                    ,                              , 0,2,20181129 19:30:03,    0,         0,         0, 2323,   66,  101,2,                ,0010000,2, 1,         0,    0,1000000000000000000000000000000000000000,0000000000000000000000010000000000001000,         0,         0,         0,         0,1, 0, 0, 0,03305862886                   ,    0,         0,0,20181129 19:30:03,1228                          , 9999, 9999, 9999,  101,32767,     0,     0
 ED5.2,1417                          ,1736                          ,                    ,1635      ,                ,  101,                    ,                              ,14,0,20181129 19:30:43,    0,         0,         0,65535,65535, 9999,2,                ,0000000,0, 0,         0,    0,0000000000000000000000000000000000000000,0000000000000000000000000000000000000000,         0,         0,         0,         0,1, 0, 0, 0,1417                          ,    0,         0,0,20181129 19:30:43,1736                          ,  101, 9999,  101,  101,    0,     0,     0
 ED5.2,88                            ,1736                          ,                    ,1635      ,                ,  101,                    ,                              ,14,0,20181129 19:30:45,    0,         0,         2,65535,65535, 9999,2,                ,0000000,0, 0,         0,    0,0000000000000000000000000000000000000000,0000000000000000000000000000000000000000,         0,         0,         0,         0,1, 0, 0, 0,1417                          ,    0,         2,1,20181129 19:30:43,1736                          ,  101, 9999,  101,  101,    0,     0,     0
 ED5.2,5361599                       ,1129                          ,ANGIE MILENA BEG    ,1632      ,                ,  101,                    ,                              , 0,2,20181129 19:31:13,    0,         0,       363, 1976,   11,  101,2,                ,0010000,2, 1,         0,    0,1000000000000000000000000000000000000000,0000000000000000000000010000000000001000,         0,         0,         0,         0,1, 0, 0, 0,5361599                       ,    0,         0,0,20181129 19:25:10,1129                          , 9999, 9999, 9999,  101,32767,     0,     0
 ED5.2,3105862886                    ,1228                          ,COORD PROCES ADI    ,1949      ,                ,  101,                    ,                              , 0,2,20181129 19:31:15,    0,         0,        39, 2323,   66,  101,2,                ,0010000,2, 1,         0,    0,1000000000000000000000000000000000000000,0000000000000000000000010000000000001000,         0,         0,         0,         0,1, 0, 0, 0,033105862886                  ,    0,         0,0,20181129 19:30:36,1228                          , 9999, 9999, 9999,  101,32767,     0,     0
 ED5.2,1322                          ,1211                          ,                    ,1952      ,                ,  101,                    ,                              ,14,0,20181129 19:31:28,    0,         0,       137,65535,65535, 9999,2,                ,0000000,0, 0,         0,    0,0000000000000000000000000000000000000000,0000000000000000000000000000000000000000,         0,         0,         0,         0,1, 0, 0, 0,1322                          ,    0,       137,0,20181129 19:29:11,1211                          ,  101, 9999,  101,  101,    0,     0,     0
 ED5.2,3681984                       ,5148                          ,WILSON SEGUN FON    ,3952      ,                ,  101,                    ,                              , 0,2,20181129 19:32:33,    0,         0,        15, 2842,   82,  101,2,                ,0010000,2, 1,         0,    0,1000000000000000000000000000000000000000,0000000000000000000000010000000000001000,         0,         0,         0,         0,1, 0, 0, 0,3681984                       ,    0,         0,0,20181129 19:32:18,5148                          , 9999, 9999, 9999,  101,32767,     0,     0
 ED5.2,1734                          ,1563                          ,                    ,1952      ,                ,  101,                    ,                              ,14,0,20181129 19:32:52,    0,         0,       381,65535,65535, 9999,2,                ,0000000,0, 0,         0,    0,0000000000000000000000000000000000000000,0000000000000000000000000000000000000000,         0,         0,         0,         0,1, 0, 0, 0,1734                          ,    0,       381,0,20181129 19:26:31,1563                          ,  101, 9999,  101,  101,    0,     0,     0
 ED5.2,3344030                       ,4027                          ,LILIANA MARIN RI    ,1952      ,                ,  101,                    ,                              , 0,2,20181129 19:32:55,    0,         0,        46, 2419,   15,  101,2,                ,0010000,2, 1,         0,    0,1000000000000000000000000000000000000000,0000000000000000000000010000000000001000,         0,         0,         0,         0,1, 0, 0, 0,3344030                       ,    0,         0,0,20181129 19:32:09,4027                          , 9999, 9999, 9999,  101,32767,     0,     0
 ED5.2,6170533                       ,1075                          ,MARIA CAMILA ARI    ,1741      ,                ,  101,                    ,                              , 0,2,20181129 19:33:30,    0,         0,       216, 2839,   82,  101,2,                ,0010000,2, 1,         0,    0,1000000000000000000000000000000000000000,0000000000000000000000010000000000001000,         0,         0,         0,         0,1, 0, 0, 0,6170533                       ,    0,         0,0,20181129 19:29:54,1075                          , 9999, 9999, 9999,  101,32767,     0,     0
 ED5.2,3269                          ,1339                          ,                    ,1945      ,                ,  101,                    ,                              ,14,0,20181129 19:34:37,    0,         0,        92,65535,65535, 9999,2,                ,0000000,0, 0,         0,    0,0000000000000000000000000000000000000000,0000000000000000000000000000000000000000,         0,         0,         0,         0,1, 0, 0, 0,3269                          ,    0,        92,0,20181129 19:33:05,1339                          ,  101, 9999,  101,  101,    0,     0,     0
 ED5.2,4514020                       ,1154                          ,JENNIFFER TA GOM    ,1952      ,                ,  101,                    ,                              , 4,2,20181129 19:35:54,    0,         0,        29,  120,   20,  101,2,                ,0000000,3, 0,         0,    0,0000000000000000000000000000000000000000,0000000000000000000000010000000000000000,         0,         0,         0,         0,1, 0, 0, 0,A800                          ,   29,         0,1,20181129 19:35:25,                              , 9999, 9999, 9999, 9999,32767,     0,     0
 ED5.2,1339                          ,1477                          ,                    ,1215      ,                ,  101,                    ,                              ,14,0,20181129 19:40:22,    0,         0,        19,65535,65535, 9999,2,                ,0000000,0, 0,         0,    0,0000000000000000000000000000000000000000,0000000000000000000000000000000000000000,         0,         0,         0,         0,1, 0, 0, 0,1339                          ,    0,        19,0,20181129 19:40:03,1477                          ,  101, 9999,  101,  101,    0,     0,     0
 ED5.2,3201                          ,3269                          ,                    ,1979      ,                ,  101,                    ,                              ,14,0,20181129 19:40:42,    0,         0,         0,65535,65535, 9999,2,                ,0000000,0, 0,         0,    0,0000000000000000000000000000000000000000,0000000000000000000000000000000000000000,         0,         0,         0,         0,1, 0, 0, 0,3201                          ,    0,         0,0,20181129 19:40:42,3269                          ,  101, 9999,  101,  101,    0,     0,     0
 ED5.2,6604869                       ,1525                          ,ANGELICA TORRES     ,1632      ,                ,  101,                    ,                              , 0,2,20181129 19:40:51,    0,         0,        57, 1976,   11,  101,2,                ,0010000,2, 1,         0,    0,1000000000000000000000000000000000000000,0000000000000000000000010000000000001000,         0,         0,         0,         0,1, 0, 0, 0,6604869                       ,    0,         0,0,20181129 19:39:54,1525                          , 9999, 9999, 9999,  101,32767,     0,     0
 ED5.2,1365                          ,1551                          ,                    ,1215      ,                ,  101,                    ,                              ,14,0,20181129 19:41:22,    0,         0,       222,65535,65535, 9999,2,                ,0000000,0, 0,         0,    0,0000000000000000000000000000000000000000,0000000000000000000000000000000000000000,         0,         0,         0,         0,1, 0, 0, 0,1365                          ,    0,       222,0,20181129 19:37:40,1551                          ,  101, 9999,  101,  101,    0,     0,     0
 ED5.2,1818                          ,1525                          ,                    ,1632      ,                ,  101,                    ,                              ,14,0,20181129 19:41:53,    0,         0,        30,65535,65535, 9999,2,                ,0000000,0, 0,         0,    0,0000000000000000000000000000000000000000,0000000000000000000000000000000000000000,         0,         0,         0,         0,1, 0, 0, 0,1818                          ,    0,        30,0,20181129 19:41:23,1525                          ,  101, 9999,  101,  101,    0,     0,     0
 ED5.2,4719724                       ,1228                          ,COORD PROCES ADI    ,1949      ,                ,  101,                    ,                              , 0,2,20181129 19:42:33,    0,         0,        45, 2839,   82,  101,2,                ,0010000,2, 1,         0,    0,1000000000000000000000000000000000000000,0000000000000000000000010000000000001000,         0,         0,         0,         0,1, 0, 0, 0,4719724                       ,    0,         0,0,20181129 19:41:48,1228                          , 9999, 9999, 9999,  101,32767,     0,     0
 ED5.2,3102                          ,3269                          ,                    ,1979      ,                ,  101,                    ,                              ,14,0,20181129 19:42:36,    0,         0,       105,65535,65535, 9999,2,                ,0000000,0, 0,         0,    0,0000000000000000000000000000000000000000,0000000000000000000000000000000000000000,         0,         0,         0,         0,1, 0, 0, 0,3102                          ,    0,       105,0,20181129 19:40:51,3269                          ,  101, 9999,  101,  101,    0,     0,     0
 ED5.2,9275041                       ,1835                          ,PAOLA ANDREA BOT    ,1949      ,                ,  101,                    ,                              , 0,2,20181129 19:42:52,    0,         0,         0, 1976,   11,  101,2,                ,0010000,2, 1,         0,    0,1000000000000000000000000000000000000000,0000000000000000000000010000000000001000,         0,         0,         0,         0,1, 0, 0, 0,9275041                       ,    0,         0,0,20181129 19:42:52,1835                          , 9999, 9999, 9999,  101,32767,     0,     0
 ED5.2,3269                          ,3102                          ,                    ,1979      ,                ,  101,                    ,                              ,14,0,20181129 19:43:20,    0,         0,        39,65535,65535, 9999,2,                ,0000000,0, 0,         0,    0,0000000000000000000000000000000000000000,0000000000000000000000000000000000000000,         0,         0,         0,         0,1, 0, 0, 0,3269                          ,    0,        39,0,20181129 19:42:41,3102                          ,  101, 9999,  101,  101,    0,     0,     0
 ED5.2,9275041                       ,1835                          ,PAOLA ANDREA BOT    ,1949      ,                ,  101,                    ,                              , 0,2,20181129 19:44:43,    0,         0,        83,  120,   20,  101,2,                ,0010000,2, 1,         0,    0,1000000000000000000000000000000000000000,0000000000000000000000010000000000001000,         0,         0,         0,         0,1, 0, 0, 0,9275041                       ,    0,         0,0,20181129 19:43:20,1835                          , 9999, 9999, 9999,  101,32767,     0,     0
 ED5.2,5204774                       ,1551                          ,JENNIFER ALE ROD    ,1215      ,                ,  101,                    ,                              , 0,2,20181129 19:45:03,    0,         0,       109, 1976,   11,  101,2,                ,0010000,2, 1,         0,    0,1000000000000000000000000000000000000000,0000000000000000000000010000000000001000,         0,         0,         0,         0,1, 0, 0, 0,5204774                       ,    0,         0,0,20181129 19:43:14,1551                          , 9999, 9999, 9999,  101,32767,     0,     0
 ED5.2,1417                          ,1736                          ,                    ,1635      ,                ,  101,                    ,                              ,14,0,20181129 19:46:19,    0,         0,         0,65535,65535, 9999,2,                ,0000000,0, 0,         0,    0,0000000000000000000000000000000000000000,0000000000000000000000000000000000000000,         0,         0,         0,         0,1, 0, 0, 0,1417                          ,    0,         0,0,20181129 19:46:19,1736                          ,  101, 9999,  101,  101,    0,     0,     0
 ED5.2,1036                          ,1736                          ,                    ,1635      ,                ,  101,                    ,                              ,14,0,20181129 19:47:30,    0,         0,        64,65535,65535, 9999,2,                ,0000000,0, 0,         0,    0,0000000000000000000000000000000000000000,0000000000000000000000000000000000000000,         0,         0,         0,         0,1, 0, 0, 0,1036                          ,    0,        64,0,20181129 19:46:26,1736                          ,  101, 9999,  101,  101,    0,     0,     0
 ED5.2,1452                          ,1036                          ,                    ,1632      ,                ,  101,                    ,                              ,14,0,20181129 19:47:33,    0,         0,         0,65535,65535, 9999,2,                ,0000000,0, 0,         0,    0,0000000000000000000000000000000000000000,0000000000000000000000000000000000000000,         0,         0,         0,         0,1, 0, 0, 0,1452                          ,    0,         0,0,20181129 19:47:33,1036                          ,  101, 9999,  101,  101,    0,     0,     0
 ED5.2,1452                          ,1736                          ,                    ,1635      ,                ,  101,                    ,                              ,14,0,20181129 19:48:23,    0,         0,        50,65535,65535, 9999,2,                ,0000000,0, 0,         0,    0,0000000000000000000000000000000000000000,0000000000000000000000000000000000000000,         0,         0,         0,         0,1, 0, 0, 0,1452                          ,    0,        50,0,20181129 19:47:33,1736                          ,  101, 9999,  101,  101,    0,     0,     0
 ED5.2,1417                          ,1736                          ,                    ,1635      ,                ,  101,                    ,                              ,14,0,20181129 19:48:44,    0,         0,         0,65535,65535, 9999,2,                ,0000000,0, 0,         0,    0,0000000000000000000000000000000000000000,0000000000000000000000000000000000000000,         0,         0,         0,         0,1, 0, 0, 0,1417                          ,    0,         0,0,20181129 19:48:44,1736                          ,  101, 9999,  101,  101,    0,     0,     0
 ED5.2,88                            ,1736                          ,                    ,1635      ,                ,  101,                    ,                              ,14,0,20181129 19:48:50,    0,         0,         6,65535,65535, 9999,2,                ,0000000,0, 0,         0,    0,0000000000000000000000000000000000000000,0000000000000000000000000000000000000000,         0,         0,         0,         0,1, 0, 0, 0,1417                          ,    0,         6,1,20181129 19:48:44,1736                          ,  101, 9999,  101,  101,    0,     0,     0
 ED5.2,7777                          ,1736                          ,                    ,1635      ,                ,  101,                    ,                              , 3,0,20181129 19:48:54,    0,         0,         0,65535,65535, 9999,2,                ,0000000,0, 0,         0,    0,0000000000000000000000000000000000000000,0000000000000000000000000000000000000000,         0,         0,         0,         0,1, 0, 0, 0,7777                          ,    0,         0,0,20181129 19:48:54,1736                          ,  101, 9999,  101,  101,    0,     0,     0
 ED5.2,663103110173                  ,FS082                         ,SIPsalida           ,          ,                ,  101,                    ,                              , 4,2,20181129 19:49:03,    0,         0,        10, 2839,   82,  101,2,                ,0000000,2, 0,         0,    0,0000000000000000000000000000000000000000,0000000000000000000000010000000000000000,         0,         0,         0,         0,1, 0, 0, 0,A500                          ,   11,         0,0,20181129 19:48:53,                              , 9999, 9999, 9999, 9999,32767,     0,     0
 ED5.2,6604869                       ,1674                          ,ANA MARIA ENCISO    ,1633      ,                ,  101,                    ,                              , 0,2,20181129 19:49:24,    0,         0,       133, 1976,   11,  101,2,                ,0010000,2, 1,         0,    0,1000000000000000000000000000000000000000,0000000000000000000000010000000000001000,         0,         0,         0,         0,1, 0, 0, 0,6604869                       ,    0,         0,0,20181129 19:47:11,1674                          , 9999, 9999, 9999,  101,32767,     0,     0
 ED5.2,663004995059                  ,FS082                         ,SIPsalida           ,          ,                ,  101,                    ,                              , 4,2,20181129 19:50:02,    0,         0,         4, 2839,   82,  101,2,                ,0000000,2, 0,         0,    0,0000000000000000000000000000000000000000,0000000000000000000000010000000000000000,         0,         0,         0,         0,1, 0, 0, 0,A500                          ,    4,         0,0,20181129 19:49:58,                              , 9999, 9999, 9999, 9999,32767,     0,     0
 ED5.2,663043842397                  ,1060                          ,NELLY CORTES C      ,1630      ,                ,  101,                    ,                              , 4,2,20181129 19:50:22,    0,         0,         0,  121,   20,  101,2,                ,0000000,2, 0,         0,    0,0000000000000000000000000000000000000000,0000000000000000000000010000000000000000,         0,         0,         0,         0,1, 0, 0, 0,1081                          ,   36,         0,1,20181129 19:50:22,                              , 9999, 9999, 9999, 9999,32767,     0,     0
 ED5.2,1444                          ,1478                          ,                    ,1952      ,                ,  101,                    ,                              ,14,0,20181129 19:50:25,    0,         0,         0,65535,65535, 9999,2,                ,0000000,0, 0,         0,    0,0000000000000000000000000000000000000000,0000000000000000000000000000000000000000,         0,         0,         0,         0,1, 0, 0, 0,1444                          ,    0,         0,0,20181129 19:50:25,1478                          ,  101, 9999,  101,  101,    0,     0,     0
 ED5.2,663103110173                  ,1070                          ,JOHANNA MARC POV    ,1740      ,                ,  101,                    ,                              , 4,2,20181129 19:50:25,    0,         0,        64,  120,   20,  101,2,                ,0000000,2, 1,         0,    0,0000000000000000000000000000000000000000,0000000000000000000000010000000000000000,         0,         0,         0,         0,1, 0, 0, 0,A800                          ,   64,         0,1,20181129 19:49:21,                              , 9999, 9999, 9999, 9999,32767,     0,     0
 ED5.2,1526                          ,1478                          ,                    ,1952      ,                ,  101,                    ,                              ,14,0,20181129 19:50:28,    0,         0,         0,65535,65535, 9999,2,                ,0000000,0, 0,         0,    0,0000000000000000000000000000000000000000,0000000000000000000000000000000000000000,         0,         0,         0,         0,1, 0, 0, 0,1444                          ,    0,         0,1,20181129 19:50:28,1478                          ,  101, 9999,  101,  101,    0,     0,     0
 ED5.2,1351                          ,1447                          ,                    ,1632      ,                ,  101,                    ,                              ,14,0,20181129 19:51:14,    0,         0,        17,65535,65535, 9999,2,                ,0000000,0, 0,         0,    0,0000000000000000000000000000000000000000,0000000000000000000000000000000000000000,         0,         0,         0,         0,1, 0, 0, 0,1351                          ,    0,        17,0,20181129 19:50:57,1447                          ,  101, 9999,  101,  101,    0,     0,     0
 ED5.2,4087                          ,4023                          ,                    ,2952      ,                ,  101,                    ,                              ,14,0,20181129 19:51:21,    0,         0,        87,65535,65535, 9999,2,                ,0000000,0, 0,         0,    0,0000000000000000000000000000000000000000,0000000000000000000000000000000000000000,         0,         0,         0,         0,1, 0, 0, 0,4087                          ,    0,        87,0,20181129 19:49:54,4023                          ,  101, 9999,  101,  101,    0,     0,     0
 ED5.2,663103110173                  ,1076                          ,JEISSON ANDR VAS    ,1741      ,                ,  101,                    ,                              , 4,2,20181129 19:51:25,    0,         0,        52,  120,   20,  101,2,                ,0000000,2, 1,         0,    0,0000000000000000000000000000000000000000,0000000000000000000000010000000000000000,         0,         0,         0,         0,1, 0, 0, 0,A800                          ,   52,         0,0,20181129 19:50:33,                              , 9999, 9999, 9999, 9999,32767,     0,     0
 ED5.2,7708427                       ,1259                          ,PROGRAMACION DE     ,1949      ,                ,  101,                    ,                              , 0,2,20181129 19:51:26,    0,         0,       680, 1975,   11,  101,2,                ,0010000,2, 1,         0,    0,1000000000000000000000000000000000000000,0000000000000000000000010000000000001000,         0,         0,         0,         0,1, 0, 0, 0,7708427                       ,    0,         0,0,20181129 19:40:06,1259                          , 9999, 9999, 9999,  101,32767,     0,     0
 ED5.2,3944058                       ,3269                          ,OSCAR GIOVAN ALV    ,1979      ,                ,  101,                    ,                              , 0,2,20181129 19:51:39,    0,         0,       137, 1977,   11,  101,2,                ,0010000,2, 1,         0,    0,1000000000000000000000000000000000000000,0000000000000000000000010000000000001000,         0,         0,         0,         0,1, 0, 0, 0,3944058                       ,    0,         0,0,20181129 19:49:22,3269                          , 9999, 9999, 9999,  101,32767,     0,     0
 ED5.2,1851                          ,1447                          ,                    ,1632      ,                ,  101,                    ,                              ,14,0,20181129 19:51:46,    0,         0,        28,65535,65535, 9999,2,                ,0000000,0, 0,         0,    0,0000000000000000000000000000000000000000,0000000000000000000000000000000000000000,         0,         0,         0,         0,1, 0, 0, 0,1851                          ,    0,        28,0,20181129 19:51:18,1447                          ,  101, 9999,  101,  101,    0,     0,     0
 ED5.2,8803                          ,6112                          ,EDDY SANTIAG FLO    ,5952      ,                ,  101,                    ,                              , 0,1,20181129 19:52:56,    0,         0,         0,  407,   83,  101,2,                ,0010000,0, 0,         0,    0,0000000000000000000000000000000000000000,0000000000000000000000010000000000001000,         0,         0,         0,         0,1, 0, 0, 0,8803                          ,    0,         0,0,20181129 19:52:56,6112                          , 9999, 9999, 9999,  101,32767,     0,     0
 ED5.2,1076                          ,1123                          ,                    ,1952      ,                ,  101,                    ,                              ,14,0,20181129 19:52:57,    0,         0,         0,65535,65535, 9999,2,                ,0000000,0, 0,         0,    0,0000000000000000000000000000000000000000,0000000000000000000000000000000000000000,         0,         0,         0,         0,1, 0, 0, 0,1076                          ,    0,         0,0,20181129 19:52:57,1123                          ,  101, 9999,  101,  101,    0,     0,     0
 ED5.2,7322726                       ,3107                          ,MARYURY PIRA        ,1672      ,                ,  101,                    ,                              , 0,2,20181129 19:53:13,    0,         0,        42, 1975,   11,  101,2,                ,0010000,2, 1,         0,    0,1000000000000000000000000000000000000000,0000000000000000000000010000000000001000,         0,         0,         0,         0,1, 0, 0, 0,7322726                       ,    0,         0,0,20181129 19:52:31,3107                          , 9999, 9999, 9999,  101,32767,     0,     0
 ED5.2,663103110173                  ,1076                          ,JEISSON ANDR VAS    ,1741      ,                ,  101,                    ,                              , 4,2,20181129 19:53:35,    0,         0,        35,  120,   20,  101,2,                ,0000000,2, 1,         0,    0,0000000000000000000000000000000000000000,0000000000000000000000010000000000000000,         0,         0,         0,         0,1, 0, 0, 0,A800                          ,   35,         0,0,20181129 19:53:00,                              , 9999, 9999, 9999, 9999,32767,     0,     0
 ED5.2,8803364                       ,6112                          ,EDDY SANTIAG FLO    ,5952      ,                ,  101,                    ,                              , 0,1,20181129 19:54:01,    0,         0,        51,   96,   83,  101,2,                ,0010000,0, 0,         0,    0,0000000000000000000000000000000000000000,0000000000000000000000010000000000001000,         0,         0,         0,         0,1, 0, 0, 0,8803364                       ,    0,         0,0,20181129 19:53:10,6112                          , 9999, 9999, 9999,  101,32767,     0,     0
 ED5.2,4012                          ,4009                          ,                    ,2632      ,                ,  101,                    ,                              ,14,0,20181129 19:54:08,    0,         0,        57,65535,65535, 9999,2,                ,0000000,0, 0,         0,    0,0000000000000000000000000000000000000000,0000000000000000000000000000000000000000,         0,         0,         0,         0,1, 0, 0, 0,4012                          ,    0,        57,0,20181129 19:53:11,4009                          ,  101, 9999,  101,  101,    0,     0,     0
 ED5.2,3104                          ,3130                          ,                    ,1979      ,                ,  101,                    ,                              ,14,0,20181129 19:54:12,    0,         0,        28,65535,65535, 9999,2,                ,0000000,0, 0,         0,    0,0000000000000000000000000000000000000000,0000000000000000000000000000000000000000,         0,         0,         0,         0,1, 0, 0, 0,3104                          ,    0,        28,0,20181129 19:53:44,3130                          ,  101, 9999,  101,  101,    0,     0,     0
 ED5.2,3102                          ,3130                          ,                    ,1979      ,                ,  101,                    ,                              ,14,0,20181129 19:54:12,    0,         0,        43,65535,65535, 9999,2,                ,0000000,0, 0,         0,    0,0000000000000000000000000000000000000000,0000000000000000000000000000000000000000,         0,         0,         0,         0,1, 0, 0, 0,3102                          ,    0,        43,0,20181129 19:53:29,3130                          ,  101, 9999,  101,  101,    0,     0,     0
 ED5.2,1424                          ,1736                          ,                    ,1635      ,                ,  101,                    ,                              ,14,0,20181129 19:54:39,    0,         0,         9,65535,65535, 9999,2,                ,0000000,0, 0,         0,    0,0000000000000000000000000000000000000000,0000000000000000000000000000000000000000,         0,         0,         0,         0,1, 0, 0, 0,1424                          ,    0,         9,0,20181129 19:54:30,1736                          ,  101, 9999,  101,  101,    0,     0,     0
 ED5.2,1503                          ,1736                          ,                    ,1635      ,                ,  101,                    ,                              ,14,0,20181129 19:54:53,    0,         0,         8,65535,65535, 9999,2,                ,0000000,0, 0,         0,    0,0000000000000000000000000000000000000000,0000000000000000000000000000000000000000,         0,         0,         0,         0,1, 0, 0, 0,1456                          ,    0,         8,1,20181129 19:54:45,1736                          ,  101, 9999,  101,  101,    0,     0,     0
 ED5.2,1115                          ,3130                          ,                    ,1979      ,                ,  101,                    ,                              ,14,0,20181129 19:55:08,    0,         0,         0,65535,65535, 9999,2,                ,0000000,0, 0,         0,    0,0000000000000000000000000000000000000000,0000000000000000000000000000000000000000,         0,         0,         0,         0,1, 0, 0, 0,1115                          ,    0,         0,0,20181129 19:55:08,3130                          ,  101, 9999,  101,  101,    0,     0,     0
 ED5.2,1365                          ,1551                          ,                    ,1215      ,                ,  101,                    ,                              ,14,0,20181129 19:55:49,    0,         0,        35,65535,65535, 9999,2,                ,0000000,0, 0,         0,    0,0000000000000000000000000000000000000000,0000000000000000000000000000000000000000,         0,         0,         0,         0,1, 0, 0, 0,1365                          ,    0,        35,0,20181129 19:55:14,1551                          ,  101, 9999,  101,  101,    0,     0,     0
 ED5.2,2123505                       ,1071                          ,YURY ANDREA RUIZ    ,1215      ,                ,  101,                    ,                              , 0,2,20181129 19:57:14,    0,         0,       216, 2839,   82,  101,2,                ,0010000,2, 1,         0,    0,1000000000000000000000000000000000000000,0000000000000000000000010000000000001000,         0,         0,         0,         0,1, 0, 0, 0,2123505                       ,    0,         0,0,20181129 19:53:38,1071                          , 9999, 9999, 9999,  101,32767,     0,     0
 ED5.2,1427                          ,1736                          ,                    ,1635      ,                ,  101,                    ,                              ,14,0,20181129 19:57:28,    0,         0,        26,65535,65535, 9999,2,                ,0000000,0, 0,         0,    0,0000000000000000000000000000000000000000,0000000000000000000000000000000000000000,         0,         0,         0,         0,1, 0, 0, 0,1427                          ,    0,        26,0,20181129 19:57:02,1736                          ,  101, 9999,  101,  101,    0,     0,     0
 ED5.2,3103                          ,3130                          ,                    ,1979      ,                ,  101,                    ,                              ,14,0,20181129 19:58:40,    0,         0,       205,65535,65535, 9999,2,                ,0000000,0, 0,         0,    0,0000000000000000000000000000000000000000,0000000000000000000000000000000000000000,         0,         0,         0,         0,1, 0, 0, 0,3103                          ,    0,       205,0,20181129 19:55:15,3130                          ,  101, 9999,  101,  101,    0,     0,     0
 ED5.2,3019597                       ,5161                          ,LORENA PATRI ACU    ,3952      ,                ,  101,                    ,                              , 0,2,20181129 19:58:46,    0,         0,         0, 2839,   82,  101,2,                ,0010000,2, 1,         0,    0,1000000000000000000000000000000000000000,0000000000000000000000010000000000001000,         0,         0,         0,         0,1, 0, 0, 0,3019597                       ,    0,         0,0,20181129 19:58:46,5161                          , 9999, 9999, 9999,  101,32767,     0,     0
 ED5.2,3019597                       ,5161                          ,LORENA PATRI ACU    ,3952      ,                ,  101,                    ,                              , 0,2,20181129 19:58:56,    0,         0,         0, 2839,   82,  101,2,                ,0010000,2, 1,         0,    0,1000000000000000000000000000000000000000,0000000000000000000000010000000000001000,         0,         0,         0,         0,1, 0, 0, 0,3019597                       ,    0,         0,0,20181129 19:58:56,5161                          , 9999, 9999, 9999,  101,32767,     0,     0
 ED5.2,3019597                       ,5161                          ,LORENA PATRI ACU    ,3952      ,                ,  101,                    ,                              , 0,2,20181129 19:59:08,    0,         0,         0, 2839,   82,  101,2,                ,0010000,2, 1,         0,    0,1000000000000000000000000000000000000000,0000000000000000000000010000000000001000,         0,         0,         0,         0,1, 0, 0, 0,3019597                       ,    0,         0,0,20181129 19:59:08,5161                          , 9999, 9999, 9999,  101,32767,     0,     0
 ED5.2,1115                          ,3130                          ,                    ,1979      ,                ,  101,                    ,                              ,14,0,20181129 19:59:11,    0,         0,         0,65535,65535, 9999,2,                ,0000000,0, 0,         0,    0,0000000000000000000000000000000000000000,0000000000000000000000000000000000000000,         0,         0,         0,         0,1, 0, 0, 0,1115                          ,    0,         0,0,20181129 19:59:11,3130                          ,  101, 9999,  101,  101,    0,     0,     0
 ED5.2,1105                          ,3130                          ,                    ,1979      ,                ,  101,                    ,                              ,14,0,20181129 19:59:16,    0,         0,         0,65535,65535, 9999,2,                ,0000000,0, 0,         0,    0,0000000000000000000000000000000000000000,0000000000000000000000000000000000000000,         0,         0,         0,         0,1, 0, 0, 0,1105                          ,    0,         0,0,20181129 19:59:16,3130                          ,  101, 9999,  101,  101,    0,     0,     0
 ED5.2,3019597                       ,5161                          ,LORENA PATRI ACU    ,3952      ,                ,  101,                    ,                              , 0,2,20181129 19:59:25,    0,         0,         0, 2839,   82,  101,2,                ,0010000,2, 1,         0,    0,1000000000000000000000000000000000000000,0000000000000000000000010000000000001000,         0,         0,         0,         0,1, 0, 0, 0,3019597                       ,    0,         0,0,20181129 19:59:25,5161                          , 9999, 9999, 9999,  101,32767,     0,     0
 ED5.2,3107891832                    ,1324                          ,JENNIFER CORREA     ,1952      ,                ,  101,                    ,                              , 0,2,20181129 19:59:37,    0,         0,       159, 2323,   66,  101,2,                ,0010000,2, 1,         0,    0,1000000000000000000000000000000000000000,0000000000000000000000010000000000001000,         0,         0,         0,         0,1, 0, 0, 0,033107891832                  ,    0,         0,0,20181129 19:56:58,1324                          , 9999, 9999, 9999,  101,32767,     0,     0
 ED5.2,1226                          ,3130                          ,                    ,1979      ,                ,  101,                    ,                              ,14,0,20181129 19:59:41,    0,         0,         0,65535,65535, 9999,2,                ,0000000,0, 0,         0,    0,0000000000000000000000000000000000000000,0000000000000000000000000000000000000000,         0,         0,         0,         0,1, 0, 0, 0,1226                          ,    0,         0,0,20181129 19:59:41,3130                          ,  101, 9999,  101,  101,    0,     0,     0
 ED5.2,88                            ,3130                          ,                    ,1979      ,                ,  101,                    ,                              ,14,0,20181129 19:59:42,    0,         0,         1,65535,65535, 9999,2,                ,0000000,0, 0,         0,    0,0000000000000000000000000000000000000000,0000000000000000000000000000000000000000,         0,         0,         0,         0,1, 0, 0, 0,1226                          ,    0,         1,1,20181129 19:59:41,3130                          ,  101, 9999,  101,  101,    0,     0,     0
 ED5.2,6604876                       ,1153                          ,MONICA MARCE FAJ    ,1952      ,                ,  101,                    ,                              , 0,2,20181129 20:00:21,    0,         0,         0, 1975,   11,  101,2,                ,0010000,2, 1,         0,    0,1000000000000000000000000000000000000000,0000000000000000000000010000000000001000,         0,         0,         0,         0,1, 0, 0, 0,6604876                       ,    0,         0,0,20181129 20:00:21,1153                          , 9999, 9999, 9999,  101,32767,     0,     0
