 ED5.2,5780544                       ,1002                          ,JOHAN ESNEID PED    ,          ,                ,  101,                    ,                              , 0,2,20190205 08:00:07,    0,         0,         0,10009,   11,  101,2,                ,0010000,2, 1,         0,    0,1000000000000000000000000000000000000000,0000000000000000000000010000000000001000,         0,         0,         0,         0,1, 0, 0, 0,5780544                       ,    0,         0,0,20190205 08:00:07,1002                          , 9999, 9999, 9999,  101,32767,     0,     0
 ED5.2,9503                          ,7101                          ,DIRECCION PEREIR    ,5425      ,                ,  101,                    ,                              , 0,2,20190205 08:00:10,    0,         0,         1,10009,   11,  101,2,                ,0010000,2, 1,         0,    0,1000000000000000000000000000000000000000,0000000000000000000000010000000000001000,         0,         0,         0,         0,1, 0, 0, 0,9503                          ,    0,         0,0,20190205 08:00:09,7101                          , 9999, 9999, 9999,  101,32767,     0,     0
 ED5.2,                              ,7101                          ,DIRECCION PEREIR    ,5425      ,                ,  101,                    ,                              , 4,1,20190205 08:00:10,    0,         0,        35,  408,   83,  101,2,                ,0000000,0, 0,         0,    0,0000000000000000000000000000000000000000,0000000000000000000000010000000000000000,         0,         0,         0,         0,1, 0, 0, 0,                              ,   18,        17,1,20190205 07:59:35,                              , 9999, 9999, 9999, 9999,32767,     0,     0
 ED5.2,1398                          ,1076                          ,                    ,1741      ,                ,  101,                    ,                              ,14,0,20190205 08:00:10,    0,         0,        35,65535,65535, 9999,2,                ,0000000,0, 0,         0,    0,0000000000000000000000000000000000000000,0000000000000000000000000000000000000000,         0,         0,         0,         0,1, 0, 0, 0,1398                          ,    0,        35,0,20190205 07:59:35,1076                          ,  101, 9999,  101,  101,    0,     0,     0
 ED5.2,6104                          ,1052                          ,                    ,1528      ,                ,  101,                    ,                              ,14,0,20190205 08:00:15,    0,         0,         0,65535,65535, 9999,2,                ,0000000,0, 0,         0,    0,0000000000000000000000000000000000000000,0000000000000000000000000000000000000000,         0,         0,         0,         0,1, 0, 0, 0,6104                          ,    0,         0,0,20190205 08:00:15,1052                          ,  101, 9999,  101,  101,    0,     0,     0
 ED5.2,5780544                       ,1002                          ,JOHAN ESNEID PED    ,          ,                ,  101,                    ,                              , 0,2,20190205 08:00:17,    0,         0,         0,10012,   11,  101,2,                ,0010000,2, 1,         0,    0,1000000000000000000000000000000000000000,0000000000000000000000010000000000001000,         0,         0,         0,         0,1, 0, 0, 0,5780544                       ,    0,         0,0,20190205 08:00:17,1002                          , 9999, 9999, 9999,  101,32767,     0,     0
 ED5.2,1173                          ,1736                          ,                    ,1635      ,                ,  101,                    ,                              ,14,0,20190205 08:00:19,    0,         0,         0,65535,65535, 9999,2,                ,0000000,0, 0,         0,    0,0000000000000000000000000000000000000000,0000000000000000000000000000000000000000,         0,         0,         0,         0,1, 0, 0, 0,1137                          ,    0,         0,1,20190205 08:00:19,1736                          ,  101, 9999,  101,  101,    0,     0,     0
 ED5.2,0745201530                    ,4026                          ,LUZ MARINA PARRA    ,2952      ,                ,  101,                    ,                              , 4,2,20190205 08:00:22,    0,         0,       188,10447,   15,  101,2,                ,0000000,2, 0,         0,    0,0000000000000000000000000000000000000000,0000000000000000000000010000000000000000,         0,         0,         0,         0,1, 0, 0, 0,A800                          ,  189,         0,1,20190205 07:57:14,                              , 9999, 9999, 9999, 9999,32767,     0,     0
 ED5.2,3390                          ,3307                          ,                    ,1089      ,                ,  101,                    ,                              ,14,0,20190205 08:00:35,    0,         0,         0,65535,65535, 9999,2,                ,0000000,0, 0,         0,    0,0000000000000000000000000000000000000000,0000000000000000000000000000000000000000,         0,         0,         0,         0,1, 0, 0, 0,3390                          ,    0,         0,0,20190205 08:00:35,3307                          ,  101, 9999,  101,  101,    0,     0,     0
 ED5.2,072666048                     ,4048                          ,JUAN ESTEBAN CAR    ,2952      ,                ,  101,                    ,                              , 4,2,20190205 08:00:44,    0,         0,        79,10446,   15,  101,2,                ,0000000,2, 0,         0,    0,0000000000000000000000000000000000000000,0000000010000000000000010000000000000000,         0,         0,         0,         0,1, 0, 0, 0,                              ,  134,         0,0,20190205 07:58:30,                              , 9999, 9999, 9999, 9999,32767,     0,     0
 ED5.2,1543                          ,1736                          ,                    ,1635      ,                ,  101,                    ,                              ,14,0,20190205 08:00:47,    0,         0,        21,65535,65535, 9999,2,                ,0000000,0, 0,         0,    0,0000000000000000000000000000000000000000,0000000000000000000000000000000000000000,         0,         0,         0,         0,1, 0, 0, 0,1137                          ,    0,        21,1,20190205 08:00:26,1736                          ,  101, 9999,  101,  101,    0,     0,     0
 ED5.2,3443                          ,3400                          ,                    ,2675      ,                ,  101,                    ,                              ,14,0,20190205 08:00:48,    0,         0,         0,65535,65535, 9999,2,                ,0000000,0, 0,         0,    0,0000000000000000000000000000000000000000,0000000000000000000000000000000000000000,         0,         0,         0,         0,1, 0, 0, 0,3443                          ,    0,         0,0,20190205 08:00:48,3400                          ,  101, 9999,  101,  101,    0,     0,     0
 ED5.2,7578054                       ,1002                          ,JOHAN ESNEID PED    ,          ,                ,  101,                    ,                              , 0,2,20190205 08:00:51,    0,         0,         0,10012,   11,  101,2,                ,0010000,2, 1,         0,    0,1000000000000000000000000000000000000000,0000000000000000000000010000000000001000,         0,         0,         0,         0,1, 0, 0, 0,7578054                       ,    0,         0,0,20190205 08:00:51,1002                          , 9999, 9999, 9999,  101,32767,     0,     0
 ED5.2,2038                          ,3261                          ,                    ,1318      ,                ,  101,                    ,                              ,14,0,20190205 08:00:59,    0,         0,         0,65535,65535, 9999,2,                ,0000000,0, 0,         0,    0,0000000000000000000000000000000000000000,0000000000000000000000000000000000000000,         0,         0,         0,         0,1, 0, 0, 0,2038                          ,    0,         0,0,20190205 08:00:59,3261                          ,  101, 9999,  101,  101,    0,     0,     0
 ED5.2,0745201530                    ,FS015                         ,SIPMED F            ,          ,                ,  101,                    ,                              , 4,2,20190205 08:01:04,    0,         0,         8,10445,   15,  101,2,                ,0000000,2, 0,         0,    0,0000000000000000000000000000000000000000,0000000000000000000000010000000000000000,         0,         0,         0,         0,1, 0, 0, 0,A800                          ,    9,         0,0,20190205 08:00:56,                              , 9999, 9999, 9999, 9999,32767,     0,     0
 ED5.2,4000                          ,4072                          ,                    ,2952      ,                ,  101,                    ,                              ,14,0,20190205 08:01:06,    0,         0,        47,65535,65535, 9999,2,                ,0000000,0, 0,         0,    0,0000000000000000000000000000000000000000,0000000000000000000000000000000000000000,         0,         0,         0,         0,1, 0, 0, 0,4000                          ,    0,        47,0,20190205 08:00:19,4072                          ,  101, 9999,  101,  101,    0,     0,     0
 ED5.2,3808700                       ,1023                          ,NESTOR AUGUS REY    ,1952      ,                ,  101,                    ,                              , 4,2,20190205 08:01:09,    0,         0,        50,  121,   20,  101,2,                ,0000000,3, 0,         0,    0,0000000000000000000000000000000000000000,0000000000000000000000010000000000000000,         0,         0,         0,         0,1, 0, 0, 0,A800                          ,   50,         0,1,20190205 08:00:19,                              , 9999, 9999, 9999, 9999,32767,     0,     0
 ED5.2,3451735                       ,5108                          ,DIANA CAROLI HER    ,3952      ,                ,  101,                    ,                              , 0,2,20190205 08:01:17,    0,         0,         0,10878,   82,  101,2,                ,0010000,2, 1,         0,    0,1000000000000000000000000000000000000000,0000000000000000000000010000000000001000,         0,         0,         0,         0,1, 0, 0, 0,3451735                       ,    0,         0,0,20190205 08:01:17,5108                          , 9999, 9999, 9999,  101,32767,     0,     0
 ED5.2,7777                          ,3307                          ,                    ,1089      ,                ,  101,                    ,                              , 3,0,20190205 08:01:22,    0,         0,         0,65535,65535, 9999,2,                ,0000000,0, 0,         0,    0,0000000000000000000000000000000000000000,0000000000000000000000000000000000000000,         0,         0,         0,         0,1, 0, 0, 0,3390                          ,    0,         0,1,20190205 08:01:22,3307                          ,  101, 9999,  101,  101,    0,     0,     0
 ED5.2,7480505                       ,1023                          ,NESTOR AUGUS REY    ,1952      ,                ,  101,                    ,                              , 4,2,20190205 08:01:23,    0,         0,        64,  120,   20,  101,2,                ,0000000,3, 0,         0,    0,0000000000000000000000000000000000000000,0000000000000000000000010000000000000000,         0,         0,         0,         0,1, 0, 0, 0,A800                          ,   65,         0,1,20190205 08:00:19,                              , 9999, 9999, 9999, 9999,32767,     0,     0
 ED5.2,3503                          ,1146                          ,                    ,1635      ,                ,  101,                    ,                              ,14,0,20190205 08:01:24,    0,         0,        26,65535,65535, 9999,2,                ,0000000,0, 0,         0,    0,0000000000000000000000000000000000000000,0000000000000000000000000000000000000000,         0,         0,         0,         0,1, 0, 0, 0,3503                          ,    0,        26,0,20190205 08:00:58,1146                          ,  101, 9999,  101,  101,    0,     0,     0
 ED5.2,5153                          ,5144                          ,                    ,3741      ,                ,  101,                    ,                              ,14,0,20190205 08:01:25,    0,         0,        38,65535,65535, 9999,2,                ,0000000,0, 0,         0,    0,0000000000000000000000000000000000000000,0000000000000000000000000000000000000000,         0,         0,         0,         0,1, 0, 0, 0,5153                          ,    0,        38,0,20190205 08:00:47,5144                          ,  101, 9999,  101,  101,    0,     0,     0
 ED5.2,9503                          ,1665                          ,HELMER FERNA CHU    ,1425      ,                ,  101,                    ,                              , 0,2,20190205 08:01:27,    0,         0,       183,10001,   11,  101,2,                ,0010000,2, 1,         0,    0,1000000000000000000000000000000000000000,0000000000000000000000010000000000001000,         0,         0,         0,         0,1, 0, 0, 0,9503                          ,    0,         0,0,20190205 07:58:24,1665                          , 9999, 9999, 9999,  101,32767,     0,     0
 ED5.2,5757687                       ,1050                          ,PAOLA ANDREA RAM    ,1318      ,                ,  101,                    ,                              , 0,2,20190205 08:01:27,    0,         0,         0,10012,   11,  101,2,                ,0010000,2, 1,         0,    0,1000000000000000000000000000000000000000,0000000000000000000000010000000000001000,         0,         0,         0,         0,1, 0, 0, 0,5757687                       ,    0,         0,0,20190205 08:01:27,1050                          , 9999, 9999, 9999,  101,32767,     0,     0
 ED5.2,1291                          ,3155                          ,                    ,1377      ,                ,  101,                    ,                              ,14,0,20190205 08:01:28,    0,         0,         0,65535,65535, 9999,2,                ,0000000,0, 0,         0,    0,0000000000000000000000000000000000000000,0000000000000000000000000000000000000000,         0,         0,         0,         0,1, 0, 0, 0,1291                          ,    0,         0,0,20190205 08:01:28,3155                          ,  101, 9999,  101,  101,    0,     0,     0
 ED5.2,7463760                       ,3438                          ,ARTURO MONSALVE     ,2091      ,                ,  101,                    ,                              , 0,2,20190205 08:01:28,    0,         0,        36,10875,   82,  101,2,                ,0010000,2, 1,         0,    0,1000000000000000000000000000000000000000,0000000000000000000000010000000000001000,         0,         0,         0,         0,1, 0, 0, 0,7463760                       ,    0,         0,0,20190205 08:00:52,3438                          , 9999, 9999, 9999,  101,32767,     0,     0
 ED5.2,3229                          ,3244                          ,                    ,1466      ,                ,  101,                    ,                              ,14,0,20190205 08:01:28,    0,         0,        11,65535,65535, 9999,2,                ,0000000,0, 0,         0,    0,0000000000000000000000000000000000000000,0000000000000000000000000000000000000000,         0,         0,         0,         0,1, 0, 0, 0,3229                          ,    0,        11,0,20190205 08:01:17,3244                          ,  101, 9999,  101,  101,    0,     0,     0
 ED5.2,1564                          ,1587                          ,                    ,1952      ,                ,  101,                    ,                              ,14,0,20190205 08:01:31,    0,         0,        39,65535,65535, 9999,2,                ,0000000,0, 0,         0,    0,0000000000000000000000000000000000000000,0000000000000000000000000000000000000000,         0,         0,         0,         0,1, 0, 0, 0,1564                          ,    0,        39,0,20190205 08:00:52,1587                          ,  101, 9999,  101,  101,    0,     0,     0
 ED5.2,663105861553                  ,FS020                         ,ETB                 ,          ,                ,  101,                    ,                              , 4,2,20190205 08:01:31,    0,         0,        20,  121,   20,  101,2,                ,0000000,2, 1,         0,    0,0000000000000000000000000000000000000000,0000000000000000000000010000000000000000,         0,         0,         0,         0,1, 0, 0, 0,A800                          ,   20,         0,0,20190205 08:01:11,                              , 9999, 9999, 9999, 9999,32767,     0,     0
 ED5.2,663142536342                  ,3156                          ,WILSON DAVID ABR    ,1979      ,                ,  101,                    ,                              , 4,2,20190205 08:01:33,    0,         0,       128,10881,   82,  101,2,                ,0000000,2, 0,         0,    0,1000000000000000000000000000000000000000,0000000000000000000000010000000000000000,         0,         0,         0,         0,1, 0, 0, 0,A500                          ,   14,       115,0,20190205 07:59:25,                              , 9999, 9999, 9999, 9999,32767,     0,     0
 ED5.2,9502                          ,1665                          ,HELMER FERNA CHU    ,1425      ,                ,  101,                    ,                              , 0,2,20190205 08:01:35,    0,         0,         3,10012,   11,  101,2,                ,0010000,2, 1,         0,    0,1000000000000000000000000000000000000000,0000000000000000000000010000000000001000,         0,         0,         0,         0,1, 0, 0, 0,9502                          ,    0,         0,0,20190205 08:01:32,1665                          , 9999, 9999, 9999,  101,32767,     0,     0
 ED5.2,8776800                       ,3124                          ,DIEGO FERNAN GAL    ,1466      ,                ,  101,                    ,                              , 0,2,20190205 08:01:45,    0,         0,       160,10877,   82,  101,2,                ,0010000,2, 1,         0,    0,1000000000000000000000000000000000000000,0000000000000000000000010000000000001000,         0,         0,         0,         0,1, 0, 0, 0,8776800                       ,    0,         0,0,20190205 07:59:05,3124                          , 9999, 9999, 9999,  101,32767,     0,     0
 ED5.2,9503                          ,1665                          ,HELMER FERNA CHU    ,1425      ,                ,  101,                    ,                              , 0,2,20190205 08:01:46,    0,         0,         7,10012,   11,  101,2,                ,0010000,2, 1,         0,    0,1000000000000000000000000000000000000000,0000000000000000000000010000000000001000,         0,         0,         0,         0,1, 0, 0, 0,9503                          ,    0,         0,0,20190205 08:01:39,1665                          , 9999, 9999, 9999,  101,32767,     0,     0
 ED5.2,1770                          ,1447                          ,                    ,1632      ,                ,  101,                    ,                              , 3,0,20190205 08:01:48,    0,         0,        99,65535,65535, 9999,2,                ,0000000,0, 0,         0,    0,0000000000000000000000000000000000000000,0000000000000000000000000000000000000000,         0,         0,         0,         0,1, 0, 0, 0,7777                          ,    0,        99,0,20190205 08:00:09,1447                          ,  101, 9999,  101,  101,    0,     0,     0
 ED5.2,1161                          ,3155                          ,                    ,1377      ,                ,  101,                    ,                              ,14,0,20190205 08:01:51,    0,         0,         0,65535,65535, 9999,2,                ,0000000,0, 0,         0,    0,0000000000000000000000000000000000000000,0000000000000000000000000000000000000000,         0,         0,         0,         0,1, 0, 0, 0,1161                          ,    0,         0,0,20190205 08:01:51,3155                          ,  101, 9999,  101,  101,    0,     0,     0
 ED5.2,9501                          ,1665                          ,HELMER FERNA CHU    ,1425      ,                ,  101,                    ,                              , 0,2,20190205 08:01:54,    0,         0,         4,10012,   11,  101,2,                ,0010000,2, 1,         0,    0,1000000000000000000000000000000000000000,0000000000000000000000010000000000001000,         0,         0,         0,         0,1, 0, 0, 0,9501                          ,    0,         0,0,20190205 08:01:50,1665                          , 9999, 9999, 9999,  101,32767,     0,     0
 ED5.2,1161                          ,3155                          ,                    ,1377      ,                ,  101,                    ,                              ,14,0,20190205 08:01:58,    0,         0,         0,65535,65535, 9999,2,                ,0000000,0, 0,         0,    0,0000000000000000000000000000000000000000,0000000000000000000000000000000000000000,         0,         0,         0,         0,1, 0, 0, 0,1161                          ,    0,         0,0,20190205 08:01:58,3155                          ,  101, 9999,  101,  101,    0,     0,     0
 ED5.2,7436769                       ,FS020                         ,ETB                 ,          ,                ,  101,                    ,                              , 4,2,20190205 08:01:59,    0,         0,        12,  122,   20,  101,2,                ,0000000,3, 0,         0,    0,0000000000000000000000000000000000000000,0000000000000000000000010000000000000000,         0,         0,         0,         0,1, 0, 0, 0,A800                          ,   13,         0,0,20190205 08:01:47,                              , 9999, 9999, 9999, 9999,32767,     0,     0
 ED5.2,1333                          ,1520                          ,                    ,1949      ,                ,  101,                    ,                              ,14,0,20190205 08:02:02,    0,         0,         0,65535,65535, 9999,2,                ,0000000,0, 0,         0,    0,0000000000000000000000000000000000000000,0000000000000000000000000000000000000000,         0,         0,         0,         0,1, 0, 0, 0,1333                          ,    0,         0,0,20190205 08:02:02,1520                          ,  101, 9999,  101,  101,    0,     0,     0
 ED5.2,5757687                       ,1050                          ,PAOLA ANDREA RAM    ,1318      ,                ,  101,                    ,                              , 0,2,20190205 08:02:07,    0,         0,         0,10001,   11,  101,2,                ,0010000,2, 1,         0,    0,1000000000000000000000000000000000000000,0000000000000000000000010000000000001000,         0,         0,         0,         0,1, 0, 0, 0,5757687                       ,    0,         0,0,20190205 08:02:07,1050                          , 9999, 9999, 9999,  101,32767,     0,     0
 ED5.2,663115168588                  ,3400                          ,SARA VILLA RA       ,2675      ,                ,  101,                    ,                              , 4,2,20190205 08:02:18,    0,         0,        47,11362,  201,  101,2,                ,0000000,2, 0,         0,    0,0000000000000000000000000000000000000000,0000000000000000000000010000000000000000,         0,         0,         0,         0,1, 0, 0, 0,7764                          ,   29,        19,0,20190205 08:01:31,                              , 9999, 9999, 9999, 9999,32767,     0,     0
 ED5.2,3390                          ,3155                          ,                    ,1377      ,                ,  101,                    ,                              ,14,0,20190205 08:02:21,    0,         0,         0,65535,65535, 9999,2,                ,0000000,0, 0,         0,    0,0000000000000000000000000000000000000000,0000000000000000000000000000000000000000,         0,         0,         0,         0,1, 0, 0, 0,3390                          ,    0,         0,0,20190205 08:02:21,3155                          ,  101, 9999,  101,  101,    0,     0,     0
 ED5.2,1331                          ,1013                          ,                    ,1635      ,                ,  101,                    ,                              ,14,0,20190205 08:02:28,    0,         0,       162,65535,65535, 9999,2,                ,0000000,0, 0,         0,    0,0000000000000000000000000000000000000000,0000000000000000000000000000000000000000,         0,         0,         0,         0,1, 0, 0, 0,1331                          ,    0,       162,0,20190205 07:59:46,1013                          ,  101, 9999,  101,  101,    0,     0,     0
 ED5.2,3338                          ,1580                          ,                    ,1672      ,                ,  101,                    ,                              ,14,0,20190205 08:02:31,    0,         0,         0,65535,65535, 9999,2,                ,0000000,0, 0,         0,    0,0000000000000000000000000000000000000000,0000000000000000000000000000000000000000,         0,         0,         0,         0,1, 0, 0, 0,3338                          ,    0,         0,0,20190205 08:02:31,1580                          ,  101, 9999,  101,  101,    0,     0,     0
 ED5.2,7777                          ,1320                          ,                    ,1952      ,                ,  101,                    ,                              , 3,0,20190205 08:02:32,    0,         0,         0,65535,65535, 9999,2,                ,0000000,0, 0,         0,    0,0000000000000000000000000000000000000000,0000000000000000000000000000000000000000,         0,         0,         0,         0,1, 0, 0, 0,7777                          ,    0,         0,0,20190205 08:02:32,1320                          ,  101, 9999,  101,  101,    0,     0,     0
 ED5.2,4072                          ,4000                          ,                    ,2952      ,                ,  101,                    ,                              ,14,0,20190205 08:02:33,    0,         0,        17,65535,65535, 9999,2,                ,0000000,0, 0,         0,    0,0000000000000000000000000000000000000000,0000000000000000000000000000000000000000,         0,         0,         0,         0,1, 0, 0, 0,4072                          ,    0,        17,0,20190205 08:02:16,4000                          ,  101, 9999,  101,  101,    0,     0,     0
 ED5.2,88                            ,1580                          ,                    ,1672      ,                ,  101,                    ,                              ,14,0,20190205 08:02:33,    0,         0,         2,65535,65535, 9999,2,                ,0000000,0, 0,         0,    0,0000000000000000000000000000000000000000,0000000000000000000000000000000000000000,         0,         0,         0,         0,1, 0, 0, 0,3338                          ,    0,         2,1,20190205 08:02:31,1580                          ,  101, 9999,  101,  101,    0,     0,     0
 ED5.2,1027                          ,3158                          ,                    ,1198      ,                ,  101,                    ,                              ,14,0,20190205 08:02:44,    0,         0,        51,65535,65535, 9999,2,                ,0000000,0, 0,         0,    0,0000000000000000000000000000000000000000,0000000000000000000000000000000000000000,         0,         0,         0,         0,1, 0, 0, 0,1027                          ,    0,        51,0,20190205 08:01:53,3158                          ,  101, 9999,  101,  101,    0,     0,     0
 ED5.2,7449344                       ,3204                          ,JUAN CAMILO SERN    ,1091      ,                ,  101,                    ,                              , 4,2,20190205 08:02:45,    0,         0,        26,10881,   82,  101,2,                ,0000000,2, 0,         0,    0,0000000000000000000000000000000000000000,0000000000000000000000010000000000000000,         0,         0,         0,         0,1, 0, 0, 0,7645                          ,   11,        16,1,20190205 08:02:19,                              , 9999, 9999, 9999, 9999,32767,     0,     0
 ED5.2,2032                          ,2091                          ,                    ,4949      ,                ,  101,                    ,                              ,14,0,20190205 08:02:45,    0,         0,         0,65535,65535, 9999,2,                ,0000000,0, 0,         0,    0,0000000000000000000000000000000000000000,0000000000000000000000000000000000000000,         0,         0,         0,         0,1, 0, 0, 0,2032                          ,    0,         0,0,20190205 08:02:45,2091                          ,  101, 9999,  101,  101,    0,     0,     0
 ED5.2,1466                          ,5149                          ,                    ,3952      ,                ,  101,                    ,                              ,14,0,20190205 08:02:46,    0,         0,         0,65535,65535, 9999,2,                ,0000000,0, 0,         0,    0,0000000000000000000000000000000000000000,0000000000000000000000000000000000000000,         0,         0,         0,         0,1, 0, 0, 0,1466                          ,    0,         0,0,20190205 08:02:46,5149                          ,  101, 9999,  101,  101,    0,     0,     0
 ED5.2,3451735                       ,5108                          ,DIANA CAROLI HER    ,3952      ,                ,  101,                    ,                              , 0,2,20190205 08:02:47,    0,         0,         0,10875,   82,  101,2,                ,0010000,2, 1,         0,    0,1000000000000000000000000000000000000000,0000000000000000000000010000000000001000,         0,         0,         0,         0,1, 0, 0, 0,3451735                       ,    0,         0,0,20190205 08:02:47,5108                          , 9999, 9999, 9999,  101,32767,     0,     0
 ED5.2,1340                          ,1543                          ,                    ,1952      ,                ,  101,                    ,                              ,14,0,20190205 08:02:49,    0,         0,        16,65535,65535, 9999,2,                ,0000000,0, 0,         0,    0,0000000000000000000000000000000000000000,0000000000000000000000000000000000000000,         0,         0,         0,         0,1, 0, 0, 0,1340                          ,    0,        16,0,20190205 08:02:33,1543                          ,  101, 9999,  101,  101,    0,     0,     0
 ED5.2,4004                          ,4072                          ,                    ,2952      ,                ,  101,                    ,                              ,14,0,20190205 08:02:50,    0,         0,         0,65535,65535, 9999,2,                ,0000000,0, 0,         0,    0,0000000000000000000000000000000000000000,0000000000000000000000000000000000000000,         0,         0,         0,         0,1, 0, 0, 0,4004                          ,    0,         0,0,20190205 08:02:50,4072                          ,  101, 9999,  101,  101,    0,     0,     0
 ED5.2,4040                          ,4000                          ,                    ,2952      ,                ,  101,                    ,                              ,14,0,20190205 08:02:50,    0,         0,         0,65535,65535, 9999,2,                ,0000000,0, 0,         0,    0,0000000000000000000000000000000000000000,0000000000000000000000000000000000000000,         0,         0,         0,         0,1, 0, 0, 0,4040                          ,    0,         0,0,20190205 08:02:50,4000                          ,  101, 9999,  101,  101,    0,     0,     0
 ED5.2,                              ,4000                          ,RECEPCION MEDELL    ,2952      ,                ,  101,                    ,                              , 4,2,20190205 08:02:50,    0,         0,        42,10446,   15,  101,2,                ,0000000,2, 0,         0,    0,0000000000000000000000000000000000000000,0000000000000000000000010000000000000000,         0,         0,         0,         0,1, 0, 0, 0,A800                          ,   31,        11,0,20190205 08:02:08,                              , 9999, 9999, 9999, 9999,32767,     0,     0
 ED5.2,4042                          ,4072                          ,                    ,2952      ,                ,  101,                    ,                              ,14,0,20190205 08:02:52,    0,         0,         0,65535,65535, 9999,2,                ,0000000,0, 0,         0,    0,0000000000000000000000000000000000000000,0000000000000000000000000000000000000000,         0,         0,         0,         0,1, 0, 0, 0,4004                          ,    0,         0,1,20190205 08:02:52,4072                          ,  101, 9999,  101,  101,    0,     0,     0
 ED5.2,1024                          ,5149                          ,                    ,3952      ,                ,  101,                    ,                              ,14,0,20190205 08:02:54,    0,         0,         0,65535,65535, 9999,2,                ,0000000,0, 0,         0,    0,0000000000000000000000000000000000000000,0000000000000000000000000000000000000000,         0,         0,         0,         0,1, 0, 0, 0,1466                          ,    0,         0,1,20190205 08:02:54,5149                          ,  101, 9999,  101,  101,    0,     0,     0
 ED5.2,663153328714                  ,4002                          ,NATALIA BONNETT     ,2843      ,                ,  101,                    ,                              , 4,2,20190205 08:02:59,    0,         0,        43,10447,   15,  101,2,                ,0000000,2, 0,         0,    0,0000000000000000000000000000000000000000,0000000000000000000000010000000000000000,         0,         0,         0,         0,1, 0, 0, 0,A800                          ,   43,         0,0,20190205 08:02:16,                              , 9999, 9999, 9999, 9999,32767,     0,     0
 ED5.2,2868609                       ,3408                          ,ARTURO FELIP MON    ,1672      ,                ,  101,                    ,                              , 0,2,20190205 08:03:00,    0,         0,        42,10880,   82,  101,2,                ,0010000,2, 1,         0,    0,1000000000000000000000000000000000000000,0000000000000000000000010000000000001000,         0,         0,         0,         0,1, 0, 0, 0,2868609                       ,    0,         0,0,20190205 08:02:18,3408                          , 9999, 9999, 9999,  101,32767,     0,     0
 ED5.2,4077                          ,4004                          ,                    ,2949      ,                ,  101,                    ,                              ,14,0,20190205 08:03:01,    0,         0,         0,65535,65535, 9999,2,                ,0000000,0, 0,         0,    0,0000000000000000000000000000000000000000,0000000000000000000000000000000000000000,         0,         0,         0,         0,1, 0, 0, 0,4077                          ,    0,         0,0,20190205 08:03:01,4004                          ,  101, 9999,  101,  101,    0,     0,     0
 ED5.2,2031                          ,2091                          ,                    ,4949      ,                ,  101,                    ,                              ,14,0,20190205 08:03:05,    0,         0,        13,65535,65535, 9999,2,                ,0000000,0, 0,         0,    0,0000000000000000000000000000000000000000,0000000000000000000000000000000000000000,         0,         0,         0,         0,1, 0, 0, 0,2031                          ,    0,        13,0,20190205 08:02:52,2091                          ,  101, 9999,  101,  101,    0,     0,     0
 ED5.2,                              ,1207                          ,DULITH JOHAN CAN    ,1215      ,                ,  101,                    ,                              , 4,2,20190205 08:03:06,    0,         0,        17,  123,   20,  101,2,                ,0000000,3, 0,         0,    0,0000000000000000000000000000000000000000,0000000000000000000000010000000000000000,         0,         0,         0,         0,1, 0, 0, 0,A800                          ,    9,         9,0,20190205 08:02:49,                              , 9999, 9999, 9999, 9999,32767,     0,     0
 ED5.2,5144                          ,5147                          ,                    ,3318      ,                ,  101,                    ,                              ,14,0,20190205 08:03:10,    0,         0,         4,65535,65535, 9999,2,                ,0000000,0, 0,         0,    0,0000000000000000000000000000000000000000,0000000000000000000000000000000000000000,         0,         0,         0,         0,1, 0, 0, 0,5144                          ,    0,         4,0,20190205 08:03:06,5147                          ,  101, 9999,  101,  101,    0,     0,     0
 ED5.2,3614                          ,5147                          ,                    ,3318      ,                ,  101,                    ,                              ,14,0,20190205 08:03:10,    0,         0,       161,65535,65535, 9999,2,                ,0000000,0, 0,         0,    0,0000000000000000000000000000000000000000,0000000000000000000000000000000000000000,         0,         0,         0,         0,1, 0, 0, 0,3614                          ,    0,       161,0,20190205 08:00:29,5147                          ,  101, 9999,  101,  101,    0,     0,     0
 ED5.2,1200                          ,4042                          ,                    ,2949      ,                ,  101,                    ,                              ,14,0,20190205 08:03:14,    0,         0,         0,65535,65535, 9999,2,                ,0000000,0, 0,         0,    0,0000000000000000000000000000000000000000,0000000000000000000000000000000000000000,         0,         0,         0,         0,1, 0, 0, 0,1200                          ,    0,         0,0,20190205 08:03:14,4042                          ,  101, 9999,  101,  101,    0,     0,     0
 ED5.2,1200                          ,4042                          ,                    ,2949      ,                ,  101,                    ,                              ,14,0,20190205 08:03:17,    0,         0,         0,65535,65535, 9999,2,                ,0000000,0, 0,         0,    0,0000000000000000000000000000000000000000,0000000000000000000000000000000000000000,         0,         0,         0,         0,1, 0, 0, 0,1200                          ,    0,         0,0,20190205 08:03:17,4042                          ,  101, 9999,  101,  101,    0,     0,     0
 ED5.2,1184                          ,1447                          ,                    ,1632      ,                ,  101,                    ,                              ,14,0,20190205 08:03:19,    0,         0,         0,65535,65535, 9999,2,                ,0000000,0, 0,         0,    0,0000000000000000000000000000000000000000,0000000000000000000000000000000000000000,         0,         0,         0,         0,1, 0, 0, 0,1184                          ,    0,         0,0,20190205 08:03:19,1447                          ,  101, 9999,  101,  101,    0,     0,     0
 ED5.2,2543390                       ,89                            ,89                  ,3466      ,                ,  101,                    ,                              , 4,2,20190205 08:03:22,    0,         0,        40,  122,   20,  101,2,                ,0000000,3, 0,         0,    0,0000000000000000000000000000000000000000,0000000000000000000000010000000000000000,         0,         0,         0,         0,1, 0, 0, 0,A800                          ,   28,        12,1,20190205 08:02:42,                              , 9999, 9999, 9999, 9999,32767,     0,     0
 ED5.2,1044                          ,3192                          ,                    ,1466      ,                ,  101,                    ,                              ,14,0,20190205 08:03:26,    0,         0,         0,65535,65535, 9999,2,                ,0000000,0, 0,         0,    0,0000000000000000000000000000000000000000,0000000000000000000000000000000000000000,         0,         0,         0,         0,1, 0, 0, 0,1044                          ,    0,         0,0,20190205 08:03:26,3192                          ,  101, 9999,  101,  101,    0,     0,     0
 ED5.2,1106                          ,1680                          ,                    ,1425      ,                ,  101,                    ,                              ,14,0,20190205 08:03:26,    0,         0,         0,65535,65535, 9999,2,                ,0000000,0, 0,         0,    0,0000000000000000000000000000000000000000,0000000000000000000000000000000000000000,         0,         0,         0,         0,1, 0, 0, 0,1106                          ,    0,         0,0,20190205 08:03:26,1680                          ,  101, 9999,  101,  101,    0,     0,     0
 ED5.2,074601059                     ,4040                          ,YURLEY VANES GUA    ,2425      ,                ,  101,                    ,                              , 4,2,20190205 08:03:32,    0,         0,        42,10446,   15,  101,2,                ,0000000,2, 0,         0,    0,0000000000000000000000000000000000000000,0000000010000000000000010000000000000000,         0,         0,         0,         0,1, 0, 0, 0,                              ,   55,        29,0,20190205 08:02:08,                              , 9999, 9999, 9999, 9999,32767,     0,     0
 ED5.2,1230                          ,3192                          ,                    ,1466      ,                ,  101,                    ,                              ,14,0,20190205 08:03:33,    0,         0,         0,65535,65535, 9999,2,                ,0000000,0, 0,         0,    0,0000000000000000000000000000000000000000,0000000000000000000000000000000000000000,         0,         0,         0,         0,1, 0, 0, 0,1044                          ,    0,         0,1,20190205 08:03:33,3192                          ,  101, 9999,  101,  101,    0,     0,     0
 ED5.2,074601059                     ,1804                          ,CALL CENTER         ,          ,                ,  101,                    ,                              , 4,2,20190205 08:03:34,    0,         0,         2,10446,   15,  101,2,                ,0000000,2, 0,         0,    0,0000000000000000000000000000000000000000,0000000010000000000000010000000000000000,         0,         0,         0,         0,1, 0, 0, 0,                              ,   86,         0,0,20190205 08:02:08,                              , 9999, 9999, 9999, 9999,32767,     0,     0
 ED5.2,1188                          ,1447                          ,                    ,1632      ,                ,  101,                    ,                              ,14,0,20190205 08:03:35,    0,         0,         0,65535,65535, 9999,2,                ,0000000,0, 0,         0,    0,0000000000000000000000000000000000000000,0000000000000000000000000000000000000000,         0,         0,         0,         0,1, 0, 0, 0,1188                          ,    0,         0,0,20190205 08:03:35,1447                          ,  101, 9999,  101,  101,    0,     0,     0
 ED5.2,7777                          ,3155                          ,                    ,1377      ,                ,  101,                    ,                              , 3,0,20190205 08:03:36,    0,         0,         0,65535,65535, 9999,2,                ,0000000,0, 0,         0,    0,0000000000000000000000000000000000000000,0000000000000000000000000000000000000000,         0,         0,         0,         0,1, 0, 0, 0,3390                          ,    0,         0,1,20190205 08:03:36,3155                          ,  101, 9999,  101,  101,    0,     0,     0
 ED5.2,3153                          ,3315                          ,                    ,1364      ,                ,  101,                    ,                              ,14,0,20190205 08:03:38,    0,         0,         0,65535,65535, 9999,2,                ,0000000,0, 0,         0,    0,0000000000000000000000000000000000000000,0000000000000000000000000000000000000000,         0,         0,         0,         0,1, 0, 0, 0,3153                          ,    0,         0,0,20190205 08:03:38,3315                          ,  101, 9999,  101,  101,    0,     0,     0
 ED5.2,2065                          ,3261                          ,                    ,1318      ,                ,  101,                    ,                              ,14,0,20190205 08:03:40,    0,         0,       150,65535,65535, 9999,2,                ,0000000,0, 0,         0,    0,0000000000000000000000000000000000000000,0000000000000000000000000000000000000000,         0,         0,         0,         0,1, 0, 0, 0,2065                          ,    0,       150,0,20190205 08:01:10,3261                          ,  101, 9999,  101,  101,    0,     0,     0
 ED5.2,7777                          ,1513                          ,                    ,1945      ,                ,  101,                    ,                              , 3,0,20190205 08:03:46,    0,         0,         0,65535,65535, 9999,2,                ,0000000,0, 0,         0,    0,0000000000000000000000000000000000000000,0000000000000000000000000000000000000000,         0,         0,         0,         0,1, 0, 0, 0,7777                          ,    0,         0,0,20190205 08:03:46,1513                          ,  101, 9999,  101,  101,    0,     0,     0
 ED5.2,1014                          ,3812                          ,                    ,1635      ,                ,  101,                    ,                              ,14,0,20190205 08:03:48,    0,         0,         9,65535,65535, 9999,2,                ,0000000,0, 0,         0,    0,0000000000000000000000000000000000000000,0000000000000000000000000000000000000000,         0,         0,         0,         0,1, 0, 0, 0,1014                          ,    0,         9,0,20190205 08:03:39,3812                          ,  101, 9999,  101,  101,    0,     0,     0
 ED5.2,3671000                       ,5138                          ,KARLA TATIAN PEN    ,3952      ,                ,  101,                    ,                              , 0,2,20190205 08:03:49,    0,         0,        35,10875,   82,  101,2,                ,0010000,2, 1,         0,    0,1000000000000000000000000000000000000000,0000000000000000000000010000000000001000,         0,         0,         0,         0,1, 0, 0, 0,3671000                       ,    0,         0,0,20190205 08:03:14,5138                          , 9999, 9999, 9999,  101,32767,     0,     0
 ED5.2,1286                          ,1447                          ,                    ,1632      ,                ,  101,                    ,                              ,14,0,20190205 08:03:50,    0,         0,         0,65535,65535, 9999,2,                ,0000000,0, 0,         0,    0,0000000000000000000000000000000000000000,0000000000000000000000000000000000000000,         0,         0,         0,         0,1, 0, 0, 0,1188                          ,    0,         0,1,20190205 08:03:50,1447                          ,  101, 9999,  101,  101,    0,     0,     0
 ED5.2,4011                          ,3315                          ,                    ,1364      ,                ,  101,                    ,                              ,14,0,20190205 08:03:55,    0,         0,         0,65535,65535, 9999,2,                ,0000000,0, 0,         0,    0,0000000000000000000000000000000000000000,0000000000000000000000000000000000000000,         0,         0,         0,         0,1, 0, 0, 0,4011                          ,    0,         0,0,20190205 08:03:55,3315                          ,  101, 9999,  101,  101,    0,     0,     0
 ED5.2,6352877                       ,8017                          ,CARMEN SOFIA CAD    ,6952      ,                ,  101,                    ,                              , 0,1,20190205 08:03:55,    0,         0,       107,  400,   80,  101,2,                ,0010000,0, 0,         0,    0,0000000000000000000000000000000000000000,0000000000000000000000010000000000001000,         0,         0,         0,         0,1, 0, 0, 0,6352877                       ,    0,         0,0,20190205 08:02:08,8017                          , 9999, 9999, 9999,  101,32767,     0,     0
 ED5.2,9502                          ,2069                          ,CLAUDIA XIME CES    ,4425      ,                ,  101,                    ,                              , 0,2,20190205 08:03:56,    0,         0,         2,10001,   11,  101,2,                ,0010000,2, 1,         0,    0,1000000000000000000000000000000000000000,0000000000000000000000010000000000001000,         0,         0,         0,         0,1, 0, 0, 0,9502                          ,    0,         0,0,20190205 08:03:54,2069                          , 9999, 9999, 9999,  101,32767,     0,     0
 ED5.2,0745203410                    ,4020                          ,MARISOL BETANCUR    ,2952      ,                ,  101,                    ,                              , 4,2,20190205 08:03:59,    0,         0,        40,10447,   15,  101,2,                ,0000000,2, 0,         0,    0,0000000000000000000000000000000000000000,0000000000000000000000010000000000000000,         0,         0,         0,         0,1, 0, 0, 0,A800                          ,   41,         0,1,20190205 08:03:19,                              , 9999, 9999, 9999, 9999,32767,     0,     0
 ED5.2,1037                          ,1060                          ,                    ,1630      ,                ,  101,                    ,                              ,14,0,20190205 08:04:06,    0,         0,         0,65535,65535, 9999,2,                ,0000000,0, 0,         0,    0,0000000000000000000000000000000000000000,0000000000000000000000000000000000000000,         0,         0,         0,         0,1, 0, 0, 0,1037                          ,    0,         0,0,20190205 08:04:06,1060                          ,  101, 9999,  101,  101,    0,     0,     0
 ED5.2,6059900                       ,FS020                         ,ETB                 ,          ,                ,  101,                    ,                              , 4,2,20190205 08:04:07,    0,         0,         3,  122,   20,  101,2,                ,0000000,2, 0,         0,    0,0000000000000000000000000000000000000000,0000000000000000000000010000000000000000,         0,         0,         0,         0,1, 0, 0, 0,A800                          ,    4,         0,0,20190205 08:04:04,                              , 9999, 9999, 9999, 9999,32767,     0,     0
 ED5.2,65503                         ,2069                          ,CLAUDIA XIME CES    ,4425      ,                ,  101,                    ,                              , 0,2,20190205 08:04:09,    0,         0,         0,  295,   62,  101,2,                ,0010000,2, 1,         0,    0,1000000000000000000000000000000000000000,0000000000000000000000010000000000001000,         0,         0,         0,         0,1, 0, 0, 0,65503                         ,    0,         0,0,20190205 08:04:09,2069                          , 9999, 9999, 9999,  101,32767,     0,     0
 ED5.2,1200                          ,1013                          ,                    ,1635      ,                ,  101,                    ,                              ,14,0,20190205 08:04:10,    0,         0,         0,65535,65535, 9999,2,                ,0000000,0, 0,         0,    0,0000000000000000000000000000000000000000,0000000000000000000000000000000000000000,         0,         0,         0,         0,1, 0, 0, 0,1200                          ,    0,         0,0,20190205 08:04:10,1013                          ,  101, 9999,  101,  101,    0,     0,     0
 ED5.2,4072                          ,4004                          ,                    ,2949      ,                ,  101,                    ,                              ,14,0,20190205 08:04:11,    0,         0,        67,65535,65535, 9999,2,                ,0000000,0, 0,         0,    0,0000000000000000000000000000000000000000,0000000000000000000000000000000000000000,         0,         0,         0,         0,1, 0, 0, 0,4072                          ,    0,        67,0,20190205 08:03:04,4004                          ,  101, 9999,  101,  101,    0,     0,     0
 ED5.2,65502                         ,2069                          ,CLAUDIA XIME CES    ,4425      ,                ,  101,                    ,                              , 0,2,20190205 08:04:19,    0,         0,         0,  296,   62,  101,2,                ,0010000,2, 1,         0,    0,1000000000000000000000000000000000000000,0000000000000000000000010000000000001000,         0,         0,         0,         0,1, 0, 0, 0,65502                         ,    0,         0,0,20190205 08:04:19,2069                          , 9999, 9999, 9999,  101,32767,     0,     0
 ED5.2,1371                          ,1060                          ,                    ,1630      ,                ,  101,                    ,                              ,14,0,20190205 08:04:22,    0,         0,         0,65535,65535, 9999,2,                ,0000000,0, 0,         0,    0,0000000000000000000000000000000000000000,0000000000000000000000000000000000000000,         0,         0,         0,         0,1, 0, 0, 0,1037                          ,    0,         0,1,20190205 08:04:22,1060                          ,  101, 9999,  101,  101,    0,     0,     0
 ED5.2,1785                          ,1390                          ,                    ,1952      ,                ,  101,                    ,                              , 3,0,20190205 08:04:24,    0,         0,       333,65535,65535, 9999,2,                ,0000000,0, 0,         0,    0,0000000000000000000000000000000000000000,0000000000000000000000000000000000000000,         0,         0,         0,         0,1, 0, 0, 0,7777                          ,    0,       333,0,20190205 07:58:51,1390                          ,  101, 9999,  101,  101,    0,     0,     0
 ED5.2,074601059                     ,4000                          ,RECEPCION MEDELL    ,2952      ,                ,  101,                    ,                              , 4,2,20190205 08:04:25,    0,         0,        45,10446,   15,  101,2,                ,0000000,2, 0,         0,    0,0000000000000000000000000000000000000000,0000000000000000000000010000000000000000,         0,         0,         0,         0,1, 0, 0, 0,A800                          ,   46,         0,0,20190205 08:03:40,                              , 9999, 9999, 9999, 9999,32767,     0,     0
 ED5.2,1744                          ,3812                          ,                    ,1635      ,                ,  101,                    ,                              ,14,0,20190205 08:04:28,    0,         0,         0,65535,65535, 9999,2,                ,0000000,0, 0,         0,    0,0000000000000000000000000000000000000000,0000000000000000000000000000000000000000,         0,         0,         0,         0,1, 0, 0, 0,1744                          ,    0,         0,0,20190205 08:04:28,3812                          ,  101, 9999,  101,  101,    0,     0,     0
 ED5.2,1304                          ,1060                          ,                    ,1630      ,                ,  101,                    ,                              ,14,0,20190205 08:04:28,    0,         0,         0,65535,65535, 9999,2,                ,0000000,0, 0,         0,    0,0000000000000000000000000000000000000000,0000000000000000000000000000000000000000,         0,         0,         0,         0,1, 0, 0, 0,1037                          ,    0,         0,1,20190205 08:04:28,1060                          ,  101, 9999,  101,  101,    0,     0,     0
 ED5.2,7777                          ,1244                          ,                    ,1215      ,                ,  101,                    ,                              , 3,0,20190205 08:04:28,    0,         0,         0,65535,65535, 9999,2,                ,0000000,0, 0,         0,    0,0000000000000000000000000000000000000000,0000000000000000000000000000000000000000,         0,         0,         0,         0,1, 0, 0, 0,7777                          ,    0,         0,0,20190205 08:04:28,1244                          ,  101, 9999,  101,  101,    0,     0,     0
 ED5.2,1333                          ,1520                          ,                    ,1949      ,                ,  101,                    ,                              ,14,0,20190205 08:04:29,    0,         0,         0,65535,65535, 9999,2,                ,0000000,0, 0,         0,    0,0000000000000000000000000000000000000000,0000000000000000000000000000000000000000,         0,         0,         0,         0,1, 0, 0, 0,1333                          ,    0,         0,0,20190205 08:04:29,1520                          ,  101, 9999,  101,  101,    0,     0,     0
 ED5.2,3125562061                    ,1830                          ,DIANA PATRIC BEC    ,1154      ,                ,  101,                    ,                              , 0,2,20190205 08:04:35,    0,         0,         0,10350,   66,  101,2,                ,0010000,2, 1,         0,    0,1000000000000000000000000000000000000000,0000000000000000000000010000000000001000,         0,         0,         0,         0,1, 0, 0, 0,033125562061                  ,    0,         0,0,20190205 08:04:35,1830                          , 9999, 9999, 9999,  101,32767,     0,     0
 ED5.2,1678                          ,1013                          ,                    ,1635      ,                ,  101,                    ,                              ,14,0,20190205 08:04:37,    0,         0,         0,65535,65535, 9999,2,                ,0000000,0, 0,         0,    0,0000000000000000000000000000000000000000,0000000000000000000000000000000000000000,         0,         0,         0,         0,1, 0, 0, 0,1678                          ,    0,         0,0,20190205 08:04:37,1013                          ,  101, 9999,  101,  101,    0,     0,     0
 ED5.2,0745204060                    ,4000                          ,RECEPCION MEDELL    ,2952      ,                ,  101,                    ,                              , 4,2,20190205 08:04:40,    0,         0,       119,10448,   15,  101,2,                ,0000000,2, 0,         0,    0,0000000000000000000000000000000000000000,0000000000000000000000010000000000000000,         0,         0,         0,         0,1, 0, 0, 0,A800                          ,   36,        83,0,20190205 08:02:41,                              , 9999, 9999, 9999, 9999,32767,     0,     0
 ED5.2,1679                          ,1013                          ,                    ,1635      ,                ,  101,                    ,                              ,14,0,20190205 08:04:44,    0,         0,         0,65535,65535, 9999,2,                ,0000000,0, 0,         0,    0,0000000000000000000000000000000000000000,0000000000000000000000000000000000000000,         0,         0,         0,         0,1, 0, 0, 0,1678                          ,    0,         0,1,20190205 08:04:44,1013                          ,  101, 9999,  101,  101,    0,     0,     0
 ED5.2,2973030                       ,3408                          ,ARTURO FELIP MON    ,1672      ,                ,  101,                    ,                              , 0,2,20190205 08:04:44,    0,         0,        20,10883,   82,  101,2,                ,0010000,2, 1,         0,    0,1000000000000000000000000000000000000000,0000000000000000000000010000000000001000,         0,         0,         0,         0,1, 0, 0, 0,2973030                       ,    0,         0,0,20190205 08:04:24,3408                          , 9999, 9999, 9999,  101,32767,     0,     0
 ED5.2,1014                          ,3812                          ,                    ,1635      ,                ,  101,                    ,                              ,14,0,20190205 08:04:47,    0,         0,         9,65535,65535, 9999,2,                ,0000000,0, 0,         0,    0,0000000000000000000000000000000000000000,0000000000000000000000000000000000000000,         0,         0,         0,         0,1, 0, 0, 0,1014                          ,    0,         9,0,20190205 08:04:38,3812                          ,  101, 9999,  101,  101,    0,     0,     0
 ED5.2,1000                          ,1130                          ,                    ,1842      ,                ,  101,                    ,                              ,14,0,20190205 08:04:49,    0,         0,        10,65535,65535, 9999,2,                ,0000000,0, 0,         0,    0,0000000000000000000000000000000000000000,0000000000000000000000000000000000000000,         0,         0,         0,         0,1, 0, 0, 0,1000                          ,    0,        10,0,20190205 08:04:39,1130                          ,  101, 9999,  101,  101,    0,     0,     0
 ED5.2,3172                          ,3380                          ,                    ,1981      ,                ,  101,                    ,                              ,14,0,20190205 08:04:51,    0,         0,         0,65535,65535, 9999,2,                ,0000000,0, 0,         0,    0,0000000000000000000000000000000000000000,0000000000000000000000000000000000000000,         0,         0,         0,         0,1, 0, 0, 0,3172                          ,    0,         0,0,20190205 08:04:51,3380                          ,  101, 9999,  101,  101,    0,     0,     0
 ED5.2,9502                          ,1095                          ,MARIA JOSE VEJAR    ,1425      ,                ,  101,                    ,                              , 0,2,20190205 08:04:55,    0,         0,         9,10015,   11,  101,2,                ,0010000,2, 1,         0,    0,1000000000000000000000000000000000000000,0000000000000000000000010000000000001000,         0,         0,         0,         0,1, 0, 0, 0,9502                          ,    0,         0,0,20190205 08:04:46,1095                          , 9999, 9999, 9999,  101,32767,     0,     0
 ED5.2,1331                          ,5208                          ,                    ,7843      ,                ,  101,                    ,                              ,14,0,20190205 08:04:55,    0,         0,        73,65535,65535, 9999,2,                ,0000000,0, 0,         0,    0,0000000000000000000000000000000000000000,0000000000000000000000000000000000000000,         0,         0,         0,         0,1, 0, 0, 0,1331                          ,    0,        73,0,20190205 08:03:42,5208                          ,  101, 9999,  101,  101,    0,     0,     0
 ED5.2,1120                          ,1013                          ,                    ,1635      ,                ,  101,                    ,                              ,14,0,20190205 08:04:56,    0,         0,         0,65535,65535, 9999,2,                ,0000000,0, 0,         0,    0,0000000000000000000000000000000000000000,0000000000000000000000000000000000000000,         0,         0,         0,         0,1, 0, 0, 0,1120                          ,    0,         0,0,20190205 08:04:56,1013                          ,  101, 9999,  101,  101,    0,     0,     0
 ED5.2,1466                          ,5149                          ,                    ,3952      ,                ,  101,                    ,                              ,14,0,20190205 08:04:57,    0,         0,        52,65535,65535, 9999,2,                ,0000000,0, 0,         0,    0,0000000000000000000000000000000000000000,0000000000000000000000000000000000000000,         0,         0,         0,         0,1, 0, 0, 0,1466                          ,    0,        52,0,20190205 08:04:05,5149                          ,  101, 9999,  101,  101,    0,     0,     0
 ED5.2,7777                          ,1467                          ,                    ,1638      ,                ,  101,                    ,                              , 3,0,20190205 08:04:57,    0,         0,         0,65535,65535, 9999,2,                ,0000000,0, 0,         0,    0,0000000000000000000000000000000000000000,0000000000000000000000000000000000000000,         0,         0,         0,         0,1, 0, 0, 0,7777                          ,    0,         0,0,20190205 08:04:57,1467                          ,  101, 9999,  101,  101,    0,     0,     0
 ED5.2,1184                          ,1447                          ,                    ,1632      ,                ,  101,                    ,                              ,14,0,20190205 08:04:59,    0,         0,         0,65535,65535, 9999,2,                ,0000000,0, 0,         0,    0,0000000000000000000000000000000000000000,0000000000000000000000000000000000000000,         0,         0,         0,         0,1, 0, 0, 0,1188                          ,    0,         0,1,20190205 08:04:59,1447                          ,  101, 9999,  101,  101,    0,     0,     0
 ED5.2,0743208550                    ,4077                          ,ELIANA AGUIRRE      ,2952      ,                ,  101,                    ,                              , 4,2,20190205 08:05:03,    0,         0,       132,10449,   15,  101,2,                ,0000000,2, 0,         0,    0,0000000000000000000000000000000000000000,0000000000000000000000010000000000000000,         0,         0,         0,         0,1, 0, 0, 0,A800                          ,  132,         0,1,20190205 08:02:51,                              , 9999, 9999, 9999, 9999,32767,     0,     0
 ED5.2,5200                          ,5207                          ,                    ,7952      ,                ,  101,                    ,                              ,14,0,20190205 08:05:04,    0,         0,        38,65535,65535, 9999,2,                ,0000000,0, 0,         0,    0,0000000000000000000000000000000000000000,0000000000000000000000000000000000000000,         0,         0,         0,         0,1, 0, 0, 0,5200                          ,    0,        38,0,20190205 08:04:26,5207                          ,  101, 9999,  101,  101,    0,     0,     0
 ED5.2,3390                          ,3155                          ,                    ,1377      ,                ,  101,                    ,                              ,14,0,20190205 08:05:11,    0,         0,         0,65535,65535, 9999,2,                ,0000000,0, 0,         0,    0,0000000000000000000000000000000000000000,0000000000000000000000000000000000000000,         0,         0,         0,         0,1, 0, 0, 0,3390                          ,    0,         0,0,20190205 08:05:11,3155                          ,  101, 9999,  101,  101,    0,     0,     0
 ED5.2,4009                          ,4072                          ,                    ,2952      ,                ,  101,                    ,                              ,14,0,20190205 08:05:13,    0,         0,         0,65535,65535, 9999,2,                ,0000000,0, 0,         0,    0,0000000000000000000000000000000000000000,0000000000000000000000000000000000000000,         0,         0,         0,         0,1, 0, 0, 0,4009                          ,    0,         0,0,20190205 08:05:13,4072                          ,  101, 9999,  101,  101,    0,     0,     0
 ED5.2,3125442                       ,1830                          ,DIANA PATRIC BEC    ,1154      ,                ,  101,                    ,                              , 0,2,20190205 08:05:21,    0,         0,         0,10350,   66,  101,2,                ,0010000,2, 1,         0,    0,1000000000000000000000000000000000000000,0000000000000000000000010000000000001000,         0,         0,         0,         0,1, 0, 0, 0,033125442                     ,    0,         0,0,20190205 08:05:21,1830                          , 9999, 9999, 9999,  101,32767,     0,     0
 ED5.2,9503                          ,1095                          ,MARIA JOSE VEJAR    ,1425      ,                ,  101,                    ,                              , 0,2,20190205 08:05:21,    0,         0,        23,10015,   11,  101,2,                ,0010000,2, 1,         0,    0,1000000000000000000000000000000000000000,0000000000000000000000010000000000001000,         0,         0,         0,         0,1, 0, 0, 0,9503                          ,    0,         0,0,20190205 08:04:58,1095                          , 9999, 9999, 9999,  101,32767,     0,     0
 ED5.2,3451735                       ,5108                          ,DIANA CAROLI HER    ,3952      ,                ,  101,                    ,                              , 0,2,20190205 08:05:27,    0,         0,         0,10885,   82,  101,2,                ,0010000,2, 1,         0,    0,1000000000000000000000000000000000000000,0000000000000000000000010000000000001000,         0,         0,         0,         0,1, 0, 0, 0,3451735                       ,    0,         0,0,20190205 08:05:27,5108                          , 9999, 9999, 9999,  101,32767,     0,     0
 ED5.2,9502                          ,1095                          ,MARIA JOSE VEJAR    ,1425      ,                ,  101,                    ,                              , 0,2,20190205 08:05:29,    0,         0,         4,10015,   11,  101,2,                ,0010000,2, 1,         0,    0,1000000000000000000000000000000000000000,0000000000000000000000010000000000001000,         0,         0,         0,         0,1, 0, 0, 0,9502                          ,    0,         0,0,20190205 08:05:25,1095                          , 9999, 9999, 9999,  101,32767,     0,     0
 ED5.2,6575300                       ,3192                          ,CATALINA FIGUERE    ,1466      ,                ,  101,                    ,                              , 0,2,20190205 08:05:31,    0,         0,        74,10881,   82,  101,2,                ,0010000,2, 1,         0,    0,1000000000000000000000000000000000000000,0000000000000000000000010000000000001000,         0,         0,         0,         0,1, 0, 0, 0,6575300                       ,    0,         0,0,20190205 08:04:17,3192                          , 9999, 9999, 9999,  101,32767,     0,     0
 ED5.2,3671000                       ,5138                          ,KARLA TATIAN PEN    ,3952      ,                ,  101,                    ,                              , 0,2,20190205 08:05:32,    0,         0,        83,10875,   82,  101,2,                ,0010000,2, 1,         0,    0,1000000000000000000000000000000000000000,0000000000000000000000010000000000001000,         0,         0,         0,         0,1, 0, 0, 0,3671000                       ,    0,         0,0,20190205 08:04:09,5138                          , 9999, 9999, 9999,  101,32767,     0,     0
 ED5.2,0745201530                    ,4026                          ,LUZ MARINA PARRA    ,2952      ,                ,  101,                    ,                              , 4,2,20190205 08:05:32,    0,         0,       240,10445,   15,  101,2,                ,0000000,2, 0,         0,    0,0000000000000000000000000000000000000000,0000000000000000000000010000000000000000,         0,         0,         0,         0,1, 0, 0, 0,A800                          ,  156,        84,1,20190205 08:01:32,                              , 9999, 9999, 9999, 9999,32767,     0,     0
 ED5.2,3125442529                    ,1830                          ,DIANA PATRIC BEC    ,1154      ,                ,  101,                    ,                              , 0,2,20190205 08:05:34,    0,         0,         0,10350,   66,  101,2,                ,0010000,2, 1,         0,    0,1000000000000000000000000000000000000000,0000000000000000000000010000000000001000,         0,         0,         0,         0,1, 0, 0, 0,033125442529                  ,    0,         0,0,20190205 08:05:34,1830                          , 9999, 9999, 9999,  101,32767,     0,     0
 ED5.2,072700631                     ,4020                          ,MARISOL BETANCUR    ,2952      ,                ,  101,                    ,                              , 4,2,20190205 08:05:40,    0,         0,        75,10447,   15,  101,2,                ,0000000,2, 0,         0,    0,0000000000000000000000000000000000000000,0000000000000000000000010000000000000000,         0,         0,         0,         0,1, 0, 0, 0,A800                          ,   76,         0,1,20190205 08:04:25,                              , 9999, 9999, 9999, 9999,32767,     0,     0
 ED5.2,1188                          ,1447                          ,                    ,1632      ,                ,  101,                    ,                              ,14,0,20190205 08:05:44,    0,         0,         0,65535,65535, 9999,2,                ,0000000,0, 0,         0,    0,0000000000000000000000000000000000000000,0000000000000000000000000000000000000000,         0,         0,         0,         0,1, 0, 0, 0,1188                          ,    0,         0,0,20190205 08:05:44,1447                          ,  101, 9999,  101,  101,    0,     0,     0
 ED5.2,3614                          ,5144                          ,                    ,3741      ,                ,  101,                    ,5147                          ,14,0,20190205 08:05:46,    0,         0,       156,65535,65535, 9999,2,                ,0000000,0, 0,         0,    0,0000000000000000000000000000000000000000,0000000000000000000000000000000000000000,         0,         0,         0,         0,1, 0, 0, 0,                              ,    0,       156,0,20190205 08:03:10,5144                          ,  101,  101, 9999,  101,    0,     0,     0
 ED5.2,7104200                       ,3172                          ,NATHALIE CONTRER    ,1979      ,                ,  101,                    ,                              , 0,2,20190205 08:05:49,    0,         0,       336,10010,   11,  101,2,                ,0010000,2, 1,         0,    0,1000000000000000000000000000000000000000,0000000000000000000000010000000000001000,         0,         0,         0,         0,1, 0, 0, 0,7104200                       ,    0,         0,0,20190205 08:00:13,3172                          , 9999, 9999, 9999,  101,32767,     0,     0
 ED5.2,5818181                       ,3249                          ,MARY LUZ MONTOYA    ,1466      ,                ,  101,                    ,                              , 0,2,20190205 08:05:49,    0,         0,       398,10879,   82,  101,2,                ,0010000,2, 1,         0,    0,1000000000000000000000000000000000000000,0000000000000000000000010000000000001000,         0,         0,         0,         0,1, 0, 0, 0,5818181                       ,    0,         0,0,20190205 07:59:11,3249                          , 9999, 9999, 9999,  101,32767,     0,     0
 ED5.2,7449344                       ,3204                          ,JUAN CAMILO SERN    ,1091      ,                ,  101,                    ,                              , 4,2,20190205 08:05:51,    0,         0,        40,10887,   82,  101,2,                ,0000000,2, 0,         0,    0,1000000000000000000000000000000000000000,0000000000000000000000010000000000000000,         0,         0,         0,         0,1, 0, 0, 0,7645                          ,   41,         0,1,20190205 08:05:11,                              , 9999, 9999, 9999, 9999,32767,     0,     0
 ED5.2,663115168588                  ,3400                          ,SARA VILLA RA       ,2675      ,                ,  101,                    ,                              , 4,2,20190205 08:05:52,    0,         0,        43,11362,  201,  101,2,                ,0000000,2, 0,         0,    0,0000000000000000000000000000000000000000,0000000000000000000000010000000000000000,         0,         0,         0,         0,1, 0, 0, 0,7764                          ,   43,         0,0,20190205 08:05:09,                              , 9999, 9999, 9999, 9999,32767,     0,     0
 ED5.2,3400                          ,4047                          ,                    ,2425      ,                ,  101,                    ,                              ,14,0,20190205 08:05:54,    0,         0,        19,65535,65535, 9999,2,                ,0000000,0, 0,         0,    0,0000000000000000000000000000000000000000,0000000000000000000000000000000000000000,         0,         0,         0,         0,1, 0, 0, 0,3400                          ,    0,        19,0,20190205 08:05:35,4047                          ,  101, 9999,  101,  101,    0,     0,     0
 ED5.2,1286                          ,1447                          ,                    ,1632      ,                ,  101,                    ,                              ,14,0,20190205 08:05:59,    0,         0,         0,65535,65535, 9999,2,                ,0000000,0, 0,         0,    0,0000000000000000000000000000000000000000,0000000000000000000000000000000000000000,         0,         0,         0,         0,1, 0, 0, 0,1188                          ,    0,         0,1,20190205 08:05:59,1447                          ,  101, 9999,  101,  101,    0,     0,     0
 ED5.2,6104                          ,6106                          ,                    ,5949      ,                ,  101,                    ,                              ,14,0,20190205 08:06:00,    0,         0,         0,65535,65535, 9999,2,                ,0000000,0, 0,         0,    0,0000000000000000000000000000000000000000,0000000000000000000000000000000000000000,         0,         0,         0,         0,1, 0, 0, 0,6104                          ,    0,         0,0,20190205 08:06:00,6106                          ,  101, 9999,  101,  101,    0,     0,     0
 ED5.2,                              ,6106                          ,DIEGO FERNAN MOR    ,5949      ,                ,  101,                    ,                              , 4,1,20190205 08:06:00,    0,         0,        90,   96,   83,  101,2,                ,0000000,0, 0,         0,    0,0000000000000000000000000000000000000000,0000000000000000000000010000000000000000,         0,         0,         0,         0,1, 0, 0, 0,                              ,   32,        59,1,20190205 08:04:30,                              , 9999, 9999, 9999, 9999,32767,     0,     0
 ED5.2,1624                          ,1631                          ,                    ,1425      ,                ,  101,                    ,                              ,14,0,20190205 08:06:01,    0,         0,         0,65535,65535, 9999,2,                ,0000000,0, 0,         0,    0,0000000000000000000000000000000000000000,0000000000000000000000000000000000000000,         0,         0,         0,         0,1, 0, 0, 0,1624                          ,    0,         0,0,20190205 08:06:01,1631                          ,  101, 9999,  101,  101,    0,     0,     0
 ED5.2,5135                          ,5205                          ,                    ,7952      ,                ,  101,                    ,                              ,14,0,20190205 08:06:04,    0,         0,         0,65535,65535, 9999,2,                ,0000000,0, 0,         0,    0,0000000000000000000000000000000000000000,0000000000000000000000000000000000000000,         0,         0,         0,         0,1, 0, 0, 0,5135                          ,    0,         0,0,20190205 08:06:04,5205                          ,  101, 9999,  101,  101,    0,     0,     0
 ED5.2,3420                          ,3406                          ,                    ,2466      ,                ,  101,                    ,                              ,14,0,20190205 08:06:06,    0,         0,        28,65535,65535, 9999,2,                ,0000000,0, 0,         0,    0,0000000000000000000000000000000000000000,0000000000000000000000000000000000000000,         0,         0,         0,         0,1, 0, 0, 0,3420                          ,    0,        28,0,20190205 08:05:38,3406                          ,  101, 9999,  101,  101,    0,     0,     0
 ED5.2,5120                          ,5110                          ,                    ,3843      ,                ,  101,                    ,                              ,14,0,20190205 08:06:08,    0,         0,        19,65535,65535, 9999,2,                ,0000000,0, 0,         0,    0,0000000000000000000000000000000000000000,0000000000000000000000000000000000000000,         0,         0,         0,         0,1, 0, 0, 0,5120                          ,    0,        19,0,20190205 08:05:49,5110                          ,  101, 9999,  101,  101,    0,     0,     0
 ED5.2,2073                          ,2012                          ,                    ,4635      ,                ,  101,                    ,                              ,14,0,20190205 08:06:09,    0,         0,       251,65535,65535, 9999,2,                ,0000000,0, 0,         0,    0,0000000000000000000000000000000000000000,0000000000000000000000000000000000000000,         0,         0,         0,         0,1, 0, 0, 0,2073                          ,    0,       251,0,20190205 08:01:58,2012                          ,  101, 9999,  101,  101,    0,     0,     0
 ED5.2,1014                          ,1631                          ,                    ,1425      ,                ,  101,                    ,                              ,14,0,20190205 08:06:13,    0,         0,         0,65535,65535, 9999,2,                ,0000000,0, 0,         0,    0,0000000000000000000000000000000000000000,0000000000000000000000000000000000000000,         0,         0,         0,         0,1, 0, 0, 0,1624                          ,    0,         0,1,20190205 08:06:13,1631                          ,  101, 9999,  101,  101,    0,     0,     0
 ED5.2,88                            ,1631                          ,                    ,1425      ,                ,  101,                    ,                              ,14,0,20190205 08:06:14,    0,         0,         1,65535,65535, 9999,2,                ,0000000,0, 0,         0,    0,0000000000000000000000000000000000000000,0000000000000000000000000000000000000000,         0,         0,         0,         0,1, 0, 0, 0,1624                          ,    0,         1,1,20190205 08:06:13,1631                          ,  101, 9999,  101,  101,    0,     0,     0
 ED5.2,6104                          ,1052                          ,                    ,1528      ,                ,  101,                    ,                              ,14,0,20190205 08:06:15,    0,         0,         0,65535,65535, 9999,2,                ,0000000,0, 0,         0,    0,0000000000000000000000000000000000000000,0000000000000000000000000000000000000000,         0,         0,         0,         0,1, 0, 0, 0,6104                          ,    0,         0,0,20190205 08:06:15,1052                          ,  101, 9999,  101,  101,    0,     0,     0
 ED5.2,7777                          ,3155                          ,                    ,1377      ,                ,  101,                    ,                              , 3,0,20190205 08:06:15,    0,         0,         0,65535,65535, 9999,2,                ,0000000,0, 0,         0,    0,0000000000000000000000000000000000000000,0000000000000000000000000000000000000000,         0,         0,         0,         0,1, 0, 0, 0,3390                          ,    0,         0,1,20190205 08:06:15,3155                          ,  101, 9999,  101,  101,    0,     0,     0
 ED5.2,1177                          ,1383                          ,                    ,1741      ,                ,  101,                    ,                              ,14,0,20190205 08:06:17,    0,         0,         0,65535,65535, 9999,2,                ,0000000,0, 0,         0,    0,0000000000000000000000000000000000000000,0000000000000000000000000000000000000000,         0,         0,         0,         0,1, 0, 0, 0,1177                          ,    0,         0,0,20190205 08:06:17,1383                          ,  101, 9999,  101,  101,    0,     0,     0
 ED5.2,1161                          ,1060                          ,                    ,1630      ,                ,  101,                    ,                              ,14,0,20190205 08:06:22,    0,         0,         0,65535,65535, 9999,2,                ,0000000,0, 0,         0,    0,0000000000000000000000000000000000000000,0000000000000000000000000000000000000000,         0,         0,         0,         0,1, 0, 0, 0,1161                          ,    0,         0,0,20190205 08:06:22,1060                          ,  101, 9999,  101,  101,    0,     0,     0
 ED5.2,3252                          ,1363                          ,                    ,1318      ,                ,  101,                    ,                              ,14,0,20190205 08:06:23,    0,         0,         0,65535,65535, 9999,2,                ,0000000,0, 0,         0,    0,0000000000000000000000000000000000000000,0000000000000000000000000000000000000000,         0,         0,         0,         0,1, 0, 0, 0,3252                          ,    0,         0,0,20190205 08:06:23,1363                          ,  101, 9999,  101,  101,    0,     0,     0
 ED5.2,88                            ,1060                          ,                    ,1630      ,                ,  101,                    ,                              ,14,0,20190205 08:06:25,    0,         0,         3,65535,65535, 9999,2,                ,0000000,0, 0,         0,    0,0000000000000000000000000000000000000000,0000000000000000000000000000000000000000,         0,         0,         0,         0,1, 0, 0, 0,1161                          ,    0,         3,1,20190205 08:06:22,1060                          ,  101, 9999,  101,  101,    0,     0,     0
 ED5.2,5200                          ,5212                          ,                    ,7952      ,                ,  101,                    ,                              ,14,0,20190205 08:06:25,    0,         0,        40,65535,65535, 9999,2,                ,0000000,0, 0,         0,    0,0000000000000000000000000000000000000000,0000000000000000000000000000000000000000,         0,         0,         0,         0,1, 0, 0, 0,5200                          ,    0,        40,0,20190205 08:05:45,5212                          ,  101, 9999,  101,  101,    0,     0,     0
 ED5.2,1184                          ,1447                          ,                    ,1632      ,                ,  101,                    ,                              ,14,0,20190205 08:06:32,    0,         0,         0,65535,65535, 9999,2,                ,0000000,0, 0,         0,    0,0000000000000000000000000000000000000000,0000000000000000000000000000000000000000,         0,         0,         0,         0,1, 0, 0, 0,1188                          ,    0,         0,1,20190205 08:06:32,1447                          ,  101, 9999,  101,  101,    0,     0,     0
 ED5.2,9502                          ,3124                          ,DIEGO FERNAN GAL    ,1466      ,                ,  101,                    ,                              , 0,2,20190205 08:06:34,    0,         0,         5,10017,   11,  101,2,                ,0010000,2, 1,         0,    0,1000000000000000000000000000000000000000,0000000000000000000000010000000000001000,         0,         0,         0,         0,1, 0, 0, 0,9502                          ,    0,         0,0,20190205 08:06:29,3124                          , 9999, 9999, 9999,  101,32767,     0,     0
 ED5.2,0745603990                    ,4020                          ,MARISOL BETANCUR    ,2952      ,                ,  101,                    ,                              , 4,2,20190205 08:06:39,    0,         0,        38,10447,   15,  101,2,                ,0000000,2, 0,         0,    0,0000000000000000000000000000000000000000,0000000000000000000000010000000000000000,         0,         0,         0,         0,1, 0, 0, 0,A800                          ,   39,         0,1,20190205 08:06:01,                              , 9999, 9999, 9999, 9999,32767,     0,     0
 ED5.2,1106                          ,1680                          ,                    ,1425      ,                ,  101,                    ,                              ,14,0,20190205 08:06:41,    0,         0,        58,65535,65535, 9999,2,                ,0000000,0, 0,         0,    0,0000000000000000000000000000000000000000,0000000000000000000000000000000000000000,         0,         0,         0,         0,1, 0, 0, 0,1106                          ,    0,        58,0,20190205 08:05:43,1680                          ,  101, 9999,  101,  101,    0,     0,     0
 ED5.2,4043                          ,4047                          ,                    ,2425      ,                ,  101,                    ,                              ,14,0,20190205 08:06:43,    0,         0,         0,65535,65535, 9999,2,                ,0000000,0, 0,         0,    0,0000000000000000000000000000000000000000,0000000000000000000000000000000000000000,         0,         0,         0,         0,1, 0, 0, 0,4043                          ,    0,         0,0,20190205 08:06:43,4047                          ,  101, 9999,  101,  101,    0,     0,     0
 ED5.2,3143                          ,3172                          ,                    ,1979      ,                ,  101,                    ,                              ,14,0,20190205 08:06:43,    0,         0,         0,65535,65535, 9999,2,                ,0000000,0, 0,         0,    0,0000000000000000000000000000000000000000,0000000000000000000000000000000000000000,         0,         0,         0,         0,1, 0, 0, 0,3143                          ,    0,         0,0,20190205 08:06:43,3172                          ,  101, 9999,  101,  101,    0,     0,     0
 ED5.2,1785                          ,2016                          ,                    ,4952      ,                ,  101,                    ,                              , 3,0,20190205 08:06:45,    0,         0,       106,65535,65535, 9999,2,                ,0000000,0, 0,         0,    0,0000000000000000000000000000000000000000,0000000000000000000000000000000000000000,         0,         0,         0,         0,1, 0, 0, 0,7777                          ,    0,       106,0,20190205 08:04:59,2016                          ,  101, 9999,  101,  101,    0,     0,     0
 ED5.2,663184094706                  ,1304                          ,ANDRES FELIP YAG    ,1632      ,                ,  101,                    ,                              , 4,2,20190205 08:06:48,    0,         0,        93,  123,   20,  101,2,                ,0000000,2, 1,         0,    0,0000000000000000000000000000000000000000,0000000000000000000000010000000000000000,         0,         0,         0,         0,1, 0, 0, 0,A800                          ,   93,         0,1,20190205 08:05:15,                              , 9999, 9999, 9999, 9999,32767,     0,     0
 ED5.2,6407961                       ,3192                          ,CATALINA FIGUERE    ,1466      ,                ,  101,                    ,                              , 0,2,20190205 08:06:51,    0,         0,         0,10884,   82,  101,2,                ,0010000,2, 1,         0,    0,1000000000000000000000000000000000000000,0000000000000000000000010000000000001000,         0,         0,         0,         0,1, 0, 0, 0,6407961                       ,    0,         0,0,20190205 08:06:51,3192                          , 9999, 9999, 9999,  101,32767,     0,     0
 ED5.2,5200                          ,5204                          ,                    ,7952      ,                ,  101,                    ,                              ,14,0,20190205 08:06:55,    0,         0,         0,65535,65535, 9999,2,                ,0000000,0, 0,         0,    0,0000000000000000000000000000000000000000,0000000000000000000000000000000000000000,         0,         0,         0,         0,1, 0, 0, 0,5200                          ,    0,         0,0,20190205 08:06:55,5204                          ,  101, 9999,  101,  101,    0,     0,     0
 ED5.2,1191                          ,1736                          ,                    ,1635      ,                ,  101,                    ,                              ,14,0,20190205 08:06:57,    0,         0,        22,65535,65535, 9999,2,                ,0000000,0, 0,         0,    0,0000000000000000000000000000000000000000,0000000000000000000000000000000000000000,         0,         0,         0,         0,1, 0, 0, 0,1191                          ,    0,        22,0,20190205 08:06:35,1736                          ,  101, 9999,  101,  101,    0,     0,     0
 ED5.2,3716615                       ,1084                          ,EVELYN LOREN URU    ,1638      ,                ,  101,                    ,                              , 0,2,20190205 08:06:59,    0,         0,       417,10007,   11,  101,2,                ,0010000,2, 1,         0,    0,1000000000000000000000000000000000000000,0000000000000000000000010000000000001000,         0,         0,         0,         0,1, 0, 0, 0,3716615                       ,    0,         0,0,20190205 08:00:02,1084                          , 9999, 9999, 9999,  101,32767,     0,     0
 ED5.2,4090                          ,4072                          ,                    ,2952      ,                ,  101,                    ,                              ,14,0,20190205 08:07:00,    0,         0,       102,65535,65535, 9999,2,                ,0000000,0, 0,         0,    0,0000000000000000000000000000000000000000,0000000000000000000000000000000000000000,         0,         0,         0,         0,1, 0, 0, 0,4090                          ,    0,       102,0,20190205 08:05:18,4072                          ,  101, 9999,  101,  101,    0,     0,     0
 ED5.2,1108                          ,1370                          ,                    ,1949      ,                ,  101,                    ,                              ,14,0,20190205 08:07:05,    0,         0,        18,65535,65535, 9999,2,                ,0000000,0, 0,         0,    0,0000000000000000000000000000000000000000,0000000000000000000000000000000000000000,         0,         0,         0,         0,1, 0, 0, 0,1108                          ,    0,        18,0,20190205 08:06:47,1370                          ,  101, 9999,  101,  101,    0,     0,     0
 ED5.2,3138041745                    ,1084                          ,EVELYN LOREN URU    ,1638      ,                ,  101,                    ,                              , 0,2,20190205 08:07:05,    0,         0,         0,11578,   69,  101,2,                ,0010000,2, 1,         0,    0,1000000000000000000000000000000000000000,0000000000000000000000010000000000001000,         0,         0,         0,         0,1, 0, 0, 0,033138041745                  ,    0,         0,0,20190205 08:07:05,1084                          , 9999, 9999, 9999,  101,32767,     0,     0
 ED5.2,3849424                       ,3154                          ,NATALIA BUSTAMAN    ,1086      ,                ,  101,                    ,                              , 0,2,20190205 08:07:07,    0,         0,         0,10018,   11,  101,2,                ,0010000,2, 1,         0,    0,1000000000000000000000000000000000000000,0000000000000000000000010000000000001000,         0,         0,         0,         0,1, 0, 0, 0,3849424                       ,    0,         0,0,20190205 08:07:07,3154                          , 9999, 9999, 9999,  101,32767,     0,     0
 ED5.2,1229                          ,1631                          ,                    ,1425      ,                ,  101,                    ,                              ,14,0,20190205 08:07:08,    0,         0,         0,65535,65535, 9999,2,                ,0000000,0, 0,         0,    0,0000000000000000000000000000000000000000,0000000000000000000000000000000000000000,         0,         0,         0,         0,1, 0, 0, 0,1229                          ,    0,         0,0,20190205 08:07:08,1631                          ,  101, 9999,  101,  101,    0,     0,     0
 ED5.2,1009                          ,1013                          ,                    ,1635      ,                ,  101,                    ,                              ,14,0,20190205 08:07:09,    0,         0,        80,65535,65535, 9999,2,                ,0000000,0, 0,         0,    0,0000000000000000000000000000000000000000,0000000000000000000000000000000000000000,         0,         0,         0,         0,1, 0, 0, 0,1009                          ,    0,        80,0,20190205 08:05:49,1013                          ,  101, 9999,  101,  101,    0,     0,     0
 ED5.2,1129                          ,1631                          ,                    ,1425      ,                ,  101,                    ,                              ,14,0,20190205 08:07:10,    0,         0,         0,65535,65535, 9999,2,                ,0000000,0, 0,         0,    0,0000000000000000000000000000000000000000,0000000000000000000000000000000000000000,         0,         0,         0,         0,1, 0, 0, 0,1129                          ,    0,         0,0,20190205 08:07:10,1631                          ,  101, 9999,  101,  101,    0,     0,     0
 ED5.2,5208                          ,5204                          ,                    ,7952      ,                ,  101,                    ,                              ,14,0,20190205 08:07:11,    0,         0,         0,65535,65535, 9999,2,                ,0000000,0, 0,         0,    0,0000000000000000000000000000000000000000,0000000000000000000000000000000000000000,         0,         0,         0,         0,1, 0, 0, 0,5200                          ,    0,         0,1,20190205 08:07:11,5204                          ,  101, 9999,  101,  101,    0,     0,     0
 ED5.2,2026                          ,2091                          ,                    ,4949      ,                ,  101,                    ,                              ,14,0,20190205 08:07:11,    0,         0,        30,65535,65535, 9999,2,                ,0000000,0, 0,         0,    0,0000000000000000000000000000000000000000,0000000000000000000000000000000000000000,         0,         0,         0,         0,1, 0, 0, 0,2026                          ,    0,        30,0,20190205 08:06:41,2091                          ,  101, 9999,  101,  101,    0,     0,     0
 ED5.2,5126                          ,5204                          ,                    ,7952      ,                ,  101,                    ,                              ,14,0,20190205 08:07:13,    0,         0,         0,65535,65535, 9999,2,                ,0000000,0, 0,         0,    0,0000000000000000000000000000000000000000,0000000000000000000000000000000000000000,         0,         0,         0,         0,1, 0, 0, 0,5200                          ,    0,         0,1,20190205 08:07:13,5204                          ,  101, 9999,  101,  101,    0,     0,     0
 ED5.2,1540                          ,1591                          ,                    ,1952      ,                ,  101,                    ,                              ,14,0,20190205 08:07:13,    0,         0,        85,65535,65535, 9999,2,                ,0000000,0, 0,         0,    0,0000000000000000000000000000000000000000,0000000000000000000000000000000000000000,         0,         0,         0,         0,1, 0, 0, 0,1540                          ,    0,        85,0,20190205 08:05:48,1591                          ,  101, 9999,  101,  101,    0,     0,     0
