 ED5.2,1467                          ,1213                          ,                    ,1911      ,                ,  101,                    ,                              ,14,0,20181218 21:03:01,    0,         0,        16,65535,65535, 9999,2,                ,0000000,0, 0,         0,    0,0000000000000000000000000000000000000000,0000000000000000000000000000000000000000,         0,         0,         0,         0,1, 0, 0, 0,1467                          ,    0,        16,0,20181218 21:02:45,1213                          ,  101, 9999,  101,  101,    0,     0,     0
 ED5.2,3155957029                    ,1575                          ,CRISTIAN CAM TOR    ,1952      ,                ,  101,                    ,                              , 0,1,20181218 21:08:16,    0,         0,         5,  377,   21,  101,2,                ,0010000,0, 0,         0,    0,0000000000000000000000000000000000000000,0000000000000000000000010000000000001000,         0,         0,         0,         0,1, 0, 0, 0,033155957029                  ,    0,         0,0,20181218 21:08:11,1575                          , 9999, 9999, 9999,  101,32767,     0,     0
 ED5.2,3113204186                    ,1575                          ,CRISTIAN CAM TOR    ,1952      ,                ,  101,                    ,                              , 0,1,20181218 21:10:23,    0,         0,        97,  378,   21,  101,2,                ,0010000,0, 0,         0,    0,0000000000000000000000000000000000000000,0000000000000000000000010000000000001000,         0,         0,         0,         0,1, 0, 0, 0,033113204186                  ,    0,         0,0,20181218 21:08:46,1575                          , 9999, 9999, 9999,  101,32767,     0,     0
 ED5.2,3134017414                    ,1351                          ,LILIANA BARRERA     ,1949      ,                ,  101,                    ,                              , 0,1,20181218 21:12:20,    0,         0,        29,  377,   21,  101,2,                ,0010000,0, 0,         0,    0,0000000000000000000000000000000000000000,0000000000000000000000010000000000001000,         0,         0,         0,         0,1, 0, 0, 0,033134017414                  ,    0,         0,0,20181218 21:11:51,1351                          , 9999, 9999, 9999,  101,32767,     0,     0
 ED5.2,3716615                       ,1084                          ,EVELYN LOREN URU    ,1638      ,                ,  101,                    ,                              , 0,2,20181218 21:12:54,    0,         0,         0,10001,   11,  101,2,                ,0010000,2, 1,         0,    0,1000000000000000000000000000000000000000,0000000000000000000000010000000000001000,         0,         0,         0,         0,1, 0, 0, 0,3716615                       ,    0,         0,0,20181218 21:12:54,1084                          , 9999, 9999, 9999,  101,32767,     0,     0
 ED5.2,3138041746                    ,1084                          ,EVELYN LOREN URU    ,1638      ,                ,  101,                    ,                              , 0,1,20181218 21:14:44,    0,         0,        80,  378,   21,  101,2,                ,0010000,0, 0,         0,    0,0000000000000000000000000000000000000000,0000000000000000000000010000000000001000,         0,         0,         0,         0,1, 0, 0, 0,033138041746                  ,    0,         0,0,20181218 21:13:24,1084                          , 9999, 9999, 9999,  101,32767,     0,     0
 ED5.2,8238689                       ,1039                          ,JUAN FRANCIS ALM    ,1631      ,                ,  101,                    ,                              , 0,2,20181218 21:15:48,    0,         0,         0,10865,   82,  101,2,                ,0010000,2, 1,         0,    0,1000000000000000000000000000000000000000,0000000000000000000000010000000000001000,         0,         0,         0,         0,1, 0, 0, 0,8238689                       ,    0,         0,0,20181218 21:15:48,1039                          , 9999, 9999, 9999,  101,32767,     0,     0
 ED5.2,3203219030                    ,1736                          ,RECEPCION 2 MORA    ,1635      ,                ,  101,                    ,                              , 0,2,20181218 21:17:27,    0,         0,        39,10349,   66,  101,2,                ,0010000,2, 1,         0,    0,1000000000000000000000000000000000000000,0000000000000000000000010000000000001000,         0,         0,         0,         0,1, 0, 0, 0,033203219030                  ,    0,         0,0,20181218 21:16:48,1736                          , 9999, 9999, 9999,  101,32767,     0,     0
 ED5.2,1403                          ,1495                          ,                    ,1952      ,                ,  101,                    ,                              ,14,0,20181218 21:19:13,    0,         0,        39,65535,65535, 9999,2,                ,0000000,0, 0,         0,    0,0000000000000000000000000000000000000000,0000000000000000000000000000000000000000,         0,         0,         0,         0,1, 0, 0, 0,1403                          ,    0,        39,0,20181218 21:18:34,1495                          ,  101, 9999,  101,  101,    0,     0,     0
 ED5.2,1213                          ,1218                          ,                    ,1638      ,                ,  101,                    ,                              ,14,0,20181218 21:19:36,    0,         0,       225,65535,65535, 9999,2,                ,0000000,0, 0,         0,    0,0000000000000000000000000000000000000000,0000000000000000000000000000000000000000,         0,         0,         0,         0,1, 0, 0, 0,1213                          ,    0,       225,0,20181218 21:15:51,1218                          ,  101, 9999,  101,  101,    0,     0,     0
 ED5.2,3014670                       ,5108                          ,DIANA CAROLI HER    ,3952      ,                ,  101,                    ,                              , 0,2,20181218 21:20:14,    0,         0,        43,10865,   82,  101,2,                ,0010000,2, 1,         0,    0,1000000000000000000000000000000000000000,0000000000000000000000010000000000001000,         0,         0,         0,         0,1, 0, 0, 0,3014670                       ,    0,         0,0,20181218 21:19:31,5108                          , 9999, 9999, 9999,  101,32767,     0,     0
 ED5.2,3014670                       ,5108                          ,DIANA CAROLI HER    ,3952      ,                ,  101,                    ,                              , 0,2,20181218 21:20:20,    0,         0,         0,10865,   82,  101,2,                ,0010000,2, 1,         0,    0,1000000000000000000000000000000000000000,0000000000000000000000010000000000001000,         0,         0,         0,         0,1, 0, 0, 0,3014670                       ,    0,         0,0,20181218 21:20:20,5108                          , 9999, 9999, 9999,  101,32767,     0,     0
 ED5.2,3014670                       ,5108                          ,DIANA CAROLI HER    ,3952      ,                ,  101,                    ,                              , 0,2,20181218 21:20:24,    0,         0,         0,10865,   82,  101,2,                ,0010000,2, 1,         0,    0,1000000000000000000000000000000000000000,0000000000000000000000010000000000001000,         0,         0,         0,         0,1, 0, 0, 0,3014670                       ,    0,         0,0,20181218 21:20:24,5108                          , 9999, 9999, 9999,  101,32767,     0,     0
 ED5.2,3014670                       ,5108                          ,DIANA CAROLI HER    ,3952      ,                ,  101,                    ,                              , 0,2,20181218 21:22:15,    0,         0,        88,10865,   82,  101,2,                ,0010000,2, 1,         0,    0,1000000000000000000000000000000000000000,0000000000000000000000010000000000001000,         0,         0,         0,         0,1, 0, 0, 0,3014670                       ,    0,         0,0,20181218 21:20:47,5108                          , 9999, 9999, 9999,  101,32767,     0,     0
 ED5.2,7292200                       ,1468                          ,JUAN PABLO CANGR    ,1638      ,                ,  101,                    ,                              , 0,2,20181218 21:22:28,    0,         0,       211,10001,   11,  101,2,                ,0010000,2, 1,         0,    0,1000000000000000000000000000000000000000,0000000000000000000000010000000000001000,         0,         0,         0,         0,1, 0, 0, 0,7292200                       ,    0,         0,0,20181218 21:18:57,1468                          , 9999, 9999, 9999,  101,32767,     0,     0
 ED5.2,3007891787                    ,1575                          ,CRISTIAN CAM TOR    ,1952      ,                ,  101,                    ,                              , 0,1,20181218 21:27:11,    0,         0,         8,  377,   21,  101,2,                ,0010000,0, 0,         0,    0,0000000000000000000000000000000000000000,0000000000000000000000010000000000001000,         0,         0,         0,         0,1, 0, 0, 0,033007891787                  ,    0,         0,0,20181218 21:27:03,1575                          , 9999, 9999, 9999,  101,32767,     0,     0
 ED5.2,3007891787                    ,1575                          ,CRISTIAN CAM TOR    ,1952      ,                ,  101,                    ,                              , 0,1,20181218 21:27:45,    0,         0,        16,  378,   21,  101,2,                ,0010000,0, 0,         0,    0,0000000000000000000000000000000000000000,0000000000000000000000010000000000001000,         0,         0,         0,         0,1, 0, 0, 0,033007891787                  ,    0,         0,0,20181218 21:27:29,1575                          , 9999, 9999, 9999,  101,32767,     0,     0
 ED5.2,                              ,7500                          ,Recep Bogota        ,          ,                ,  101,                    ,                              , 4,1,20181218 21:28:43,    0,         0,         0,  378,   21,  101,2,                ,0000000,0, 0,         0,    0,0000000000000000000000000000000000000000,0000000000000000000000010000000000000000,         0,         0,         0,         0,1, 0, 0, 0,                              ,   25,         0,1,20181218 21:28:43,                              , 9999, 9999, 9999, 9999,32767,     0,     0
 ED5.2,                              ,7500                          ,Recep Bogota        ,          ,                ,  101,                    ,                              , 4,1,20181218 21:29:33,    0,         0,         0,  378,   21,  101,2,                ,0000000,0, 0,         0,    0,0000000000000000000000000000000000000000,0000000000000000000000010000000000000000,         0,         0,         0,         0,1, 0, 0, 0,                              ,   25,         0,1,20181218 21:29:33,                              , 9999, 9999, 9999, 9999,32767,     0,     0
 ED5.2,6745880                       ,1466                          ,NATHALY GONZALEZ    ,1638      ,                ,  101,                    ,                              , 0,2,20181218 21:31:09,    0,         0,         0,10001,   11,  101,2,                ,0010000,2, 1,         0,    0,1000000000000000000000000000000000000000,0000000000000000000000010000000000001000,         0,         0,         0,         0,1, 0, 0, 0,6745880                       ,    0,         0,0,20181218 21:31:09,1466                          , 9999, 9999, 9999,  101,32767,     0,     0
 ED5.2,1048                          ,1084                          ,                    ,1638      ,                ,  101,                    ,                              ,14,0,20181218 21:31:14,    0,         0,         0,65535,65535, 9999,2,                ,0000000,0, 0,         0,    0,0000000000000000000000000000000000000000,0000000000000000000000000000000000000000,         0,         0,         0,         0,1, 0, 0, 0,1048                          ,    0,         0,0,20181218 21:31:14,1084                          ,  101, 9999,  101,  101,    0,     0,     0
 ED5.2,663112348166                  ,FS082                         ,SIPsalida           ,          ,                ,  101,                    ,                              , 4,2,20181218 21:33:40,    0,         0,        40,10865,   82,  101,2,                ,0000000,2, 0,         0,    0,0000000000000000000000000000000000000000,0000000000000000000000010000000000000000,         0,         0,         0,         0,1, 0, 0, 0,A500                          ,   41,         0,1,20181218 21:33:00,                              , 9999, 9999, 9999, 9999,32767,     0,     0
 ED5.2,1022                          ,1468                          ,                    ,1638      ,                ,  101,                    ,                              ,14,0,20181218 21:33:58,    0,         0,         0,65535,65535, 9999,2,                ,0000000,0, 0,         0,    0,0000000000000000000000000000000000000000,0000000000000000000000000000000000000000,         0,         0,         0,         0,1, 0, 0, 0,1022                          ,    0,         0,0,20181218 21:33:58,1468                          ,  101, 9999,  101,  101,    0,     0,     0
 ED5.2,------------------------------,******************************,                    ,**********,                ,  101,                    ,******************************, 4,2,20181218 21:34:49,    0,         0,        45,10865,   82,  101,2,                ,0000000,2, 0,         0,    0,0000000000000000000000000000000000000000,0000000000000000000000010000000000000000,         0,         0,         0,         0,1, 0, 0, 0,------------------------------,   40,         5,1,20181218 21:34:04,******************************, 9999, 9999, 9999, 9999,32767,     0,     0
 ED5.2,1022                          ,1468                          ,                    ,1638      ,                ,  101,                    ,                              ,14,0,20181218 21:36:02,    0,         0,         0,65535,65535, 9999,2,                ,0000000,0, 0,         0,    0,0000000000000000000000000000000000000000,0000000000000000000000000000000000000000,         0,         0,         0,         0,1, 0, 0, 0,1022                          ,    0,         0,0,20181218 21:36:02,1468                          ,  101, 9999,  101,  101,    0,     0,     0
 ED5.2,663112348166                  ,FS082                         ,SIPsalida           ,          ,                ,  101,                    ,                              , 4,2,20181218 21:36:06,    0,         0,        36,10865,   82,  101,2,                ,0000000,2, 0,         0,    0,0000000000000000000000000000000000000000,0000000000000000000000010000000000000000,         0,         0,         0,         0,1, 0, 0, 0,A500                          ,   36,         0,1,20181218 21:35:30,                              , 9999, 9999, 9999, 9999,32767,     0,     0
 ED5.2,3007891787                    ,1575                          ,CRISTIAN CAM TOR    ,1952      ,                ,  101,                    ,                              , 0,1,20181218 21:36:26,    0,         0,        11,  377,   21,  101,2,                ,0010000,0, 0,         0,    0,0000000000000000000000000000000000000000,0000000000000000000000010000000000001000,         0,         0,         0,         0,1, 0, 0, 0,033007891787                  ,    0,         0,0,20181218 21:36:15,1575                          , 9999, 9999, 9999,  101,32767,     0,     0
 ED5.2,3007891787                    ,1575                          ,CRISTIAN CAM TOR    ,1952      ,                ,  101,                    ,                              , 0,1,20181218 21:36:51,    0,         0,        13,  378,   21,  101,2,                ,0010000,0, 0,         0,    0,0000000000000000000000000000000000000000,0000000000000000000000010000000000001000,         0,         0,         0,         0,1, 0, 0, 0,033007891787                  ,    0,         0,0,20181218 21:36:38,1575                          , 9999, 9999, 9999,  101,32767,     0,     0
 ED5.2,3007891787                    ,1367                          ,CLAUDIA MARC GRA    ,1952      ,                ,  101,                    ,                              , 0,1,20181218 21:38:06,    0,         0,        39,  377,   21,  101,2,                ,0010000,0, 0,         0,    0,0000000000000000000000000000000000000000,0000000000000000000000010000000000001000,         0,         0,         0,         0,1, 0, 0, 0,033007891787                  ,    0,         0,0,20181218 21:37:27,1367                          , 9999, 9999, 9999,  101,32767,     0,     0
 ED5.2,1213                          ,1218                          ,                    ,1638      ,                ,  101,                    ,                              ,14,0,20181218 21:39:12,    0,         0,       447,65535,65535, 9999,2,                ,0000000,0, 0,         0,    0,0000000000000000000000000000000000000000,0000000000000000000000000000000000000000,         0,         0,         0,         0,1, 0, 0, 0,1213                          ,    0,       447,0,20181218 21:31:45,1218                          ,  101, 9999,  101,  101,    0,     0,     0
 ED5.2,1467                          ,1468                          ,                    ,1638      ,                ,  101,                    ,                              ,14,0,20181218 21:39:19,    0,         0,         7,65535,65535, 9999,2,                ,0000000,0, 0,         0,    0,0000000000000000000000000000000000000000,0000000000000000000000000000000000000000,         0,         0,         0,         0,1, 0, 0, 0,1467                          ,    0,         7,0,20181218 21:39:12,1468                          ,  101, 9999,  101,  101,    0,     0,     0
 ED5.2,1213                          ,1218                          ,                    ,1638      ,                ,  101,                    ,                              ,14,0,20181218 21:41:11,    0,         0,        10,65535,65535, 9999,2,                ,0000000,0, 0,         0,    0,0000000000000000000000000000000000000000,0000000000000000000000000000000000000000,         0,         0,         0,         0,1, 0, 0, 0,1213                          ,    0,        10,0,20181218 21:41:01,1218                          ,  101, 9999,  101,  101,    0,     0,     0
 ED5.2,3326291                       ,2091                          ,PILAR GRUESO        ,4949      ,                ,  101,                    ,                              , 0,2,20181218 21:42:12,    0,         0,         0,  310,   65,  101,2,                ,0010000,2, 1,         0,    0,1000000000000000000000000000000000000000,0000000000000000000000010000000000001000,         0,         0,         0,         0,1, 0, 0, 0,3326291                       ,    0,         0,0,20181218 21:42:12,2091                          , 9999, 9999, 9999,  101,32767,     0,     0
 ED5.2,3007891787                    ,1367                          ,CLAUDIA MARC GRA    ,1952      ,                ,  101,                    ,                              , 0,1,20181218 21:44:13,    0,         0,         0,  378,   21,  101,2,                ,0010000,0, 0,         0,    0,0000000000000000000000000000000000000000,0000000000000000000000010000000000001000,         0,         0,         0,         0,1, 0, 0, 0,033007891787                  ,    0,         0,0,20181218 21:44:13,1367                          , 9999, 9999, 9999,  101,32767,     0,     0
 ED5.2,663007891787                  ,1527                          ,MARIO ANDRES CAM    ,1952      ,                ,  101,                    ,                              , 4,2,20181218 21:44:41,    0,         0,        43,  120,   20,  101,2,                ,0000000,2, 0,         0,    0,0000000000000000000000000000000000000000,0000000000000000000000010000000000000000,         0,         0,         0,         0,1, 0, 0, 0,A800                          ,   18,        25,0,20181218 21:43:58,                              , 9999, 9999, 9999, 9999,32767,     0,     0
 ED5.2,1468                          ,1084                          ,                    ,1638      ,                ,  101,                    ,                              ,14,0,20181218 21:46:38,    0,         0,        42,65535,65535, 9999,2,                ,0000000,0, 0,         0,    0,0000000000000000000000000000000000000000,0000000000000000000000000000000000000000,         0,         0,         0,         0,1, 0, 0, 0,1468                          ,    0,        42,0,20181218 21:45:56,1084                          ,  101, 9999,  101,  101,    0,     0,     0
 ED5.2,1210                          ,1252                          ,                    ,1215      ,                ,  101,                    ,                              ,14,0,20181218 21:47:36,    0,         0,        75,65535,65535, 9999,2,                ,0000000,0, 0,         0,    0,0000000000000000000000000000000000000000,0000000000000000000000000000000000000000,         0,         0,         0,         0,1, 0, 0, 0,1210                          ,    0,        75,0,20181218 21:46:21,1252                          ,  101, 9999,  101,  101,    0,     0,     0
 ED5.2,1213                          ,1218                          ,                    ,1638      ,                ,  101,                    ,                              ,14,0,20181218 21:48:07,    0,         0,       118,65535,65535, 9999,2,                ,0000000,0, 0,         0,    0,0000000000000000000000000000000000000000,0000000000000000000000000000000000000000,         0,         0,         0,         0,1, 0, 0, 0,1213                          ,    0,       118,0,20181218 21:46:09,1218                          ,  101, 9999,  101,  101,    0,     0,     0
 ED5.2,2972231                       ,4003                          ,JUDY FRANCEL JAR    ,2952      ,                ,  101,                    ,                              , 0,2,20181218 21:54:31,    0,         0,        23,10445,   15,  101,2,                ,0010000,2, 1,         0,    0,1000000000000000000000000000000000000000,0000000000000000000000010000000000001000,         0,         0,         0,         0,1, 0, 0, 0,2972231                       ,    0,         0,0,20181218 21:54:08,4003                          , 9999, 9999, 9999,  101,32767,     0,     0
 ED5.2,2972231                       ,4003                          ,JUDY FRANCEL JAR    ,2952      ,                ,  101,                    ,                              , 0,2,20181218 21:58:47,    0,         0,        45,10445,   15,  101,2,                ,0010000,2, 1,         0,    0,1000000000000000000000000000000000000000,0000000000000000000000010000000000001000,         0,         0,         0,         0,1, 0, 0, 0,2972231                       ,    0,         0,0,20181218 21:58:02,4003                          , 9999, 9999, 9999,  101,32767,     0,     0
 ED5.2,1218                          ,1434                          ,                    ,1215      ,                ,  101,                    ,                              ,14,0,20181218 21:59:54,    0,         0,       343,65535,65535, 9999,2,                ,0000000,0, 0,         0,    0,0000000000000000000000000000000000000000,0000000000000000000000000000000000000000,         0,         0,         0,         0,1, 0, 0, 0,1218                          ,    0,       343,0,20181218 21:54:11,1434                          ,  101, 9999,  101,  101,    0,     0,     0
 ED5.2,1468                          ,1084                          ,                    ,1638      ,                ,  101,                    ,                              ,14,0,20181218 22:02:31,    0,         0,        57,65535,65535, 9999,2,                ,0000000,0, 0,         0,    0,0000000000000000000000000000000000000000,0000000000000000000000000000000000000000,         0,         0,         0,         0,1, 0, 0, 0,1468                          ,    0,        57,0,20181218 22:01:34,1084                          ,  101, 9999,  101,  101,    0,     0,     0
