 ED5.2,1671                          ,3293                          ,                    ,1632      ,                ,  101,                    ,                              ,14,0,20190110 21:07:15,    0,         0,        61,65535,65535, 9999,2,                ,0000000,0, 0,         0,    0,0000000000000000000000000000000000000000,0000000000000000000000000000000000000000,         0,         0,         0,         0,1, 0, 0, 0,1671                          ,    0,        61,0,20190110 21:06:14,3293                          ,  101, 9999,  101,  101,    0,     0,     0
 ED5.2,4078                          ,4082                          ,                    ,2952      ,                ,  101,                    ,                              ,14,0,20190110 21:10:16,    0,         0,         7,65535,65535, 9999,2,                ,0000000,0, 0,         0,    0,0000000000000000000000000000000000000000,0000000000000000000000000000000000000000,         0,         0,         0,         0,1, 0, 0, 0,4078                          ,    0,         7,0,20190110 21:10:09,4082                          ,  101, 9999,  101,  101,    0,     0,     0
 ED5.2,7476497                       ,1076                          ,JEISSON ANDR VAS    ,1741      ,                ,  101,                    ,                              , 0,2,20190110 21:10:31,    0,         0,       166,10001,   11,  101,2,                ,0010000,2, 1,         0,    0,1000000000000000000000000000000000000000,0000000000000000000000010000000000001000,         0,         0,         0,         0,1, 0, 0, 0,7476497                       ,    0,         0,0,20190110 21:07:45,1076                          , 9999, 9999, 9999,  101,32767,     0,     0
 ED5.2,6103842                       ,1736                          ,RECEPCION 2 MORA    ,1635      ,                ,  101,                    ,                              , 0,2,20190110 21:11:34,    0,         0,         0,10865,   82,  101,2,                ,0010000,2, 1,         0,    0,1000000000000000000000000000000000000000,0000000000000000000000010000000000001000,         0,         0,         0,         0,1, 0, 0, 0,6103842                       ,    0,         0,0,20190110 21:11:34,1736                          , 9999, 9999, 9999,  101,32767,     0,     0
 ED5.2,6103842                       ,1736                          ,RECEPCION 2 MORA    ,1635      ,                ,  101,                    ,                              , 0,2,20190110 21:12:04,    0,         0,        15,10001,   11,  101,2,                ,0010000,2, 1,         0,    0,1000000000000000000000000000000000000000,0000000000000000000000010000000000001000,         0,         0,         0,         0,1, 0, 0, 0,6103842                       ,    0,         0,0,20190110 21:11:49,1736                          , 9999, 9999, 9999,  101,32767,     0,     0
 ED5.2,4615720                       ,1495                          ,YESSICA PATR URR    ,1952      ,                ,  101,                    ,                              , 0,2,20190110 21:12:29,    0,         0,       191,10002,   11,  101,2,                ,0010000,2, 1,         0,    0,1000000000000000000000000000000000000000,0000000000000000000000010000000000001000,         0,         0,         0,         0,1, 0, 0, 0,4615720                       ,    0,         0,0,20190110 21:09:18,1495                          , 9999, 9999, 9999,  101,32767,     0,     0
 ED5.2,4017                          ,4087                          ,                    ,2952      ,                ,  101,                    ,                              ,14,0,20190110 21:16:05,    0,         0,         0,65535,65535, 9999,2,                ,0000000,0, 0,         0,    0,0000000000000000000000000000000000000000,0000000000000000000000000000000000000000,         0,         0,         0,         0,1, 0, 0, 0,4017                          ,    0,         0,0,20190110 21:16:05,4087                          ,  101, 9999,  101,  101,    0,     0,     0
 ED5.2,4038                          ,4087                          ,                    ,2952      ,                ,  101,                    ,                              ,14,0,20190110 21:16:07,    0,         0,         0,65535,65535, 9999,2,                ,0000000,0, 0,         0,    0,0000000000000000000000000000000000000000,0000000000000000000000000000000000000000,         0,         0,         0,         0,1, 0, 0, 0,4017                          ,    0,         0,1,20190110 21:16:07,4087                          ,  101, 9999,  101,  101,    0,     0,     0
 ED5.2,1179                          ,1439                          ,                    ,1632      ,                ,  101,                    ,                              ,14,0,20190110 21:16:59,    0,         0,         0,65535,65535, 9999,2,                ,0000000,0, 0,         0,    0,0000000000000000000000000000000000000000,0000000000000000000000000000000000000000,         0,         0,         0,         0,1, 0, 0, 0,1179                          ,    0,         0,0,20190110 21:16:59,1439                          ,  101, 9999,  101,  101,    0,     0,     0
 ED5.2,1176                          ,1532                          ,                    ,1632      ,                ,  101,                    ,                              ,14,0,20190110 21:18:50,    0,         0,        33,65535,65535, 9999,2,                ,0000000,0, 0,         0,    0,0000000000000000000000000000000000000000,0000000000000000000000000000000000000000,         0,         0,         0,         0,1, 0, 0, 0,1176                          ,    0,        33,0,20190110 21:18:17,1532                          ,  101, 9999,  101,  101,    0,     0,     0
 ED5.2,1312                          ,1176                          ,                    ,1632      ,                ,  101,                    ,                              ,14,0,20190110 21:18:59,    0,         0,         0,65535,65535, 9999,2,                ,0000000,0, 0,         0,    0,0000000000000000000000000000000000000000,0000000000000000000000000000000000000000,         0,         0,         0,         0,1, 0, 0, 0,1312                          ,    0,         0,0,20190110 21:18:59,1176                          ,  101, 9999,  101,  101,    0,     0,     0
 ED5.2,1042                          ,1320                          ,                    ,1952      ,                ,  101,                    ,                              ,14,0,20190110 21:21:51,    0,         0,         0,65535,65535, 9999,2,                ,0000000,0, 0,         0,    0,0000000000000000000000000000000000000000,0000000000000000000000000000000000000000,         0,         0,         0,         0,1, 0, 0, 0,1042                          ,    0,         0,0,20190110 21:21:51,1320                          ,  101, 9999,  101,  101,    0,     0,     0
 ED5.2,1896                          ,1320                          ,                    ,1952      ,                ,  101,                    ,                              ,14,0,20190110 21:21:52,    0,         0,         0,65535,65535, 9999,2,                ,0000000,0, 0,         0,    0,0000000000000000000000000000000000000000,0000000000000000000000000000000000000000,         0,         0,         0,         0,1, 0, 0, 0,1042                          ,    0,         0,1,20190110 21:21:52,1320                          ,  101, 9999,  101,  101,    0,     0,     0
 ED5.2,1042                          ,1320                          ,                    ,1952      ,                ,  101,                    ,                              ,14,0,20190110 21:28:57,    0,         0,         0,65535,65535, 9999,2,                ,0000000,0, 0,         0,    0,0000000000000000000000000000000000000000,0000000000000000000000000000000000000000,         0,         0,         0,         0,1, 0, 0, 0,1042                          ,    0,         0,0,20190110 21:28:57,1320                          ,  101, 9999,  101,  101,    0,     0,     0
 ED5.2,1896                          ,1320                          ,                    ,1952      ,                ,  101,                    ,                              ,14,0,20190110 21:28:59,    0,         0,         0,65535,65535, 9999,2,                ,0000000,0, 0,         0,    0,0000000000000000000000000000000000000000,0000000000000000000000000000000000000000,         0,         0,         0,         0,1, 0, 0, 0,1042                          ,    0,         0,1,20190110 21:28:59,1320                          ,  101, 9999,  101,  101,    0,     0,     0
 ED5.2,1452                          ,1354                          ,                    ,1911      ,                ,  101,                    ,                              ,14,0,20190110 21:30:32,    0,         0,         0,65535,65535, 9999,2,                ,0000000,0, 0,         0,    0,0000000000000000000000000000000000000000,0000000000000000000000000000000000000000,         0,         0,         0,         0,1, 0, 0, 0,1452                          ,    0,         0,0,20190110 21:30:32,1354                          ,  101, 9999,  101,  101,    0,     0,     0
 ED5.2,3036370                       ,3239                          ,JOSE ANTONIO ECH    ,1979      ,                ,  101,                    ,                              , 0,2,20190110 21:31:41,    0,         0,       107,10001,   11,  101,2,                ,0010000,2, 1,         0,    0,1000000000000000000000000000000000000000,0000000000000000000000010000000000001000,         0,         0,         0,         0,1, 0, 0, 0,3036370                       ,    0,         0,0,20190110 21:29:54,3239                          , 9999, 9999, 9999,  101,32767,     0,     0
 ED5.2,1512                          ,1364                          ,                    ,1632      ,                ,  101,                    ,                              ,14,0,20190110 21:33:52,    0,         0,        20,65535,65535, 9999,2,                ,0000000,0, 0,         0,    0,0000000000000000000000000000000000000000,0000000000000000000000000000000000000000,         0,         0,         0,         0,1, 0, 0, 0,1512                          ,    0,        20,0,20190110 21:33:32,1364                          ,  101, 9999,  101,  101,    0,     0,     0
 ED5.2,1587                          ,1819                          ,                    ,1952      ,                ,  101,                    ,                              ,14,0,20190110 21:34:01,    0,         0,        31,65535,65535, 9999,2,                ,0000000,0, 0,         0,    0,0000000000000000000000000000000000000000,0000000000000000000000000000000000000000,         0,         0,         0,         0,1, 0, 0, 0,1587                          ,    0,        31,0,20190110 21:33:30,1819                          ,  101, 9999,  101,  101,    0,     0,     0
 ED5.2,663166991621                  ,3243                          ,FERMIN ORDONEZ      ,1949      ,                ,  101,                    ,                              , 4,2,20190110 21:36:28,    0,         0,       264,  120,   20,  101,2,                ,0000000,3, 0,         0,    0,0000000000000000000000000000000000000000,0000000000000000000000010000000000000000,         0,         0,         0,         0,1, 0, 0, 0,A800                          ,   25,       240,0,20190110 21:32:04,                              , 9999, 9999, 9999, 9999,32767,     0,     0
 ED5.2,1175                          ,1472                          ,                    ,1632      ,                ,  101,                    ,                              ,14,0,20190110 21:38:03,    0,         0,         0,65535,65535, 9999,2,                ,0000000,0, 0,         0,    0,0000000000000000000000000000000000000000,0000000000000000000000000000000000000000,         0,         0,         0,         0,1, 0, 0, 0,1175                          ,    0,         0,0,20190110 21:38:03,1472                          ,  101, 9999,  101,  101,    0,     0,     0
 ED5.2,1022                          ,1472                          ,                    ,1632      ,                ,  101,                    ,                              ,14,0,20190110 21:38:06,    0,         0,         0,65535,65535, 9999,2,                ,0000000,0, 0,         0,    0,0000000000000000000000000000000000000000,0000000000000000000000000000000000000000,         0,         0,         0,         0,1, 0, 0, 0,1175                          ,    0,         0,1,20190110 21:38:06,1472                          ,  101, 9999,  101,  101,    0,     0,     0
 ED5.2,1175                          ,1472                          ,                    ,1632      ,                ,  101,                    ,                              ,14,0,20190110 21:38:17,    0,         0,         0,65535,65535, 9999,2,                ,0000000,0, 0,         0,    0,0000000000000000000000000000000000000000,0000000000000000000000000000000000000000,         0,         0,         0,         0,1, 0, 0, 0,1175                          ,    0,         0,0,20190110 21:38:17,1472                          ,  101, 9999,  101,  101,    0,     0,     0
 ED5.2,1832                          ,1671                          ,                    ,1633      ,                ,  101,                    ,                              ,14,0,20190110 21:38:40,    0,         0,        27,65535,65535, 9999,2,                ,0000000,0, 0,         0,    0,0000000000000000000000000000000000000000,0000000000000000000000000000000000000000,         0,         0,         0,         0,1, 0, 0, 0,1832                          ,    0,        27,0,20190110 21:38:13,1671                          ,  101, 9999,  101,  101,    0,     0,     0
 ED5.2,2972231                       ,4003                          ,JUDY FRANCEL JAR    ,2952      ,                ,  101,                    ,                              , 0,2,20190110 21:41:47,    0,         0,       306,10445,   15,  101,2,                ,0010000,2, 1,         0,    0,1000000000000000000000000000000000000000,0000000000000000000000010000000000001000,         0,         0,         0,         0,1, 0, 0, 0,2972231                       ,    0,         0,0,20190110 21:36:41,4003                          , 9999, 9999, 9999,  101,32767,     0,     0
 ED5.2,1041                          ,5140                          ,                    ,3632      ,                ,  101,                    ,                              ,14,0,20190110 21:42:50,    0,         0,         0,65535,65535, 9999,2,                ,0000000,0, 0,         0,    0,0000000000000000000000000000000000000000,0000000000000000000000000000000000000000,         0,         0,         0,         0,1, 0, 0, 0,1041                          ,    0,         0,0,20190110 21:42:50,5140                          ,  101, 9999,  101,  101,    0,     0,     0
 ED5.2,1525                          ,5140                          ,                    ,3632      ,                ,  101,                    ,                              ,14,0,20190110 21:42:51,    0,         0,         0,65535,65535, 9999,2,                ,0000000,0, 0,         0,    0,0000000000000000000000000000000000000000,0000000000000000000000000000000000000000,         0,         0,         0,         0,1, 0, 0, 0,1041                          ,    0,         0,1,20190110 21:42:51,5140                          ,  101, 9999,  101,  101,    0,     0,     0
 ED5.2,074899303                     ,4019                          ,NORELY DEL S RIO    ,2952      ,                ,  101,                    ,                              , 4,2,20190110 21:47:23,    0,         0,        32,10445,   15,  101,2,                ,0000000,2, 0,         0,    0,0000000000000000000000000000000000000000,0000000000000000000000010000000000000000,         0,         0,         0,         0,1, 0, 0, 0,A800                          ,   32,         0,0,20190110 21:46:51,                              , 9999, 9999, 9999, 9999,32767,     0,     0
 ED5.2,1364                          ,1512                          ,                    ,1632      ,                ,  101,                    ,                              ,14,0,20190110 21:47:47,    0,         0,        11,65535,65535, 9999,2,                ,0000000,0, 0,         0,    0,0000000000000000000000000000000000000000,0000000000000000000000000000000000000000,         0,         0,         0,         0,1, 0, 0, 0,1364                          ,    0,        11,0,20190110 21:47:36,1512                          ,  101, 9999,  101,  101,    0,     0,     0
 ED5.2,3164683                       ,3239                          ,JOSE ANTONIO ECH    ,1979      ,                ,  101,                    ,                              , 0,2,20190110 21:51:45,    0,         0,         9,10001,   11,  101,2,                ,0010000,2, 1,         0,    0,1000000000000000000000000000000000000000,0000000000000000000000010000000000001000,         0,         0,         0,         0,1, 0, 0, 0,3164683                       ,    0,         0,0,20190110 21:51:36,3239                          , 9999, 9999, 9999,  101,32767,     0,     0
 ED5.2,3164683                       ,3239                          ,JOSE ANTONIO ECH    ,1979      ,                ,  101,                    ,                              , 0,2,20190110 21:51:57,    0,         0,         1,10001,   11,  101,2,                ,0010000,2, 1,         0,    0,1000000000000000000000000000000000000000,0000000000000000000000010000000000001000,         0,         0,         0,         0,1, 0, 0, 0,3164683                       ,    0,         0,0,20190110 21:51:56,3239                          , 9999, 9999, 9999,  101,32767,     0,     0
 ED5.2,3164683901                    ,3239                          ,JOSE ANTONIO ECH    ,1979      ,                ,  101,                    ,                              , 0,1,20190110 21:52:58,    0,         0,        39,  377,   21,  101,2,                ,0010000,0, 0,         0,    0,0000000000000000000000000000000000000000,0000000000000000000000010000000000001000,         0,         0,         0,         0,1, 0, 0, 0,033164683901                  ,    0,         0,0,20190110 21:52:19,3239                          , 9999, 9999, 9999,  101,32767,     0,     0
 ED5.2,1235                          ,1818                          ,                    ,1632      ,                ,  101,                    ,                              ,14,0,20190110 21:55:14,    0,         0,        19,65535,65535, 9999,2,                ,0000000,0, 0,         0,    0,0000000000000000000000000000000000000000,0000000000000000000000000000000000000000,         0,         0,         0,         0,1, 0, 0, 0,1235                          ,    0,        19,0,20190110 21:54:55,1818                          ,  101, 9999,  101,  101,    0,     0,     0
 ED5.2,3167408848                    ,1125                          ,MARIA PAULA DUQU    ,1952      ,                ,  101,                    ,                              , 0,1,20190110 21:57:14,    0,         0,         7,  378,   21,  101,2,                ,0010000,0, 0,         0,    0,0000000000000000000000000000000000000000,0000000000000000000000010000000000001000,         0,         0,         0,         0,1, 0, 0, 0,033167408848                  ,    0,         0,0,20190110 21:57:07,1125                          , 9999, 9999, 9999,  101,32767,     0,     0
 ED5.2,3167408848                    ,1125                          ,MARIA PAULA DUQU    ,1952      ,                ,  101,                    ,                              , 0,1,20190110 21:57:31,    0,         0,         6,  377,   21,  101,2,                ,0010000,0, 0,         0,    0,0000000000000000000000000000000000000000,0000000000000000000000010000000000001000,         0,         0,         0,         0,1, 0, 0, 0,033167408848                  ,    0,         0,0,20190110 21:57:25,1125                          , 9999, 9999, 9999,  101,32767,     0,     0
 ED5.2,3164683901                    ,3239                          ,JOSE ANTONIO ECH    ,1979      ,                ,  101,                    ,                              , 0,1,20190110 22:05:43,    0,         0,         0,  378,   21,  101,2,                ,0010000,0, 0,         0,    0,0000000000000000000000000000000000000000,0000000000000000000000010000000000001000,         0,         0,         0,         0,1, 0, 0, 0,033164683901                  ,    0,         0,0,20190110 22:05:43,3239                          , 9999, 9999, 9999,  101,32767,     0,     0
