 ED5.2,3600124                       ,5140                          ,ISYS CAROLIN NAV    ,3632      ,                ,  101,                    ,                              , 0,2,20190204 20:00:27,    0,         0,        94,10865,   82,  101,2,                ,0010000,2, 1,         0,    0,1000000000000000000000000000000000000000,0000000000000000000000010000000000001000,         0,         0,         0,         0,1, 0, 0, 0,3600124                       ,    0,         0,0,20190204 19:58:53,5140                          , 9999, 9999, 9999,  101,32767,     0,     0
 ED5.2,1816                          ,1736                          ,                    ,1635      ,                ,  101,                    ,                              ,14,0,20190204 20:00:27,    0,         0,         0,65535,65535, 9999,2,                ,0000000,0, 0,         0,    0,0000000000000000000000000000000000000000,0000000000000000000000000000000000000000,         0,         0,         0,         0,1, 0, 0, 0,1816                          ,    0,         0,0,20190204 20:00:27,1736                          ,  101, 9999,  101,  101,    0,     0,     0
 ED5.2,1025                          ,1736                          ,                    ,1635      ,                ,  101,                    ,                              ,14,0,20190204 20:00:43,    0,         0,         0,65535,65535, 9999,2,                ,0000000,0, 0,         0,    0,0000000000000000000000000000000000000000,0000000000000000000000000000000000000000,         0,         0,         0,         0,1, 0, 0, 0,1816                          ,    0,         0,1,20190204 20:00:43,1736                          ,  101, 9999,  101,  101,    0,     0,     0
 ED5.2,6604869                       ,1439                          ,SANDRA LOREN ROZ    ,1632      ,                ,  101,                    ,                              , 0,2,20190204 20:00:44,    0,         0,        91,10001,   11,  101,2,                ,0010000,2, 1,         0,    0,1000000000000000000000000000000000000000,0000000000000000000000010000000000001000,         0,         0,         0,         0,1, 0, 0, 0,6604869                       ,    0,         0,0,20190204 19:59:13,1439                          , 9999, 9999, 9999,  101,32767,     0,     0
 ED5.2,3215287864                    ,4017                          ,JUAN FERNAND SOL    ,2843      ,                ,  101,                    ,                              , 0,2,20190204 20:00:45,    0,         0,         0,10349,   66,  101,2,                ,0010000,2, 1,         0,    0,1000000000000000000000000000000000000000,0000000000000000000000010000000000001000,         0,         0,         0,         0,1, 0, 0, 0,033215287864                  ,    0,         0,0,20190204 20:00:45,4017                          , 9999, 9999, 9999,  101,32767,     0,     0
 ED5.2,1427                          ,1736                          ,                    ,1635      ,                ,  101,                    ,                              ,14,0,20190204 20:00:50,    0,         0,         0,65535,65535, 9999,2,                ,0000000,0, 0,         0,    0,0000000000000000000000000000000000000000,0000000000000000000000000000000000000000,         0,         0,         0,         0,1, 0, 0, 0,1816                          ,    0,         0,1,20190204 20:00:50,1736                          ,  101, 9999,  101,  101,    0,     0,     0
 ED5.2,3215287864                    ,4017                          ,JUAN FERNAND SOL    ,2843      ,                ,  101,                    ,                              , 0,2,20190204 20:01:22,    0,         0,         0,10349,   66,  101,2,                ,0010000,2, 1,         0,    0,1000000000000000000000000000000000000000,0000000000000000000000010000000000001000,         0,         0,         0,         0,1, 0, 0, 0,033215287864                  ,    0,         0,0,20190204 20:01:22,4017                          , 9999, 9999, 9999,  101,32767,     0,     0
 ED5.2,3112                          ,1736                          ,                    ,1635      ,                ,  101,                    ,                              ,14,0,20190204 20:01:56,    0,         0,         0,65535,65535, 9999,2,                ,0000000,0, 0,         0,    0,0000000000000000000000000000000000000000,0000000000000000000000000000000000000000,         0,         0,         0,         0,1, 0, 0, 0,3231                          ,    0,         0,1,20190204 20:01:56,1736                          ,  101, 9999,  101,  101,    0,     0,     0
 ED5.2,5161                          ,1736                          ,                    ,1635      ,                ,  101,                    ,                              ,14,0,20190204 20:04:54,    0,         0,         0,65535,65535, 9999,2,                ,0000000,0, 0,         0,    0,0000000000000000000000000000000000000000,0000000000000000000000000000000000000000,         0,         0,         0,         0,1, 0, 0, 0,5161                          ,    0,         0,0,20190204 20:04:54,1736                          ,  101, 9999,  101,  101,    0,     0,     0
 ED5.2,7515087                       ,1340                          ,RECEPCION MORATO    ,1635      ,                ,  101,                    ,                              , 4,2,20190204 20:05:01,    0,         0,       140,  120,   20,  101,2,                ,0000000,3, 0,         0,    0,0000000000000000000000000000000000000000,0000000000000000000000010000000000000000,         0,         0,         0,         0,1, 0, 0, 0,A800                          ,  141,         0,1,20190204 20:02:41,                              , 9999, 9999, 9999, 9999,32767,     0,     0
 ED5.2,5130                          ,1736                          ,                    ,1635      ,                ,  101,                    ,                              ,14,0,20190204 20:05:09,    0,         0,         0,65535,65535, 9999,2,                ,0000000,0, 0,         0,    0,0000000000000000000000000000000000000000,0000000000000000000000000000000000000000,         0,         0,         0,         0,1, 0, 0, 0,5161                          ,    0,         0,1,20190204 20:05:09,1736                          ,  101, 9999,  101,  101,    0,     0,     0
 ED5.2,5149                          ,1736                          ,                    ,1635      ,                ,  101,                    ,                              ,14,0,20190204 20:05:10,    0,         0,         0,65535,65535, 9999,2,                ,0000000,0, 0,         0,    0,0000000000000000000000000000000000000000,0000000000000000000000000000000000000000,         0,         0,         0,         0,1, 0, 0, 0,5161                          ,    0,         0,1,20190204 20:05:10,1736                          ,  101, 9999,  101,  101,    0,     0,     0
 ED5.2,6070071                       ,3228                          ,ALBA ROSA BOTERO    ,1979      ,                ,  101,                    ,                              , 0,2,20190204 20:05:14,    0,         0,         0,10001,   11,  101,2,                ,0010000,2, 1,         0,    0,1000000000000000000000000000000000000000,0000000000000000000000010000000000001000,         0,         0,         0,         0,1, 0, 0, 0,6070071                       ,    0,         0,0,20190204 20:05:14,3228                          , 9999, 9999, 9999,  101,32767,     0,     0
 ED5.2,1540                          ,1736                          ,                    ,1635      ,                ,  101,                    ,                              ,14,0,20190204 20:05:39,    0,         0,         0,65535,65535, 9999,2,                ,0000000,0, 0,         0,    0,0000000000000000000000000000000000000000,0000000000000000000000000000000000000000,         0,         0,         0,         0,1, 0, 0, 0,1540                          ,    0,         0,0,20190204 20:05:39,1736                          ,  101, 9999,  101,  101,    0,     0,     0
 ED5.2,1567                          ,1736                          ,                    ,1635      ,                ,  101,                    ,                              ,14,0,20190204 20:05:55,    0,         0,         0,65535,65535, 9999,2,                ,0000000,0, 0,         0,    0,0000000000000000000000000000000000000000,0000000000000000000000000000000000000000,         0,         0,         0,         0,1, 0, 0, 0,1540                          ,    0,         0,1,20190204 20:05:55,1736                          ,  101, 9999,  101,  101,    0,     0,     0
 ED5.2,3118144656                    ,1120                          ,LUISA LEONOR MAR    ,1154      ,                ,  101,                    ,                              , 0,2,20190204 20:06:06,    0,         0,       166,10349,   66,  101,2,                ,0010000,2, 1,         0,    0,1000000000000000000000000000000000000000,0000000000000000000000010000000000001000,         0,         0,         0,         0,1, 0, 0, 0,033118144656                  ,    0,         0,0,20190204 20:03:20,1120                          , 9999, 9999, 9999,  101,32767,     0,     0
 ED5.2,1540                          ,1736                          ,                    ,1635      ,                ,  101,                    ,                              ,14,0,20190204 20:06:10,    0,         0,         0,65535,65535, 9999,2,                ,0000000,0, 0,         0,    0,0000000000000000000000000000000000000000,0000000000000000000000000000000000000000,         0,         0,         0,         0,1, 0, 0, 0,1540                          ,    0,         0,1,20190204 20:06:10,1736                          ,  101, 9999,  101,  101,    0,     0,     0
 ED5.2,1567                          ,1736                          ,                    ,1635      ,                ,  101,                    ,                              ,14,0,20190204 20:06:26,    0,         0,         0,65535,65535, 9999,2,                ,0000000,0, 0,         0,    0,0000000000000000000000000000000000000000,0000000000000000000000000000000000000000,         0,         0,         0,         0,1, 0, 0, 0,1540                          ,    0,         0,1,20190204 20:06:26,1736                          ,  101, 9999,  101,  101,    0,     0,     0
 ED5.2,1540                          ,1736                          ,                    ,1635      ,                ,  101,                    ,                              ,14,0,20190204 20:06:31,    0,         0,         0,65535,65535, 9999,2,                ,0000000,0, 0,         0,    0,0000000000000000000000000000000000000000,0000000000000000000000000000000000000000,         0,         0,         0,         0,1, 0, 0, 0,1540                          ,    0,         0,1,20190204 20:06:31,1736                          ,  101, 9999,  101,  101,    0,     0,     0
 ED5.2,3118144656                    ,1120                          ,LUISA LEONOR MAR    ,1154      ,                ,  101,                    ,                              , 0,2,20190204 20:06:39,    0,         0,        15,10349,   66,  101,2,                ,0010000,2, 1,         0,    0,1000000000000000000000000000000000000000,0000000000000000000000010000000000001000,         0,         0,         0,         0,1, 0, 0, 0,033118144656                  ,    0,         0,0,20190204 20:06:24,1120                          , 9999, 9999, 9999,  101,32767,     0,     0
 ED5.2,3118144656                    ,1120                          ,LUISA LEONOR MAR    ,1154      ,                ,  101,                    ,                              , 0,2,20190204 20:07:12,    0,         0,         3,10349,   66,  101,2,                ,0010000,2, 1,         0,    0,1000000000000000000000000000000000000000,0000000000000000000000010000000000001000,         0,         0,         0,         0,1, 0, 0, 0,033118144656                  ,    0,         0,0,20190204 20:07:09,1120                          , 9999, 9999, 9999,  101,32767,     0,     0
