 ED5.2,1821                          ,1515                          ,                    ,1215      ,                ,  101,                    ,                              ,14,0,20181229 19:01:39,    0,         0,        68,65535,65535, 9999,2,                ,0000000,0, 0,         0,    0,0000000000000000000000000000000000000000,0000000000000000000000000000000000000000,         0,         0,         0,         0,1, 0, 0, 0,1821                          ,    0,        68,0,20181229 19:00:31,1515                          ,  101, 9999,  101,  101,    0,     0,     0
 ED5.2,1365                          ,1515                          ,                    ,1215      ,                ,  101,                    ,                              ,14,0,20181229 19:02:43,    0,         0,         0,65535,65535, 9999,2,                ,0000000,0, 0,         0,    0,0000000000000000000000000000000000000000,0000000000000000000000000000000000000000,         0,         0,         0,         0,1, 0, 0, 0,1365                          ,    0,         0,0,20181229 19:02:43,1515                          ,  101, 9999,  101,  101,    0,     0,     0
 ED5.2,1515                          ,1365                          ,                    ,1632      ,                ,  101,                    ,                              ,14,0,20181229 19:05:13,    0,         0,       136,65535,65535, 9999,2,                ,0000000,0, 0,         0,    0,0000000000000000000000000000000000000000,0000000000000000000000000000000000000000,         0,         0,         0,         0,1, 0, 0, 0,1515                          ,    0,       136,0,20181229 19:02:57,1365                          ,  101, 9999,  101,  101,    0,     0,     0
 ED5.2,1466                          ,1024                          ,                    ,1638      ,                ,  101,                    ,                              ,14,0,20181229 19:05:32,    0,         0,       104,65535,65535, 9999,2,                ,0000000,0, 0,         0,    0,0000000000000000000000000000000000000000,0000000000000000000000000000000000000000,         0,         0,         0,         0,1, 0, 0, 0,1466                          ,    0,       104,0,20181229 19:03:48,1024                          ,  101, 9999,  101,  101,    0,     0,     0
 ED5.2,1252                          ,1443                          ,                    ,1632      ,                ,  101,                    ,                              ,14,0,20181229 19:07:41,    0,         0,         0,65535,65535, 9999,2,                ,0000000,0, 0,         0,    0,0000000000000000000000000000000000000000,0000000000000000000000000000000000000000,         0,         0,         0,         0,1, 0, 0, 0,1252                          ,    0,         0,0,20181229 19:07:41,1443                          ,  101, 9999,  101,  101,    0,     0,     0
 ED5.2,6604850                       ,1822                          ,SIRLEY ANDRE ARI    ,1632      ,                ,  101,                    ,                              , 0,2,20181229 19:08:10,    0,         0,         0,10001,   11,  101,2,                ,0010000,2, 1,         0,    0,1000000000000000000000000000000000000000,0000000000000000000000010000000000001000,         0,         0,         0,         0,1, 0, 0, 0,6604850                       ,    0,         0,0,20181229 19:08:10,1822                          , 9999, 9999, 9999,  101,32767,     0,     0
 ED5.2,1024                          ,1466                          ,                    ,1638      ,                ,  101,                    ,                              ,14,0,20181229 19:08:45,    0,         0,        65,65535,65535, 9999,2,                ,0000000,0, 0,         0,    0,0000000000000000000000000000000000000000,0000000000000000000000000000000000000000,         0,         0,         0,         0,1, 0, 0, 0,1024                          ,    0,        65,0,20181229 19:07:40,1466                          ,  101, 9999,  101,  101,    0,     0,     0
 ED5.2,------------------------------,1032                          ,CARLOS FAUST MUN    ,1632      ,                ,  101,                    ,                              , 4,2,20181229 19:09:23,    0,         0,        23,  120,   20,  101,2,                ,0000000,3, 0,         0,    0,0000000000000000000000000000000000000000,0000000000000000000000010000000000000000,         0,         0,         0,         0,1, 0, 0, 0,A800                          ,   23,         0,1,20181229 19:09:00,                              , 9999, 9999, 9999, 9999,32767,     0,     0
 ED5.2,1443                          ,1252                          ,                    ,1215      ,                ,  101,                    ,                              ,14,0,20181229 19:09:43,    0,         0,        37,65535,65535, 9999,2,                ,0000000,0, 0,         0,    0,0000000000000000000000000000000000000000,0000000000000000000000000000000000000000,         0,         0,         0,         0,1, 0, 0, 0,1443                          ,    0,        37,0,20181229 19:09:06,1252                          ,  101, 9999,  101,  101,    0,     0,     0
 ED5.2,1443                          ,1207                          ,                    ,1215      ,                ,  101,                    ,                              ,14,0,20181229 19:11:00,    0,         0,        22,65535,65535, 9999,2,                ,0000000,0, 0,         0,    0,0000000000000000000000000000000000000000,0000000000000000000000000000000000000000,         0,         0,         0,         0,1, 0, 0, 0,1443                          ,    0,        22,0,20181229 19:10:38,1207                          ,  101, 9999,  101,  101,    0,     0,     0
 ED5.2,6604876                       ,1024                          ,DANIEL ANDRE TAN    ,1638      ,                ,  101,                    ,                              , 0,2,20181229 19:12:48,    0,         0,         0,10002,   11,  101,2,                ,0010000,2, 1,         0,    0,1000000000000000000000000000000000000000,0000000000000000000000010000000000001000,         0,         0,         0,         0,1, 0, 0, 0,6604876                       ,    0,         0,0,20181229 19:12:48,1024                          , 9999, 9999, 9999,  101,32767,     0,     0
 ED5.2,6604876                       ,1024                          ,DANIEL ANDRE TAN    ,1638      ,                ,  101,                    ,                              , 0,2,20181229 19:13:19,    0,         0,         0,10002,   11,  101,2,                ,0010000,2, 1,         0,    0,1000000000000000000000000000000000000000,0000000000000000000000010000000000001000,         0,         0,         0,         0,1, 0, 0, 0,6604876                       ,    0,         0,0,20181229 19:13:19,1024                          , 9999, 9999, 9999,  101,32767,     0,     0
 ED5.2,6604876                       ,1024                          ,DANIEL ANDRE TAN    ,1638      ,                ,  101,                    ,                              , 0,2,20181229 19:13:29,    0,         0,         0,10002,   11,  101,2,                ,0010000,2, 1,         0,    0,1000000000000000000000000000000000000000,0000000000000000000000010000000000001000,         0,         0,         0,         0,1, 0, 0, 0,6604876                       ,    0,         0,0,20181229 19:13:29,1024                          , 9999, 9999, 9999,  101,32767,     0,     0
 ED5.2,1445                          ,1515                          ,                    ,1215      ,                ,  101,                    ,                              ,14,0,20181229 19:13:43,    0,         0,        27,65535,65535, 9999,2,                ,0000000,0, 0,         0,    0,0000000000000000000000000000000000000000,0000000000000000000000000000000000000000,         0,         0,         0,         0,1, 0, 0, 0,1445                          ,    0,        27,0,20181229 19:13:16,1515                          ,  101, 9999,  101,  101,    0,     0,     0
 ED5.2,1365                          ,1551                          ,                    ,1215      ,                ,  101,                    ,                              ,14,0,20181229 19:13:50,    0,         0,       108,65535,65535, 9999,2,                ,0000000,0, 0,         0,    0,0000000000000000000000000000000000000000,0000000000000000000000000000000000000000,         0,         0,         0,         0,1, 0, 0, 0,1365                          ,    0,       108,0,20181229 19:12:02,1551                          ,  101, 9999,  101,  101,    0,     0,     0
 ED5.2,1252                          ,1443                          ,                    ,1632      ,                ,  101,                    ,                              ,14,0,20181229 19:14:07,    0,         0,         0,65535,65535, 9999,2,                ,0000000,0, 0,         0,    0,0000000000000000000000000000000000000000,0000000000000000000000000000000000000000,         0,         0,         0,         0,1, 0, 0, 0,1252                          ,    0,         0,0,20181229 19:14:07,1443                          ,  101, 9999,  101,  101,    0,     0,     0
 ED5.2,6604876                       ,1024                          ,DANIEL ANDRE TAN    ,1638      ,                ,  101,                    ,                              , 0,2,20181229 19:14:09,    0,         0,         0,10002,   11,  101,2,                ,0010000,2, 1,         0,    0,1000000000000000000000000000000000000000,0000000000000000000000010000000000001000,         0,         0,         0,         0,1, 0, 0, 0,6604876                       ,    0,         0,0,20181229 19:14:09,1024                          , 9999, 9999, 9999,  101,32767,     0,     0
 ED5.2,1443                          ,1252                          ,                    ,1215      ,                ,  101,                    ,                              ,14,0,20181229 19:14:19,    0,         0,         0,65535,65535, 9999,2,                ,0000000,0, 0,         0,    0,0000000000000000000000000000000000000000,0000000000000000000000000000000000000000,         0,         0,         0,         0,1, 0, 0, 0,1443                          ,    0,         0,0,20181229 19:14:19,1252                          ,  101, 9999,  101,  101,    0,     0,     0
 ED5.2,1207                          ,1443                          ,                    ,1632      ,                ,  101,                    ,                              ,14,0,20181229 19:14:34,    0,         0,        18,65535,65535, 9999,2,                ,0000000,0, 0,         0,    0,0000000000000000000000000000000000000000,0000000000000000000000000000000000000000,         0,         0,         0,         0,1, 0, 0, 0,1207                          ,    0,        18,0,20181229 19:14:16,1443                          ,  101, 9999,  101,  101,    0,     0,     0
 ED5.2,6604876                       ,1024                          ,DANIEL ANDRE TAN    ,1638      ,                ,  101,                    ,                              , 0,2,20181229 19:14:37,    0,         0,         0,10002,   11,  101,2,                ,0010000,2, 1,         0,    0,1000000000000000000000000000000000000000,0000000000000000000000010000000000001000,         0,         0,         0,         0,1, 0, 0, 0,6604876                       ,    0,         0,0,20181229 19:14:37,1024                          , 9999, 9999, 9999,  101,32767,     0,     0
 ED5.2,6604876                       ,1022                          ,HELEN SMITT VELO    ,1638      ,                ,  101,                    ,                              , 0,2,20181229 19:15:21,    0,         0,         0,10002,   11,  101,2,                ,0010000,2, 1,         0,    0,1000000000000000000000000000000000000000,0000000000000000000000010000000000001000,         0,         0,         0,         0,1, 0, 0, 0,6604876                       ,    0,         0,0,20181229 19:15:21,1022                          , 9999, 9999, 9999,  101,32767,     0,     0
 ED5.2,6604876                       ,1024                          ,DANIEL ANDRE TAN    ,1638      ,                ,  101,                    ,                              , 0,2,20181229 19:15:50,    0,         0,         0,10002,   11,  101,2,                ,0010000,2, 1,         0,    0,1000000000000000000000000000000000000000,0000000000000000000000010000000000001000,         0,         0,         0,         0,1, 0, 0, 0,6604876                       ,    0,         0,0,20181229 19:15:50,1024                          , 9999, 9999, 9999,  101,32767,     0,     0
 ED5.2,6604876                       ,1024                          ,DANIEL ANDRE TAN    ,1638      ,                ,  101,                    ,                              , 0,2,20181229 19:16:42,    0,         0,         0,10002,   11,  101,2,                ,0010000,2, 1,         0,    0,1000000000000000000000000000000000000000,0000000000000000000000010000000000001000,         0,         0,         0,         0,1, 0, 0, 0,6604876                       ,    0,         0,0,20181229 19:16:42,1024                          , 9999, 9999, 9999,  101,32767,     0,     0
 ED5.2,6604876                       ,1024                          ,DANIEL ANDRE TAN    ,1638      ,                ,  101,                    ,                              , 0,2,20181229 19:16:49,    0,         0,         0,10002,   11,  101,2,                ,0010000,2, 1,         0,    0,1000000000000000000000000000000000000000,0000000000000000000000010000000000001000,         0,         0,         0,         0,1, 0, 0, 0,6604876                       ,    0,         0,0,20181229 19:16:49,1024                          , 9999, 9999, 9999,  101,32767,     0,     0
 ED5.2,1822                          ,1586                          ,                    ,1952      ,                ,  101,                    ,                              ,14,0,20181229 19:20:12,    0,         0,         0,65535,65535, 9999,2,                ,0000000,0, 0,         0,    0,0000000000000000000000000000000000000000,0000000000000000000000000000000000000000,         0,         0,         0,         0,1, 0, 0, 0,1822                          ,    0,         0,0,20181229 19:20:12,1586                          ,  101, 9999,  101,  101,    0,     0,     0
 ED5.2,6604876                       ,1024                          ,DANIEL ANDRE TAN    ,1638      ,                ,  101,                    ,                              , 0,2,20181229 19:20:16,    0,         0,         0,10002,   11,  101,2,                ,0010000,2, 1,         0,    0,1000000000000000000000000000000000000000,0000000000000000000000010000000000001000,         0,         0,         0,         0,1, 0, 0, 0,6604876                       ,    0,         0,0,20181229 19:20:16,1024                          , 9999, 9999, 9999,  101,32767,     0,     0
 ED5.2,6604876                       ,1024                          ,DANIEL ANDRE TAN    ,1638      ,                ,  101,                    ,                              , 0,2,20181229 19:20:19,    0,         0,         0,10002,   11,  101,2,                ,0010000,2, 1,         0,    0,1000000000000000000000000000000000000000,0000000000000000000000010000000000001000,         0,         0,         0,         0,1, 0, 0, 0,6604876                       ,    0,         0,0,20181229 19:20:19,1024                          , 9999, 9999, 9999,  101,32767,     0,     0
 ED5.2,1822                          ,1586                          ,                    ,1952      ,                ,  101,                    ,                              ,14,0,20181229 19:20:23,    0,         0,         0,65535,65535, 9999,2,                ,0000000,0, 0,         0,    0,0000000000000000000000000000000000000000,0000000000000000000000000000000000000000,         0,         0,         0,         0,1, 0, 0, 0,1822                          ,    0,         0,0,20181229 19:20:23,1586                          ,  101, 9999,  101,  101,    0,     0,     0
 ED5.2,6604869                       ,1822                          ,SIRLEY ANDRE ARI    ,1632      ,                ,  101,                    ,                              , 0,2,20181229 19:20:38,    0,         0,       733,10001,   11,  101,2,                ,0010000,2, 1,         0,    0,1000000000000000000000000000000000000000,0000000000000000000000010000000000001000,         0,         0,         0,         0,1, 0, 0, 0,6604869                       ,    0,         0,0,20181229 19:08:25,1822                          , 9999, 9999, 9999,  101,32767,     0,     0
 ED5.2,1466                          ,1024                          ,                    ,1638      ,                ,  101,                    ,                              ,14,0,20181229 19:20:52,    0,         0,        27,65535,65535, 9999,2,                ,0000000,0, 0,         0,    0,0000000000000000000000000000000000000000,0000000000000000000000000000000000000000,         0,         0,         0,         0,1, 0, 0, 0,1466                          ,    0,        27,0,20181229 19:20:25,1024                          ,  101, 9999,  101,  101,    0,     0,     0
 ED5.2,1586                          ,1822                          ,                    ,1632      ,                ,  101,                    ,                              ,14,0,20181229 19:22:45,    0,         0,       122,65535,65535, 9999,2,                ,0000000,0, 0,         0,    0,0000000000000000000000000000000000000000,0000000000000000000000000000000000000000,         0,         0,         0,         0,1, 0, 0, 0,1586                          ,    0,       122,0,20181229 19:20:43,1822                          ,  101, 9999,  101,  101,    0,     0,     0
 ED5.2,1365                          ,1244                          ,                    ,1215      ,                ,  101,                    ,                              ,14,0,20181229 19:24:03,    0,         0,       163,65535,65535, 9999,2,                ,0000000,0, 0,         0,    0,0000000000000000000000000000000000000000,0000000000000000000000000000000000000000,         0,         0,         0,         0,1, 0, 0, 0,1365                          ,    0,       163,0,20181229 19:21:20,1244                          ,  101, 9999,  101,  101,    0,     0,     0
 ED5.2,1466                          ,1024                          ,                    ,1638      ,                ,  101,                    ,                              ,14,0,20181229 19:24:14,    0,         0,         0,65535,65535, 9999,2,                ,0000000,0, 0,         0,    0,0000000000000000000000000000000000000000,0000000000000000000000000000000000000000,         0,         0,         0,         0,1, 0, 0, 0,1466                          ,    0,         0,0,20181229 19:24:14,1024                          ,  101, 9999,  101,  101,    0,     0,     0
 ED5.2,1024                          ,1466                          ,                    ,1638      ,                ,  101,                    ,                              ,14,0,20181229 19:24:30,    0,         0,         8,65535,65535, 9999,2,                ,0000000,0, 0,         0,    0,0000000000000000000000000000000000000000,0000000000000000000000000000000000000000,         0,         0,         0,         0,1, 0, 0, 0,1024                          ,    0,         8,0,20181229 19:24:22,1466                          ,  101, 9999,  101,  101,    0,     0,     0
 ED5.2,6604876                       ,1024                          ,DANIEL ANDRE TAN    ,1638      ,                ,  101,                    ,                              , 0,2,20181229 19:26:58,    0,         0,       120,10001,   11,  101,2,                ,0010000,2, 1,         0,    0,1000000000000000000000000000000000000000,0000000000000000000000010000000000001000,         0,         0,         0,         0,1, 0, 0, 0,6604876                       ,    0,         0,0,20181229 19:24:58,1024                          , 9999, 9999, 9999,  101,32767,     0,     0
 ED5.2,1583                          ,1362                          ,                    ,1215      ,                ,  101,                    ,                              ,14,0,20181229 19:30:28,    0,         0,         0,65535,65535, 9999,2,                ,0000000,0, 0,         0,    0,0000000000000000000000000000000000000000,0000000000000000000000000000000000000000,         0,         0,         0,         0,1, 0, 0, 0,1583                          ,    0,         0,0,20181229 19:30:28,1362                          ,  101, 9999,  101,  101,    0,     0,     0
 ED5.2,1024                          ,1466                          ,                    ,1638      ,                ,  101,                    ,                              ,14,0,20181229 19:30:53,    0,         0,       101,65535,65535, 9999,2,                ,0000000,0, 0,         0,    0,0000000000000000000000000000000000000000,0000000000000000000000000000000000000000,         0,         0,         0,         0,1, 0, 0, 0,1024                          ,    0,       101,0,20181229 19:29:12,1466                          ,  101, 9999,  101,  101,    0,     0,     0
 ED5.2,1362                          ,1583                          ,                    ,1215      ,                ,  101,                    ,                              ,14,0,20181229 19:31:36,    0,         0,        18,65535,65535, 9999,2,                ,0000000,0, 0,         0,    0,0000000000000000000000000000000000000000,0000000000000000000000000000000000000000,         0,         0,         0,         0,1, 0, 0, 0,1362                          ,    0,        18,0,20181229 19:31:18,1583                          ,  101, 9999,  101,  101,    0,     0,     0
 ED5.2,1207                          ,1443                          ,                    ,1632      ,                ,  101,                    ,                              ,14,0,20181229 19:33:49,    0,         0,        21,65535,65535, 9999,2,                ,0000000,0, 0,         0,    0,0000000000000000000000000000000000000000,0000000000000000000000000000000000000000,         0,         0,         0,         0,1, 0, 0, 0,1207                          ,    0,        21,0,20181229 19:33:28,1443                          ,  101, 9999,  101,  101,    0,     0,     0
 ED5.2,1515                          ,1365                          ,                    ,1632      ,                ,  101,                    ,                              ,14,0,20181229 19:34:15,    0,         0,        12,65535,65535, 9999,2,                ,0000000,0, 0,         0,    0,0000000000000000000000000000000000000000,0000000000000000000000000000000000000000,         0,         0,         0,         0,1, 0, 0, 0,1515                          ,    0,        12,0,20181229 19:34:03,1365                          ,  101, 9999,  101,  101,    0,     0,     0
 ED5.2,3108                          ,1821                          ,                    ,1632      ,                ,  101,                    ,                              ,14,0,20181229 19:36:09,    0,         0,         0,65535,65535, 9999,2,                ,0000000,0, 0,         0,    0,0000000000000000000000000000000000000000,0000000000000000000000000000000000000000,         0,         0,         0,         0,1, 0, 0, 0,3108                          ,    0,         0,0,20181229 19:36:09,1821                          ,  101, 9999,  101,  101,    0,     0,     0
 ED5.2,3108                          ,1821                          ,                    ,1632      ,                ,  101,                    ,                              ,14,0,20181229 19:36:31,    0,         0,        16,65535,65535, 9999,2,                ,0000000,0, 0,         0,    0,0000000000000000000000000000000000000000,0000000000000000000000000000000000000000,         0,         0,         0,         0,1, 0, 0, 0,3108                          ,    0,        16,0,20181229 19:36:15,1821                          ,  101, 9999,  101,  101,    0,     0,     0
 ED5.2,1024                          ,1466                          ,                    ,1638      ,                ,  101,                    ,                              ,14,0,20181229 19:37:13,    0,         0,       159,65535,65535, 9999,2,                ,0000000,0, 0,         0,    0,0000000000000000000000000000000000000000,0000000000000000000000000000000000000000,         0,         0,         0,         0,1, 0, 0, 0,1024                          ,    0,       159,0,20181229 19:34:34,1466                          ,  101, 9999,  101,  101,    0,     0,     0
 ED5.2,074910820                     ,4003                          ,JUDY FRANCEL JAR    ,2952      ,                ,  101,                    ,                              , 4,2,20181229 19:37:29,    0,         0,      3268,10445,   15,  101,2,                ,0000000,2, 0,         0,    0,0000000000000000000000000000000000000000,0000000000000000000000010000000000000000,         0,         0,         0,         0,1, 0, 0, 0,A800                          ,   20,      3249,0,20181229 18:43:01,                              , 9999, 9999, 9999, 9999,32767,     0,     0
 ED5.2,6113030                       ,1820                          ,VICKY ALEJAN BAR    ,1632      ,                ,  101,                    ,                              , 0,2,20181229 19:38:01,    0,         0,         0,10001,   11,  101,2,                ,0010000,2, 1,         0,    0,1000000000000000000000000000000000000000,0000000000000000000000010000000000001000,         0,         0,         0,         0,1, 0, 0, 0,6113030                       ,    0,         0,0,20181229 19:38:01,1820                          , 9999, 9999, 9999,  101,32767,     0,     0
 ED5.2,2972231                       ,4003                          ,JUDY FRANCEL JAR    ,2952      ,                ,  101,                    ,                              , 0,2,20181229 19:39:03,    0,         0,        75,10445,   15,  101,2,                ,0010000,2, 1,         0,    0,1000000000000000000000000000000000000000,0000000000000000000000010000000000001000,         0,         0,         0,         0,1, 0, 0, 0,2972231                       ,    0,         0,0,20181229 19:37:48,4003                          , 9999, 9999, 9999,  101,32767,     0,     0
 ED5.2,254830                        ,1252                          ,ANA CAROLINA FAJ    ,1215      ,                ,  101,                    ,                              , 4,2,20181229 19:39:58,    0,         0,      1377,  120,   20,  101,2,                ,0000000,3, 0,         0,    0,0000000000000000000000000000000000000000,0000000000000000000000010000000000000000,         0,         0,         0,         0,1, 0, 0, 0,A800                          ,   43,      1335,0,20181229 19:17:01,                              , 9999, 9999, 9999, 9999,32767,     0,     0
 ED5.2,2382289                       ,1820                          ,VICKY ALEJAN BAR    ,1632      ,                ,  101,                    ,                              , 0,2,20181229 19:41:01,    0,         0,       160,10001,   11,  101,2,                ,0010000,2, 1,         0,    0,1000000000000000000000000000000000000000,0000000000000000000000010000000000001000,         0,         0,         0,         0,1, 0, 0, 0,2382289                       ,    0,         0,0,20181229 19:38:21,1820                          , 9999, 9999, 9999,  101,32767,     0,     0
 ED5.2,663153907429                  ,1449                          ,KAROL VANESS OLI    ,1632      ,                ,  101,                    ,                              , 4,2,20181229 19:41:22,    0,         0,        54,  120,   20,  101,2,                ,0000000,3, 0,         0,    0,0000000000000000000000000000000000000000,0000000000000000000000010000000000000000,         0,         0,         0,         0,1, 0, 0, 0,A800                          ,   53,         1,1,20181229 19:40:28,                              , 9999, 9999, 9999, 9999,32767,     0,     0
 ED5.2,1820                          ,1244                          ,                    ,1215      ,                ,  101,                    ,                              ,14,0,20181229 19:42:25,    0,         0,        47,65535,65535, 9999,2,                ,0000000,0, 0,         0,    0,0000000000000000000000000000000000000000,0000000000000000000000000000000000000000,         0,         0,         0,         0,1, 0, 0, 0,1820                          ,    0,        47,0,20181229 19:41:38,1244                          ,  101, 9999,  101,  101,    0,     0,     0
 ED5.2,1553                          ,1071                          ,                    ,1215      ,                ,  101,                    ,                              ,14,0,20181229 19:42:29,    0,         0,       325,65535,65535, 9999,2,                ,0000000,0, 0,         0,    0,0000000000000000000000000000000000000000,0000000000000000000000000000000000000000,         0,         0,         0,         0,1, 0, 0, 0,1553                          ,    0,       325,0,20181229 19:37:04,1071                          ,  101, 9999,  101,  101,    0,     0,     0
 ED5.2,1515                          ,1071                          ,                    ,1215      ,                ,  101,                    ,                              ,14,0,20181229 19:46:58,    0,         0,       210,65535,65535, 9999,2,                ,0000000,0, 0,         0,    0,0000000000000000000000000000000000000000,0000000000000000000000000000000000000000,         0,         0,         0,         0,1, 0, 0, 0,1515                          ,    0,       210,0,20181229 19:43:28,1071                          ,  101, 9999,  101,  101,    0,     0,     0
 ED5.2,074910820                     ,4003                          ,JUDY FRANCEL JAR    ,2952      ,                ,  101,                    ,                              , 4,2,20181229 19:47:15,    0,         0,        26,10445,   15,  101,2,                ,0000000,2, 0,         0,    0,0000000000000000000000000000000000000000,0000000000000000000000010000000000000000,         0,         0,         0,         0,1, 0, 0, 0,A800                          ,   12,        15,0,20181229 19:46:49,                              , 9999, 9999, 9999, 9999,32767,     0,     0
 ED5.2,3220395                       ,4003                          ,JUDY FRANCEL JAR    ,2952      ,                ,  101,                    ,                              , 0,2,20181229 19:48:45,    0,         0,        80,10445,   15,  101,2,                ,0010000,2, 1,         0,    0,1000000000000000000000000000000000000000,0000000000000000000000010000000000001000,         0,         0,         0,         0,1, 0, 0, 0,3220395                       ,    0,         0,0,20181229 19:47:25,4003                          , 9999, 9999, 9999,  101,32767,     0,     0
 ED5.2,074910820                     ,4020                          ,MARISOL BETANCUR    ,2952      ,                ,  101,                    ,                              , 4,2,20181229 19:52:36,    0,         0,        26,10445,   15,  101,2,                ,0000000,2, 0,         0,    0,0000000000000000000000000000000000000000,0000000000000000000000010000000000000000,         0,         0,         0,         0,1, 0, 0, 0,A800                          ,   27,         0,1,20181229 19:52:10,                              , 9999, 9999, 9999, 9999,32767,     0,     0
 ED5.2,1515                          ,1586                          ,                    ,1952      ,                ,  101,                    ,                              ,14,0,20181229 19:55:47,    0,         0,       138,65535,65535, 9999,2,                ,0000000,0, 0,         0,    0,0000000000000000000000000000000000000000,0000000000000000000000000000000000000000,         0,         0,         0,         0,1, 0, 0, 0,1515                          ,    0,       138,0,20181229 19:53:29,1586                          ,  101, 9999,  101,  101,    0,     0,     0
 ED5.2,1221                          ,1252                          ,                    ,1215      ,                ,  101,                    ,                              ,14,0,20181229 19:58:19,    0,         0,         0,65535,65535, 9999,2,                ,0000000,0, 0,         0,    0,0000000000000000000000000000000000000000,0000000000000000000000000000000000000000,         0,         0,         0,         0,1, 0, 0, 0,1221                          ,    0,         0,0,20181229 19:58:19,1252                          ,  101, 9999,  101,  101,    0,     0,     0
 ED5.2,1210                          ,1252                          ,                    ,1215      ,                ,  101,                    ,                              ,14,0,20181229 19:58:36,    0,         0,         0,65535,65535, 9999,2,                ,0000000,0, 0,         0,    0,0000000000000000000000000000000000000000,0000000000000000000000000000000000000000,         0,         0,         0,         0,1, 0, 0, 0,1210                          ,    0,         0,0,20181229 19:58:36,1252                          ,  101, 9999,  101,  101,    0,     0,     0
 ED5.2,1443                          ,1583                          ,                    ,1215      ,                ,  101,                    ,                              ,14,0,20181229 19:58:51,    0,         0,        25,65535,65535, 9999,2,                ,0000000,0, 0,         0,    0,0000000000000000000000000000000000000000,0000000000000000000000000000000000000000,         0,         0,         0,         0,1, 0, 0, 0,1443                          ,    0,        25,0,20181229 19:58:26,1583                          ,  101, 9999,  101,  101,    0,     0,     0
 ED5.2,1024                          ,1466                          ,                    ,1638      ,                ,  101,                    ,                              ,14,0,20181229 20:00:25,    0,         0,       106,65535,65535, 9999,2,                ,0000000,0, 0,         0,    0,0000000000000000000000000000000000000000,0000000000000000000000000000000000000000,         0,         0,         0,         0,1, 0, 0, 0,1024                          ,    0,       106,0,20181229 19:58:39,1466                          ,  101, 9999,  101,  101,    0,     0,     0
