 ED5.2,1437                          ,1252                          ,                    ,1215      ,                ,  101,                    ,                              ,14,0,20190208 22:00:24,    0,         0,         0,65535,65535, 9999,2,                ,0000000,0, 0,         0,    0,0000000000000000000000000000000000000000,0000000000000000000000000000000000000000,         0,         0,         0,         0,1, 0, 0, 0,1437                          ,    0,         0,0,20190208 22:00:24,1252                          ,  101, 9999,  101,  101,    0,     0,     0
 ED5.2,1431                          ,1553                          ,                    ,1215      ,                ,  101,                    ,                              ,14,0,20190208 22:01:29,    0,         0,        74,65535,65535, 9999,2,                ,0000000,0, 0,         0,    0,0000000000000000000000000000000000000000,0000000000000000000000000000000000000000,         0,         0,         0,         0,1, 0, 0, 0,1431                          ,    0,        74,0,20190208 22:00:15,1553                          ,  101, 9999,  101,  101,    0,     0,     0
 ED5.2,1434                          ,1252                          ,                    ,1215      ,                ,  101,                    ,                              ,14,0,20190208 22:01:56,    0,         0,        87,65535,65535, 9999,2,                ,0000000,0, 0,         0,    0,0000000000000000000000000000000000000000,0000000000000000000000000000000000000000,         0,         0,         0,         0,1, 0, 0, 0,1434                          ,    0,        87,0,20190208 22:00:29,1252                          ,  101, 9999,  101,  101,    0,     0,     0
 ED5.2,1252                          ,1434                          ,                    ,1215      ,                ,  101,                    ,                              ,14,0,20190208 22:02:19,    0,         0,         8,65535,65535, 9999,2,                ,0000000,0, 0,         0,    0,0000000000000000000000000000000000000000,0000000000000000000000000000000000000000,         0,         0,         0,         0,1, 0, 0, 0,1252                          ,    0,         8,0,20190208 22:02:11,1434                          ,  101, 9999,  101,  101,    0,     0,     0
 ED5.2,1071                          ,1431                          ,                    ,1215      ,                ,  101,                    ,                              ,14,0,20190208 22:05:30,    0,         0,         0,65535,65535, 9999,2,                ,0000000,0, 0,         0,    0,0000000000000000000000000000000000000000,0000000000000000000000000000000000000000,         0,         0,         0,         0,1, 0, 0, 0,1071                          ,    0,         0,0,20190208 22:05:30,1431                          ,  101, 9999,  101,  101,    0,     0,     0
 ED5.2,1553                          ,1071                          ,                    ,1215      ,                ,  101,                    ,                              ,14,0,20190208 22:05:56,    0,         0,         0,65535,65535, 9999,2,                ,0000000,0, 0,         0,    0,0000000000000000000000000000000000000000,0000000000000000000000000000000000000000,         0,         0,         0,         0,1, 0, 0, 0,1553                          ,    0,         0,0,20190208 22:05:56,1071                          ,  101, 9999,  101,  101,    0,     0,     0
 ED5.2,1431                          ,1071                          ,                    ,1215      ,                ,  101,                    ,                              ,14,0,20190208 22:05:56,    0,         0,        13,65535,65535, 9999,2,                ,0000000,0, 0,         0,    0,0000000000000000000000000000000000000000,0000000000000000000000000000000000000000,         0,         0,         0,         0,1, 0, 0, 0,1431                          ,    0,        13,0,20190208 22:05:43,1071                          ,  101, 9999,  101,  101,    0,     0,     0
 ED5.2,1252                          ,1434                          ,                    ,1215      ,                ,  101,                    ,                              ,14,0,20190208 22:06:39,    0,         0,         8,65535,65535, 9999,2,                ,0000000,0, 0,         0,    0,0000000000000000000000000000000000000000,0000000000000000000000000000000000000000,         0,         0,         0,         0,1, 0, 0, 0,1252                          ,    0,         8,0,20190208 22:06:31,1434                          ,  101, 9999,  101,  101,    0,     0,     0
 ED5.2,1431                          ,1553                          ,                    ,1215      ,                ,  101,                    ,1071                          ,14,0,20190208 22:06:44,    0,         0,        48,65535,65535, 9999,2,                ,0000000,0, 0,         0,    0,0000000000000000000000000000000000000000,0000000000000000000000000000000000000000,         0,         0,         0,         0,1, 0, 0, 0,                              ,    0,        48,0,20190208 22:05:56,1553                          ,  101,  101, 9999,  101,    0,     0,     0
 ED5.2,1431                          ,1553                          ,                    ,1215      ,                ,  101,                    ,                              ,14,0,20190208 22:09:49,    0,         0,        16,65535,65535, 9999,2,                ,0000000,0, 0,         0,    0,0000000000000000000000000000000000000000,0000000000000000000000000000000000000000,         0,         0,         0,         0,1, 0, 0, 0,1431                          ,    0,        16,0,20190208 22:09:33,1553                          ,  101, 9999,  101,  101,    0,     0,     0
 ED5.2,8143666                       ,1737                          ,RECEPCION TO ALI    ,1635      ,                ,  101,                    ,                              , 0,2,20190208 22:10:16,    0,         0,         0,10865,   82,  101,2,                ,0010000,2, 1,         0,    0,1000000000000000000000000000000000000000,0000000000000000000000010000000000001000,         0,         0,         0,         0,1, 0, 0, 0,8143666                       ,    0,         0,0,20190208 22:10:16,1737                          , 9999, 9999, 9999,  101,32767,     0,     0
 ED5.2,8143666                       ,1737                          ,RECEPCION TO ALI    ,1635      ,                ,  101,                    ,                              , 0,2,20190208 22:15:31,    0,         0,         0,10865,   82,  101,2,                ,0010000,2, 1,         0,    0,1000000000000000000000000000000000000000,0000000000000000000000010000000000001000,         0,         0,         0,         0,1, 0, 0, 0,8143666                       ,    0,         0,0,20190208 22:15:31,1737                          , 9999, 9999, 9999,  101,32767,     0,     0
 ED5.2,1443                          ,1252                          ,                    ,1215      ,                ,  101,                    ,                              ,14,0,20190208 22:16:13,    0,         0,       116,65535,65535, 9999,2,                ,0000000,0, 0,         0,    0,0000000000000000000000000000000000000000,0000000000000000000000000000000000000000,         0,         0,         0,         0,1, 0, 0, 0,1443                          ,    0,       116,0,20190208 22:14:17,1252                          ,  101, 9999,  101,  101,    0,     0,     0
 ED5.2,3228                          ,1736                          ,                    ,1635      ,                ,  101,                    ,                              ,14,0,20190208 22:22:27,    0,         0,        13,65535,65535, 9999,2,                ,0000000,0, 0,         0,    0,0000000000000000000000000000000000000000,0000000000000000000000000000000000000000,         0,         0,         0,         0,1, 0, 0, 0,3228                          ,    0,        13,0,20190208 22:22:14,1736                          ,  101, 9999,  101,  101,    0,     0,     0
 ED5.2,1434                          ,1252                          ,                    ,1215      ,                ,  101,                    ,                              ,14,0,20190208 22:22:33,    0,         0,       131,65535,65535, 9999,2,                ,0000000,0, 0,         0,    0,0000000000000000000000000000000000000000,0000000000000000000000000000000000000000,         0,         0,         0,         0,1, 0, 0, 0,1434                          ,    0,       131,0,20190208 22:20:22,1252                          ,  101, 9999,  101,  101,    0,     0,     0
 ED5.2,8143666                       ,1737                          ,RECEPCION TO ALI    ,1635      ,                ,  101,                    ,                              , 0,2,20190208 22:24:32,    0,         0,         0,10865,   82,  101,2,                ,0010000,2, 1,         0,    0,1000000000000000000000000000000000000000,0000000000000000000000010000000000001000,         0,         0,         0,         0,1, 0, 0, 0,8143666                       ,    0,         0,0,20190208 22:24:32,1737                          , 9999, 9999, 9999,  101,32767,     0,     0
 ED5.2,1821                          ,1447                          ,                    ,1632      ,                ,  101,                    ,                              ,14,0,20190208 22:25:23,    0,         0,         0,65535,65535, 9999,2,                ,0000000,0, 0,         0,    0,0000000000000000000000000000000000000000,0000000000000000000000000000000000000000,         0,         0,         0,         0,1, 0, 0, 0,1821                          ,    0,         0,0,20190208 22:25:23,1447                          ,  101, 9999,  101,  101,    0,     0,     0
 ED5.2,1822                          ,1447                          ,                    ,1632      ,                ,  101,                    ,                              ,14,0,20190208 22:28:09,    0,         0,       161,65535,65535, 9999,2,                ,0000000,0, 0,         0,    0,0000000000000000000000000000000000000000,0000000000000000000000000000000000000000,         0,         0,         0,         0,1, 0, 0, 0,1822                          ,    0,       161,0,20190208 22:25:28,1447                          ,  101, 9999,  101,  101,    0,     0,     0
 ED5.2,8143666                       ,1737                          ,RECEPCION TO ALI    ,1635      ,                ,  101,                    ,                              , 0,2,20190208 22:33:46,    0,         0,         0,10865,   82,  101,2,                ,0010000,2, 1,         0,    0,1000000000000000000000000000000000000000,0000000000000000000000010000000000001000,         0,         0,         0,         0,1, 0, 0, 0,8143666                       ,    0,         0,0,20190208 22:33:46,1737                          , 9999, 9999, 9999,  101,32767,     0,     0
 ED5.2,1447                          ,1822                          ,                    ,1632      ,                ,  101,                    ,                              ,14,0,20190208 22:34:35,    0,         0,         0,65535,65535, 9999,2,                ,0000000,0, 0,         0,    0,0000000000000000000000000000000000000000,0000000000000000000000000000000000000000,         0,         0,         0,         0,1, 0, 0, 0,1447                          ,    0,         0,0,20190208 22:34:35,1822                          ,  101, 9999,  101,  101,    0,     0,     0
 ED5.2,1445                          ,1822                          ,                    ,1632      ,                ,  101,                    ,                              ,14,0,20190208 22:34:51,    0,         0,         0,65535,65535, 9999,2,                ,0000000,0, 0,         0,    0,0000000000000000000000000000000000000000,0000000000000000000000000000000000000000,         0,         0,         0,         0,1, 0, 0, 0,1447                          ,    0,         0,1,20190208 22:34:51,1822                          ,  101, 9999,  101,  101,    0,     0,     0
 ED5.2,1032                          ,1350                          ,                    ,1632      ,                ,  101,                    ,                              ,14,0,20190208 22:37:32,    0,         0,       647,65535,65535, 9999,2,                ,0000000,0, 0,         0,    0,0000000000000000000000000000000000000000,0000000000000000000000000000000000000000,         0,         0,         0,         0,1, 0, 0, 0,1032                          ,    0,       647,0,20190208 22:26:45,1350                          ,  101, 9999,  101,  101,    0,     0,     0
 ED5.2,1234                          ,1822                          ,                    ,1632      ,                ,  101,                    ,                              ,14,0,20190208 22:39:53,    0,         0,       298,65535,65535, 9999,2,                ,0000000,0, 0,         0,    0,0000000000000000000000000000000000000000,0000000000000000000000000000000000000000,         0,         0,         0,         0,1, 0, 0, 0,1447                          ,    0,       298,1,20190208 22:34:55,1822                          ,  101, 9999,  101,  101,    0,     0,     0
 ED5.2,1821                          ,1447                          ,                    ,1632      ,                ,  101,                    ,                              ,14,0,20190208 22:50:37,    0,         0,         0,65535,65535, 9999,2,                ,0000000,0, 0,         0,    0,0000000000000000000000000000000000000000,0000000000000000000000000000000000000000,         0,         0,         0,         0,1, 0, 0, 0,1821                          ,    0,         0,0,20190208 22:50:37,1447                          ,  101, 9999,  101,  101,    0,     0,     0
 ED5.2,1822                          ,1447                          ,                    ,1632      ,                ,  101,                    ,                              ,14,0,20190208 22:51:25,    0,         0,        38,65535,65535, 9999,2,                ,0000000,0, 0,         0,    0,0000000000000000000000000000000000000000,0000000000000000000000000000000000000000,         0,         0,         0,         0,1, 0, 0, 0,1822                          ,    0,        38,0,20190208 22:50:47,1447                          ,  101, 9999,  101,  101,    0,     0,     0
 ED5.2,1438                          ,1234                          ,                    ,1634      ,                ,  101,                    ,                              ,14,0,20190208 23:03:23,    0,         0,         0,65535,65535, 9999,2,                ,0000000,0, 0,         0,    0,0000000000000000000000000000000000000000,0000000000000000000000000000000000000000,         0,         0,         0,         0,1, 0, 0, 0,1438                          ,    0,         0,0,20190208 23:03:23,1234                          ,  101, 9999,  101,  101,    0,     0,     0
