 ED5.2,5104                          ,5112                          ,                    ,3843      ,                ,  101,                    ,                              ,14,0,20181218 15:00:01,    0,         0,         0,65535,65535, 9999,2,                ,0000000,0, 0,         0,    0,0000000000000000000000000000000000000000,0000000000000000000000000000000000000000,         0,         0,         0,         0,1, 0, 0, 0,5104                          ,    0,         0,0,20181218 15:00:01,5112                          ,  101, 9999,  101,  101,    0,     0,     0
 ED5.2,4054                          ,4090                          ,                    ,2949      ,                ,  101,                    ,                              ,14,0,20181218 15:00:02,    0,         0,        34,65535,65535, 9999,2,                ,0000000,0, 0,         0,    0,0000000000000000000000000000000000000000,0000000000000000000000000000000000000000,         0,         0,         0,         0,1, 0, 0, 0,4054                          ,    0,        34,0,20181218 14:59:28,4090                          ,  101, 9999,  101,  101,    0,     0,     0
 ED5.2,1045                          ,1127                          ,                    ,1952      ,                ,  101,                    ,                              ,14,0,20181218 15:00:04,    0,         0,         0,65535,65535, 9999,2,                ,0000000,0, 0,         0,    0,0000000000000000000000000000000000000000,0000000000000000000000000000000000000000,         0,         0,         0,         0,1, 0, 0, 0,1045                          ,    0,         0,0,20181218 15:00:04,1127                          ,  101, 9999,  101,  101,    0,     0,     0
 ED5.2,------------------------------,******************************,                    ,**********,                ,  101,                    ,******************************, 4,2,20181218 15:00:04,    0,         0,        25,10871,   82,  101,2,                ,0000000,2, 0,         0,    0,0000000000000000000000000000000000000000,0000000000000000000000010000000000000000,         0,         0,         0,         0,1, 0, 0, 0,------------------------------,   23,         3,1,20181218 14:59:39,******************************, 9999, 9999, 9999, 9999,32767,     0,     0
 ED5.2,1226                          ,1653                          ,                    ,1425      ,                ,  101,                    ,                              ,14,0,20181218 15:00:04,    0,         0,         0,65535,65535, 9999,2,                ,0000000,0, 0,         0,    0,0000000000000000000000000000000000000000,0000000000000000000000000000000000000000,         0,         0,         0,         0,1, 0, 0, 0,1115                          ,    0,         0,1,20181218 15:00:04,1653                          ,  101, 9999,  101,  101,    0,     0,     0
 ED5.2,5137                          ,5112                          ,                    ,3843      ,                ,  101,                    ,                              ,14,0,20181218 15:00:05,    0,         0,         0,65535,65535, 9999,2,                ,0000000,0, 0,         0,    0,0000000000000000000000000000000000000000,0000000000000000000000000000000000000000,         0,         0,         0,         0,1, 0, 0, 0,5104                          ,    0,         0,1,20181218 15:00:05,5112                          ,  101, 9999,  101,  101,    0,     0,     0
 ED5.2,3118                          ,3117                          ,                    ,1741      ,                ,  101,                    ,                              ,14,0,20181218 15:00:05,    0,         0,         0,65535,65535, 9999,2,                ,0000000,0, 0,         0,    0,0000000000000000000000000000000000000000,0000000000000000000000000000000000000000,         0,         0,         0,         0,1, 0, 0, 0,3118                          ,    0,         0,0,20181218 15:00:05,3117                          ,  101, 9999,  101,  101,    0,     0,     0
 ED5.2,663143642633                  ,1591                          ,GISELA ALVAREZ      ,1952      ,                ,  101,                    ,                              , 4,2,20181218 15:00:05,    0,         0,       449,  136,   20,  101,2,                ,0000000,2, 1,         0,    0,0000000000000000000000000000000000000000,0000000000000000000000010000000000000000,         0,         0,         0,         0,1, 0, 0, 0,A800                          ,   19,       431,0,20181218 14:52:36,                              , 9999, 9999, 9999, 9999,32767,     0,     0
 ED5.2,2035                          ,2053                          ,                    ,4741      ,                ,  101,                    ,                              ,14,0,20181218 15:00:06,    0,         0,         0,65535,65535, 9999,2,                ,0000000,0, 0,         0,    0,0000000000000000000000000000000000000000,0000000000000000000000000000000000000000,         0,         0,         0,         0,1, 0, 0, 0,2035                          ,    0,         0,0,20181218 15:00:06,2053                          ,  101, 9999,  101,  101,    0,     0,     0
 ED5.2,88                            ,2053                          ,                    ,4741      ,                ,  101,                    ,                              ,14,0,20181218 15:00:08,    0,         0,         2,65535,65535, 9999,2,                ,0000000,0, 0,         0,    0,0000000000000000000000000000000000000000,0000000000000000000000000000000000000000,         0,         0,         0,         0,1, 0, 0, 0,2035                          ,    0,         2,1,20181218 15:00:06,2053                          ,  101, 9999,  101,  101,    0,     0,     0
 ED5.2,53782772                      ,5100                          ,RECEPCION BQUILL    ,3635      ,                ,  101,                    ,                              , 4,2,20181218 15:00:08,    0,         0,        80,10883,   82,  101,2,                ,0000000,2, 0,         0,    0,0000000000000000000000000000000000000000,0000000000000000000000010000000000000000,         0,         0,         0,         0,1, 0, 0, 0,A900                          ,   80,         0,1,20181218 14:58:48,                              , 9999, 9999, 9999, 9999,32767,     0,     0
 ED5.2,3203640                       ,4042                          ,DARIO GOMEZ LO      ,2949      ,                ,  101,                    ,                              , 0,2,20181218 15:00:10,    0,         0,        79,10448,   15,  101,2,                ,0010000,2, 1,         0,    0,1000000000000000000000000000000000000000,0000000000000000000000010000000000001000,         0,         0,         0,         0,1, 0, 0, 0,3203640                       ,    0,         0,0,20181218 14:58:51,4042                          , 9999, 9999, 9999,  101,32767,     0,     0
 ED5.2,8810348                       ,3519                          ,LINA MARIA LASSO    ,4466      ,                ,  101,                    ,                              , 0,2,20181218 15:00:10,    0,         0,       108,  276,   62,  101,2,                ,0010000,2, 1,         0,    0,1000000000000000000000000000000000000000,0000000000000000000000010000000000001000,         0,         0,         0,         0,1, 0, 0, 0,8810348                       ,    0,         0,0,20181218 14:58:22,3519                          , 9999, 9999, 9999,  101,32767,     0,     0
 ED5.2,3153                          ,1401                          ,                    ,1952      ,                ,  101,                    ,                              ,14,0,20181218 15:00:12,    0,         0,         0,65535,65535, 9999,2,                ,0000000,0, 0,         0,    0,0000000000000000000000000000000000000000,0000000000000000000000000000000000000000,         0,         0,         0,         0,1, 0, 0, 0,3153                          ,    0,         0,0,20181218 15:00:12,1401                          ,  101, 9999,  101,  101,    0,     0,     0
 ED5.2,5133                          ,5204                          ,                    ,7952      ,                ,  101,                    ,                              ,14,0,20181218 15:00:12,    0,         0,        32,65535,65535, 9999,2,                ,0000000,0, 0,         0,    0,0000000000000000000000000000000000000000,0000000000000000000000000000000000000000,         0,         0,         0,         0,1, 0, 0, 0,5133                          ,    0,        32,0,20181218 14:59:40,5204                          ,  101, 9999,  101,  101,    0,     0,     0
 ED5.2,4591628                       ,1804                          ,CALL CENTER         ,          ,                ,  101,                    ,89                            , 4,2,20181218 15:00:13,    0,         0,      1175,  130,   20,  101,2,                ,0000000,3, 0,         0,    0,0000000000000000000000000000000000000000,0000000010000000000000000000000000000000,         0,         0,         0,         0,1, 0, 0, 0,A800                          ,  102,      1074,1,20181218 14:40:38,                              , 9999, 9999, 9999, 9999,32767,     0,     0
 ED5.2,1363                          ,5107                          ,                    ,3843      ,                ,  101,                    ,                              ,14,0,20181218 15:00:14,    0,         0,       287,65535,65535, 9999,2,                ,0000000,0, 0,         0,    0,0000000000000000000000000000000000000000,0000000000000000000000000000000000000000,         0,         0,         0,         0,1, 0, 0, 0,1363                          ,    0,       287,0,20181218 14:55:27,5107                          ,  101, 9999,  101,  101,    0,     0,     0
 ED5.2,1024                          ,1741                          ,                    ,1945      ,                ,  101,                    ,                              ,14,0,20181218 15:00:14,    0,         0,        48,65535,65535, 9999,2,                ,0000000,0, 0,         0,    0,0000000000000000000000000000000000000000,0000000000000000000000000000000000000000,         0,         0,         0,         0,1, 0, 0, 0,1024                          ,    0,        48,0,20181218 14:59:26,1741                          ,  101, 9999,  101,  101,    0,     0,     0
 ED5.2,1113                          ,3328                          ,                    ,1466      ,                ,  101,                    ,                              ,14,0,20181218 15:00:14,    0,         0,         0,65535,65535, 9999,2,                ,0000000,0, 0,         0,    0,0000000000000000000000000000000000000000,0000000000000000000000000000000000000000,         0,         0,         0,         0,1, 0, 0, 0,1113                          ,    0,         0,1,20181218 15:00:14,3328                          ,  101, 9999,  101,  101,    0,     0,     0
 ED5.2,1857                          ,1859                          ,                    ,1154      ,                ,  101,                    ,                              ,14,0,20181218 15:00:14,    0,         0,         0,65535,65535, 9999,2,                ,0000000,0, 0,         0,    0,0000000000000000000000000000000000000000,0000000000000000000000000000000000000000,         0,         0,         0,         0,1, 0, 0, 0,1857                          ,    0,         0,0,20181218 15:00:14,1859                          ,  101, 9999,  101,  101,    0,     0,     0
 ED5.2,1859                          ,1672                          ,                    ,1425      ,                ,  101,                    ,                              ,14,0,20181218 15:00:14,    0,         0,        36,65535,65535, 9999,2,                ,0000000,0, 0,         0,    0,0000000000000000000000000000000000000000,0000000000000000000000000000000000000000,         0,         0,         0,         0,1, 0, 0, 0,3165                          ,    0,        36,1,20181218 14:59:38,1672                          ,  101, 9999,  101,  101,    0,     0,     0
 ED5.2,7423422                       ,FS020                         ,ETB                 ,          ,                ,  101,                    ,                              , 4,2,20181218 15:00:15,    0,         0,        34,  135,   20,  101,2,                ,0000000,3, 0,         0,    0,0000000000000000000000000000000000000000,0000000000000000000000010000000000000000,         0,         0,         0,         0,1, 0, 0, 0,A800                          ,   34,         0,0,20181218 14:59:41,                              , 9999, 9999, 9999, 9999,32767,     0,     0
 ED5.2,1852                          ,1868                          ,                    ,1945      ,                ,  101,                    ,                              ,14,0,20181218 15:00:18,    0,         0,        31,65535,65535, 9999,2,                ,0000000,0, 0,         0,    0,0000000000000000000000000000000000000000,0000000000000000000000000000000000000000,         0,         0,         0,         0,1, 0, 0, 0,1852                          ,    0,        31,0,20181218 14:59:47,1868                          ,  101, 9999,  101,  101,    0,     0,     0
 ED5.2,1322                          ,1867                          ,                    ,1952      ,                ,  101,                    ,                              ,14,0,20181218 15:00:18,    0,         0,        85,65535,65535, 9999,2,                ,0000000,0, 0,         0,    0,0000000000000000000000000000000000000000,0000000000000000000000000000000000000000,         0,         0,         0,         0,1, 0, 0, 0,1322                          ,    0,        85,0,20181218 14:58:53,1867                          ,  101, 9999,  101,  101,    0,     0,     0
 ED5.2,1430                          ,1737                          ,                    ,1635      ,                ,  101,                    ,                              ,14,0,20181218 15:00:19,    0,         0,        14,65535,65535, 9999,2,                ,0000000,0, 0,         0,    0,0000000000000000000000000000000000000000,0000000000000000000000000000000000000000,         0,         0,         0,         0,1, 0, 0, 0,1430                          ,    0,        14,0,20181218 15:00:05,1737                          ,  101, 9999,  101,  101,    0,     0,     0
 ED5.2,2050                          ,2073                          ,                    ,4952      ,                ,  101,                    ,                              ,14,0,20181218 15:00:20,    0,         0,        70,65535,65535, 9999,2,                ,0000000,0, 0,         0,    0,0000000000000000000000000000000000000000,0000000000000000000000000000000000000000,         0,         0,         0,         0,1, 0, 0, 0,2050                          ,    0,        70,0,20181218 14:59:10,2073                          ,  101, 9999,  101,  101,    0,     0,     0
 ED5.2,663120321                     ,4074                          ,MIGUEL ANGEL LOP    ,2952      ,                ,  101,                    ,                              , 4,2,20181218 15:00:20,    0,         0,       106,10445,   15,  101,2,                ,0000000,2, 0,         0,    0,0000000000000000000000000000000000000000,0000000000000000000000010000000000000000,         0,         0,         0,         0,1, 0, 0, 0,A800                          ,  106,         0,0,20181218 14:58:34,                              , 9999, 9999, 9999, 9999,32767,     0,     0
 ED5.2,1248                          ,1179                          ,                    ,1952      ,                ,  101,                    ,                              ,14,0,20181218 15:00:20,    0,         0,        69,65535,65535, 9999,2,                ,0000000,0, 0,         0,    0,0000000000000000000000000000000000000000,0000000000000000000000000000000000000000,         0,         0,         0,         0,1, 0, 0, 0,1248                          ,    0,        69,0,20181218 14:59:11,1179                          ,  101, 9999,  101,  101,    0,     0,     0
 ED5.2,8016                          ,8014                          ,                    ,6952      ,                ,  101,                    ,                              ,14,0,20181218 15:00:21,    0,         0,        21,65535,65535, 9999,2,                ,0000000,0, 0,         0,    0,0000000000000000000000000000000000000000,0000000000000000000000000000000000000000,         0,         0,         0,         0,1, 0, 0, 0,8016                          ,    0,        21,0,20181218 15:00:00,8014                          ,  101, 9999,  101,  101,    0,     0,     0
 ED5.2,1130                          ,3200                          ,                    ,1945      ,                ,  101,                    ,                              ,14,0,20181218 15:00:22,    0,         0,         0,65535,65535, 9999,2,                ,0000000,0, 0,         0,    0,0000000000000000000000000000000000000000,0000000000000000000000000000000000000000,         0,         0,         0,         0,1, 0, 0, 0,1130                          ,    0,         0,0,20181218 15:00:22,3200                          ,  101, 9999,  101,  101,    0,     0,     0
 ED5.2,1130                          ,1401                          ,                    ,1952      ,                ,  101,                    ,                              ,14,0,20181218 15:00:22,    0,         0,         0,65535,65535, 9999,2,                ,0000000,0, 0,         0,    0,0000000000000000000000000000000000000000,0000000000000000000000000000000000000000,         0,         0,         0,         0,1, 0, 0, 0,3153                          ,    0,         0,1,20181218 15:00:22,1401                          ,  101, 9999,  101,  101,    0,     0,     0
 ED5.2,2094                          ,2086                          ,                    ,4635      ,                ,  101,                    ,                              ,14,0,20181218 15:00:22,    0,         0,         0,65535,65535, 9999,2,                ,0000000,0, 0,         0,    0,0000000000000000000000000000000000000000,0000000000000000000000000000000000000000,         0,         0,         0,         0,1, 0, 0, 0,2094                          ,    0,         0,0,20181218 15:00:22,2086                          ,  101, 9999,  101,  101,    0,     0,     0
 ED5.2,1340                          ,1678                          ,                    ,1154      ,                ,  101,                    ,                              ,14,0,20181218 15:00:23,    0,         0,        29,65535,65535, 9999,2,                ,0000000,0, 0,         0,    0,0000000000000000000000000000000000000000,0000000000000000000000000000000000000000,         0,         0,         0,         0,1, 0, 0, 0,1340                          ,    0,        29,0,20181218 14:59:54,1678                          ,  101, 9999,  101,  101,    0,     0,     0
 ED5.2,1132                          ,3200                          ,                    ,1945      ,                ,  101,                    ,                              ,14,0,20181218 15:00:23,    0,         0,         0,65535,65535, 9999,2,                ,0000000,0, 0,         0,    0,0000000000000000000000000000000000000000,0000000000000000000000000000000000000000,         0,         0,         0,         0,1, 0, 0, 0,1130                          ,    0,         0,1,20181218 15:00:23,3200                          ,  101, 9999,  101,  101,    0,     0,     0
 ED5.2,3014645702                    ,1801                          ,LEIDY VIVIAN NOM    ,1528      ,                ,  101,                    ,                              , 0,2,20181218 15:00:25,    0,         0,         0,10349,   66,  101,2,                ,0010000,2, 1,         0,    0,0010000000000000000000000000000000000000,0000000000000000000000010000000000001000,         0,         0,         0,         0,1, 0, 0, 0,033014645702                  ,    0,         0,0,20181218 15:00:25,1801                          , 9999, 9999, 9999,  101,32767,     0,     0
 ED5.2,3245                          ,1316                          ,                    ,1945      ,                ,  101,                    ,                              ,14,0,20181218 15:00:28,    0,         0,         0,65535,65535, 9999,2,                ,0000000,0, 0,         0,    0,0000000000000000000000000000000000000000,0000000000000000000000000000000000000000,         0,         0,         0,         0,1, 0, 0, 0,3245                          ,    0,         0,0,20181218 15:00:28,1316                          ,  101, 9999,  101,  101,    0,     0,     0
 ED5.2,1496                          ,1388                          ,                    ,1952      ,                ,  101,                    ,                              ,14,0,20181218 15:00:29,    0,         0,        89,65535,65535, 9999,2,                ,0000000,0, 0,         0,    0,0000000000000000000000000000000000000000,0000000000000000000000000000000000000000,         0,         0,         0,         0,1, 0, 0, 0,1496                          ,    0,        89,0,20181218 14:59:00,1388                          ,  101, 9999,  101,  101,    0,     0,     0
 ED5.2,663043750603                  ,4020                          ,MARISOL BETANCUR    ,2952      ,                ,  101,                    ,                              , 4,2,20181218 15:00:29,    0,         0,        41,10451,   15,  101,2,                ,0000000,2, 0,         0,    0,0000000000000000000000000000000000000000,0000000000000000000000010000000000000000,         0,         0,         0,         0,1, 0, 0, 0,A800                          ,   42,         0,1,20181218 14:59:48,                              , 9999, 9999, 9999, 9999,32767,     0,     0
 ED5.2,1206                          ,3328                          ,                    ,1466      ,                ,  101,                    ,                              ,14,0,20181218 15:00:29,    0,         0,         0,65535,65535, 9999,2,                ,0000000,0, 0,         0,    0,0000000000000000000000000000000000000000,0000000000000000000000000000000000000000,         0,         0,         0,         0,1, 0, 0, 0,1113                          ,    0,         0,1,20181218 15:00:29,3328                          ,  101, 9999,  101,  101,    0,     0,     0
 ED5.2,1248                          ,1132                          ,                    ,1843      ,                ,  101,                    ,                              ,14,0,20181218 15:00:29,    0,         0,         0,65535,65535, 9999,2,                ,0000000,0, 0,         0,    0,0000000000000000000000000000000000000000,0000000000000000000000000000000000000000,         0,         0,         0,         0,1, 0, 0, 0,1248                          ,    0,         0,0,20181218 15:00:29,1132                          ,  101, 9999,  101,  101,    0,     0,     0
 ED5.2,7559298                       ,1132                          ,MARIA AMPARO PER    ,1843      ,                ,  101,                    ,                              , 4,2,20181218 15:00:29,    0,         0,       154,  144,   20,  101,2,                ,0000000,3, 0,         0,    0,0000000000000000000000000000000000000000,0000000010000000000000010000000000000000,         0,         0,         0,         0,1, 0, 0, 0,                              ,  181,       125,0,20181218 14:55:23,                              , 9999, 9999, 9999, 9999,32767,     0,     0
 ED5.2,663045717604                  ,1599                          ,SALA CLIENTES       ,1635      ,                ,  101,                    ,                              , 4,2,20181218 15:00:30,    0,         0,        76,  133,   20,  101,2,                ,0000000,2, 0,         0,    0,0000000000000000000000000000000000000000,0000000000000000000000010000000000000000,         0,         0,         0,         0,1, 0, 0, 0,A800                          ,   76,         0,0,20181218 14:59:14,                              , 9999, 9999, 9999, 9999,32767,     0,     0
 ED5.2,1113                          ,3268                          ,                    ,1466      ,                ,  101,                    ,                              ,14,0,20181218 15:00:30,    0,         0,         0,65535,65535, 9999,2,                ,0000000,0, 0,         0,    0,0000000000000000000000000000000000000000,0000000000000000000000000000000000000000,         0,         0,         0,         0,1, 0, 0, 0,1113                          ,    0,         0,0,20181218 15:00:30,3268                          ,  101, 9999,  101,  101,    0,     0,     0
 ED5.2,1113                          ,3328                          ,                    ,1466      ,                ,  101,                    ,                              ,14,0,20181218 15:00:30,    0,         0,         0,65535,65535, 9999,2,                ,0000000,0, 0,         0,    0,0000000000000000000000000000000000000000,0000000000000000000000000000000000000000,         0,         0,         0,         0,1, 0, 0, 0,1113                          ,    0,         0,1,20181218 15:00:30,3328                          ,  101, 9999,  101,  101,    0,     0,     0
 ED5.2,3239                          ,3103                          ,                    ,1979      ,                ,  101,                    ,                              ,14,0,20181218 15:00:32,    0,         0,         0,65535,65535, 9999,2,                ,0000000,0, 0,         0,    0,0000000000000000000000000000000000000000,0000000000000000000000000000000000000000,         0,         0,         0,         0,1, 0, 0, 0,3239                          ,    0,         0,0,20181218 15:00:32,3103                          ,  101, 9999,  101,  101,    0,     0,     0
 ED5.2,88                            ,3103                          ,                    ,1979      ,                ,  101,                    ,                              ,14,0,20181218 15:00:33,    0,         0,         1,65535,65535, 9999,2,                ,0000000,0, 0,         0,    0,0000000000000000000000000000000000000000,0000000000000000000000000000000000000000,         0,         0,         0,         0,1, 0, 0, 0,3239                          ,    0,         1,1,20181218 15:00:32,3103                          ,  101, 9999,  101,  101,    0,     0,     0
 ED5.2,------------------------------,******************************,                    ,**********,                ,  101,                    ,******************************, 4,2,20181218 15:00:34,    0,         0,        23,10876,   82,  101,2,                ,0000000,2, 0,         0,    0,0000000000000000000000000000000000000000,0000000000000000000000010000000000000000,         0,         0,         0,         0,1, 0, 0, 0,------------------------------,   20,         3,1,20181218 15:00:11,******************************, 9999, 9999, 9999, 9999,32767,     0,     0
 ED5.2,4079                          ,4017                          ,                    ,2843      ,                ,  101,                    ,                              ,14,0,20181218 15:00:39,    0,         0,        91,65535,65535, 9999,2,                ,0000000,0, 0,         0,    0,0000000000000000000000000000000000000000,0000000000000000000000000000000000000000,         0,         0,         0,         0,1, 0, 0, 0,4079                          ,    0,        91,0,20181218 14:59:08,4017                          ,  101, 9999,  101,  101,    0,     0,     0
 ED5.2,3268                          ,3109                          ,                    ,1466      ,                ,  101,                    ,                              ,14,0,20181218 15:00:43,    0,         0,         0,65535,65535, 9999,2,                ,0000000,0, 0,         0,    0,0000000000000000000000000000000000000000,0000000000000000000000000000000000000000,         0,         0,         0,         0,1, 0, 0, 0,3268                          ,    0,         0,0,20181218 15:00:43,3109                          ,  101, 9999,  101,  101,    0,     0,     0
 ED5.2,6102                          ,1046                          ,                    ,1425      ,                ,  101,                    ,                              ,14,0,20181218 15:00:43,    0,         0,         0,65535,65535, 9999,2,                ,0000000,0, 0,         0,    0,0000000000000000000000000000000000000000,0000000000000000000000000000000000000000,         0,         0,         0,         0,1, 0, 0, 0,6102                          ,    0,         0,0,20181218 15:00:43,1046                          ,  101, 9999,  101,  101,    0,     0,     0
 ED5.2,2074                          ,2037                          ,                    ,4952      ,                ,  101,                    ,                              ,14,0,20181218 15:00:44,    0,         0,        43,65535,65535, 9999,2,                ,0000000,0, 0,         0,    0,0000000000000000000000000000000000000000,0000000000000000000000000000000000000000,         0,         0,         0,         0,1, 0, 0, 0,2074                          ,    0,        43,0,20181218 15:00:01,2037                          ,  101, 9999,  101,  101,    0,     0,     0
 ED5.2,88                            ,1046                          ,                    ,1425      ,                ,  101,                    ,                              ,14,0,20181218 15:00:44,    0,         0,         1,65535,65535, 9999,2,                ,0000000,0, 0,         0,    0,0000000000000000000000000000000000000000,0000000000000000000000000000000000000000,         0,         0,         0,         0,1, 0, 0, 0,6102                          ,    0,         1,1,20181218 15:00:43,1046                          ,  101, 9999,  101,  101,    0,     0,     0
 ED5.2,1206                          ,3268                          ,                    ,1466      ,                ,  101,                    ,                              ,14,0,20181218 15:00:46,    0,         0,         0,65535,65535, 9999,2,                ,0000000,0, 0,         0,    0,0000000000000000000000000000000000000000,0000000000000000000000000000000000000000,         0,         0,         0,         0,1, 0, 0, 0,1113                          ,    0,         0,1,20181218 15:00:46,3268                          ,  101, 9999,  101,  101,    0,     0,     0
 ED5.2,1206                          ,3328                          ,                    ,1466      ,                ,  101,                    ,                              ,14,0,20181218 15:00:46,    0,         0,         0,65535,65535, 9999,2,                ,0000000,0, 0,         0,    0,0000000000000000000000000000000000000000,0000000000000000000000000000000000000000,         0,         0,         0,         0,1, 0, 0, 0,1113                          ,    0,         0,1,20181218 15:00:46,3328                          ,  101, 9999,  101,  101,    0,     0,     0
 ED5.2,3118314546                    ,1009                          ,NANCY MARIA PELA    ,1154      ,                ,  101,                    ,                              , 0,1,20181218 15:00:46,    0,         0,       182,  378,   21,  101,2,                ,0010000,0, 0,         0,    0,0000000000000000000000000000000000000000,0000000000000000000000010000000000001000,         0,         0,         0,         0,1, 0, 0, 0,033118314546                  ,    0,         0,0,20181218 14:57:44,1009                          , 9999, 9999, 9999,  101,32767,     0,     0
 ED5.2,0745605030                    ,FS015                         ,SIPMED F            ,          ,                ,  101,                    ,                              , 4,2,20181218 15:00:47,    0,         0,        23,10445,   15,  101,2,                ,0000000,2, 0,         0,    0,0000000000000000000000000000000000000000,0000000000000000000000010000000000000000,         0,         0,         0,         0,1, 0, 0, 0,A800                          ,   23,         0,0,20181218 15:00:24,                              , 9999, 9999, 9999, 9999,32767,     0,     0
 ED5.2,7102                          ,1046                          ,                    ,1425      ,                ,  101,                    ,                              ,14,0,20181218 15:00:47,    0,         0,         0,65535,65535, 9999,2,                ,0000000,0, 0,         0,    0,0000000000000000000000000000000000000000,0000000000000000000000000000000000000000,         0,         0,         0,         0,1, 0, 0, 0,7102                          ,    0,         0,0,20181218 15:00:47,1046                          ,  101, 9999,  101,  101,    0,     0,     0
 ED5.2,7569476                       ,1166                          ,JAVIER FELIP GUE    ,1952      ,                ,  101,                    ,                              , 4,2,20181218 15:00:48,    0,         0,        72,  132,   20,  101,2,                ,0000000,3, 0,         0,    0,0000000000000000000000000000000000000000,0000000000000000000000010000000000000000,         0,         0,         0,         0,1, 0, 0, 0,A800                          ,   50,        22,1,20181218 14:59:36,                              , 9999, 9999, 9999, 9999,32767,     0,     0
 ED5.2,7430000                       ,3145                          ,MARIA CLAUDI BER    ,1466      ,                ,  101,                    ,                              , 4,2,20181218 15:00:48,    0,         0,        50,10872,   82,  101,2,                ,0000000,2, 0,         0,    0,0000000000000000000000000000000000000000,0000010000000000000000000000000000000000,         0,         0,         0,         0,1, 0, 0, 0,A500                          ,   19,        31,1,20181218 14:59:58,                              , 9999, 9999, 9999, 9999,32767,     0,     0
 ED5.2,009447393721129               ,3145                          ,MARIA CLAUDI BER    ,1466      ,                ,  101,                    ,                              , 0,2,20181218 15:00:48,    0,         0,        31,10871,   82,  101,2,                ,0010000,2, 0,         0,    0,1000000000000000000000000000000000000000,0000010000000000000000000000000000001000,         0,         0,         0,         0,1, 0, 0, 0,009447393721129               ,    0,         0,0,20181218 15:00:17,                              , 9999, 9999, 9999, 9999,32767,     0,     0
 ED5.2,3091606                       ,5153                          ,NIUTON JOSE OROZ    ,3635      ,                ,  101,                    ,                              , 0,2,20181218 15:00:51,    0,         0,       320,10869,   82,  101,2,                ,0010000,2, 1,         0,    0,1000000000000000000000000000000000000000,0000000000000000000000010000000000001000,         0,         0,         0,         0,1, 0, 0, 0,3091606                       ,    0,         0,0,20181218 14:55:31,5153                          , 9999, 9999, 9999,  101,32767,     0,     0
 ED5.2,663104258268                  ,1520                          ,JULIANA IZQUIERD    ,1949      ,                ,  101,                    ,                              , 4,2,20181218 15:00:51,    0,         0,        70,  134,   20,  101,2,                ,0000000,2, 1,         0,    0,0000000000000000000000000000000000000000,0000000000000000000000010000000000000000,         0,         0,         0,         0,1, 0, 0, 0,A800                          ,   70,         0,0,20181218 14:59:41,                              , 9999, 9999, 9999, 9999,32767,     0,     0
 ED5.2,1090                          ,5202                          ,                    ,7425      ,                ,  101,                    ,                              ,14,0,20181218 15:00:53,    0,         0,       100,65535,65535, 9999,2,                ,0000000,0, 0,         0,    0,0000000000000000000000000000000000000000,0000000000000000000000000000000000000000,         0,         0,         0,         0,1, 0, 0, 0,1090                          ,    0,       100,0,20181218 14:59:13,5202                          ,  101, 9999,  101,  101,    0,     0,     0
 ED5.2,4037                          ,4002                          ,                    ,2843      ,                ,  101,                    ,                              ,14,0,20181218 15:00:53,    0,         0,        83,65535,65535, 9999,2,                ,0000000,0, 0,         0,    0,0000000000000000000000000000000000000000,0000000000000000000000000000000000000000,         0,         0,         0,         0,1, 0, 0, 0,4037                          ,    0,        83,0,20181218 14:59:30,4002                          ,  101, 9999,  101,  101,    0,     0,     0
 ED5.2,5391283                       ,1809                          ,YINNILISETH RUIZ    ,1528      ,                ,  101,                    ,                              , 0,2,20181218 15:00:54,    0,         0,       135,10006,   11,  101,2,                ,0010000,2, 1,         0,    0,1000000000000000000000000000000000000000,0000000000000000000000010000000000001000,         0,         0,         0,         0,1, 0, 0, 0,5391283                       ,    0,         0,0,20181218 14:58:39,1809                          , 9999, 9999, 9999,  101,32767,     0,     0
 ED5.2,1857                          ,1672                          ,                    ,1425      ,                ,  101,                    ,1859                          ,14,0,20181218 15:00:54,    0,         0,        37,65535,65535, 9999,2,                ,0000000,0, 0,         0,    0,0000000000000000000000000000000000000000,0000000000000000000000000000000000000000,         0,         0,         0,         0,1, 0, 0, 0,                              ,    0,        37,0,20181218 15:00:17,1672                          ,  101,  101, 9999,  101,    0,     0,     0
 ED5.2,5921048                       ,3105                          ,YENNY SOFIA MART    ,1466      ,                ,  101,                    ,                              , 4,2,20181218 15:00:58,    0,         0,       226,  309,   65,  101,2,                ,0000000,3, 0,         0,    0,0000000000000000000000000000000000000000,0000000010000000000000010000000000000000,         0,         0,         0,         0,1, 0, 0, 0,                              ,  302,       223,0,20181218 14:52:14,                              , 9999, 9999, 9999, 9999,32767,     0,     0
 ED5.2,1132                          ,1401                          ,                    ,1952      ,                ,  101,                    ,                              ,14,0,20181218 15:00:59,    0,         0,        26,65535,65535, 9999,2,                ,0000000,0, 0,         0,    0,0000000000000000000000000000000000000000,0000000000000000000000000000000000000000,         0,         0,         0,         0,1, 0, 0, 0,3153                          ,    0,        26,1,20181218 15:00:33,1401                          ,  101, 9999,  101,  101,    0,     0,     0
 ED5.2,3014645702                    ,1801                          ,LEIDY VIVIAN NOM    ,1528      ,                ,  101,                    ,                              , 0,2,20181218 15:00:59,    0,         0,         0,10349,   66,  101,2,                ,0010000,2, 1,         0,    0,0010000000000000000000000000000000000000,0000000000000000000000010000000000001000,         0,         0,         0,         0,1, 0, 0, 0,033014645702                  ,    0,         0,0,20181218 15:00:59,1801                          , 9999, 9999, 9999,  101,32767,     0,     0
 ED5.2,7560657                       ,1063                          ,CLAUDIA ALEX ROM    ,1949      ,                ,  101,                    ,                              , 4,2,20181218 15:01:00,    0,         0,        36,  135,   20,  101,2,                ,0000000,3, 0,         0,    0,0000000000000000000000000000000000000000,0000000000000000000000010000000000000000,         0,         0,         0,         0,1, 0, 0, 0,A800                          ,   36,         0,1,20181218 15:00:24,                              , 9999, 9999, 9999, 9999,32767,     0,     0
 ED5.2,1113                          ,3268                          ,                    ,1466      ,                ,  101,                    ,                              ,14,0,20181218 15:01:01,    0,         0,         0,65535,65535, 9999,2,                ,0000000,0, 0,         0,    0,0000000000000000000000000000000000000000,0000000000000000000000000000000000000000,         0,         0,         0,         0,1, 0, 0, 0,1113                          ,    0,         0,1,20181218 15:01:01,3268                          ,  101, 9999,  101,  101,    0,     0,     0
 ED5.2,1113                          ,3328                          ,                    ,1466      ,                ,  101,                    ,                              ,14,0,20181218 15:01:01,    0,         0,         0,65535,65535, 9999,2,                ,0000000,0, 0,         0,    0,0000000000000000000000000000000000000000,0000000000000000000000000000000000000000,         0,         0,         0,         0,1, 0, 0, 0,1113                          ,    0,         0,1,20181218 15:01:01,3328                          ,  101, 9999,  101,  101,    0,     0,     0
 ED5.2,1557                          ,1133                          ,                    ,1952      ,                ,  101,                    ,                              ,14,0,20181218 15:01:05,    0,         0,        78,65535,65535, 9999,2,                ,0000000,0, 0,         0,    0,0000000000000000000000000000000000000000,0000000000000000000000000000000000000000,         0,         0,         0,         0,1, 0, 0, 0,1331                          ,    0,        78,1,20181218 14:59:47,1133                          ,  101, 9999,  101,  101,    0,     0,     0
 ED5.2,1678                          ,1070                          ,                    ,1740      ,                ,  101,                    ,                              ,14,0,20181218 15:01:06,    0,         0,         0,65535,65535, 9999,2,                ,0000000,0, 0,         0,    0,0000000000000000000000000000000000000000,0000000000000000000000000000000000000000,         0,         0,         0,         0,1, 0, 0, 0,1678                          ,    0,         0,0,20181218 15:01:06,1070                          ,  101, 9999,  101,  101,    0,     0,     0
 ED5.2,4051                          ,1678                          ,                    ,1154      ,                ,  101,                    ,                              ,14,0,20181218 15:01:07,    0,         0,         0,65535,65535, 9999,2,                ,0000000,0, 0,         0,    0,0000000000000000000000000000000000000000,0000000000000000000000000000000000000000,         0,         0,         0,         0,1, 0, 0, 0,4051                          ,    0,         0,0,20181218 15:01:07,1678                          ,  101, 9999,  101,  101,    0,     0,     0
 ED5.2,8057620                       ,1557                          ,LINA MARIA BEDOY    ,1635      ,                ,  101,                    ,                              , 4,2,20181218 15:01:07,    0,         0,       106,  131,   20,  101,2,                ,0000000,3, 0,         0,    0,0000000000000000000000000000000000000000,0000000000000000000000010000000000000000,         0,         0,         0,         0,1, 0, 0, 0,A800                          ,  105,         1,1,20181218 14:59:21,                              , 9999, 9999, 9999, 9999,32767,     0,     0
