 ED5.2,5273092                       ,3128                          ,SANDRA NANCY CAS    ,1160      ,                ,  101,                    ,                              , 0,2,20190129 20:07:49,    0,         0,        19,10866,   82,  101,2,                ,0010000,2, 1,         0,    0,1000000000000000000000000000000000000000,0000000000000000000000010000000000001000,         0,         0,         0,         0,1, 0, 0, 0,5273092                       ,    0,         0,0,20190129 20:07:30,3128                          , 9999, 9999, 9999,  101,32767,     0,     0
 ED5.2,4190779                       ,4069                          ,LINA MARIA ORTIZ    ,2952      ,                ,  101,                    ,                              , 0,2,20190129 20:09:32,    0,         0,        19,10445,   15,  101,2,                ,0010000,2, 1,         0,    0,1000000000000000000000000000000000000000,0000000000000000000000010000000000001000,         0,         0,         0,         0,1, 0, 0, 0,4190779                       ,    0,         0,0,20190129 20:09:13,4069                          , 9999, 9999, 9999,  101,32767,     0,     0
 ED5.2,3128                          ,3317                          ,                    ,1949      ,                ,  101,                    ,                              ,14,0,20190129 20:10:42,    0,         0,        11,65535,65535, 9999,2,                ,0000000,0, 0,         0,    0,0000000000000000000000000000000000000000,0000000000000000000000000000000000000000,         0,         0,         0,         0,1, 0, 0, 0,3128                          ,    0,        11,0,20190129 20:10:31,3317                          ,  101, 9999,  101,  101,    0,     0,     0
 ED5.2,6604869                       ,1467                          ,YURY STEFANN BEL    ,1638      ,                ,  101,                    ,                              , 0,2,20190129 20:11:46,    0,         0,        18,10001,   11,  101,2,                ,0010000,2, 1,         0,    0,1000000000000000000000000000000000000000,0000000000000000000000010000000000001000,         0,         0,         0,         0,1, 0, 0, 0,6604869                       ,    0,         0,0,20190129 20:11:28,1467                          , 9999, 9999, 9999,  101,32767,     0,     0
 ED5.2,3338                          ,1580                          ,                    ,1672      ,                ,  101,                    ,                              ,14,0,20190129 20:12:36,    0,         0,        43,65535,65535, 9999,2,                ,0000000,0, 0,         0,    0,0000000000000000000000000000000000000000,0000000000000000000000000000000000000000,         0,         0,         0,         0,1, 0, 0, 0,3338                          ,    0,        43,0,20190129 20:11:53,1580                          ,  101, 9999,  101,  101,    0,     0,     0
 ED5.2,1177                          ,1447                          ,                    ,1632      ,                ,  101,                    ,                              ,14,0,20190129 20:14:11,    0,         0,         7,65535,65535, 9999,2,                ,0000000,0, 0,         0,    0,0000000000000000000000000000000000000000,0000000000000000000000000000000000000000,         0,         0,         0,         0,1, 0, 0, 0,1177                          ,    0,         7,0,20190129 20:14:04,1447                          ,  101, 9999,  101,  101,    0,     0,     0
 ED5.2,3138041746                    ,1084                          ,EVELYN LOREN URU    ,1638      ,                ,  101,                    ,                              , 0,2,20190129 20:17:08,    0,         0,       127,10349,   66,  101,2,                ,0010000,2, 1,         0,    0,1000000000000000000000000000000000000000,0000000000000000000000010000000000001000,         0,         0,         0,         0,1, 0, 0, 0,033138041746                  ,    0,         0,0,20190129 20:15:01,1084                          , 9999, 9999, 9999,  101,32767,     0,     0
 ED5.2,1038                          ,1214                          ,                    ,1952      ,                ,  101,                    ,                              ,14,0,20190129 20:18:44,    0,         0,         0,65535,65535, 9999,2,                ,0000000,0, 0,         0,    0,0000000000000000000000000000000000000000,0000000000000000000000000000000000000000,         0,         0,         0,         0,1, 0, 0, 0,1038                          ,    0,         0,0,20190129 20:18:44,1214                          ,  101, 9999,  101,  101,    0,     0,     0
 ED5.2,663002486000                  ,FS020                         ,ETB                 ,          ,                ,  101,                    ,                              , 4,2,20190129 20:19:58,    0,         0,         3,  120,   20,  101,2,                ,0000000,2, 0,         0,    0,0000000000000000000000000000000000000000,0000000000000000000000010000000000000000,         0,         0,         0,         0,1, 0, 0, 0,A800                          ,    3,         0,0,20190129 20:19:55,                              , 9999, 9999, 9999, 9999,32767,     0,     0
 ED5.2,6103842                       ,1168                          ,JENNY PAOLA PARD    ,1952      ,                ,  101,                    ,                              , 0,2,20190129 20:21:00,    0,         0,       164,10001,   11,  101,2,                ,0010000,2, 1,         0,    0,1000000000000000000000000000000000000000,0000000000000000000000010000000000001000,         0,         0,         0,         0,1, 0, 0, 0,6103842                       ,    0,         0,0,20190129 20:18:16,1168                          , 9999, 9999, 9999,  101,32767,     0,     0
 ED5.2,7515087                       ,1127                          ,OMAR ENRIQUE TRI    ,1952      ,                ,  101,                    ,                              , 0,2,20190129 20:21:12,    0,         0,         0,10002,   11,  101,2,                ,0010000,2, 1,         0,    0,1000000000000000000000000000000000000000,0000000000000000000000010000000000001000,         0,         0,         0,         0,1, 0, 0, 0,7515087                       ,    0,         0,0,20190129 20:21:12,1127                          , 9999, 9999, 9999,  101,32767,     0,     0
 ED5.2,1443                          ,1252                          ,                    ,1215      ,                ,  101,                    ,                              ,14,0,20190129 20:21:31,    0,         0,        45,65535,65535, 9999,2,                ,0000000,0, 0,         0,    0,0000000000000000000000000000000000000000,0000000000000000000000000000000000000000,         0,         0,         0,         0,1, 0, 0, 0,1443                          ,    0,        45,0,20190129 20:20:46,1252                          ,  101, 9999,  101,  101,    0,     0,     0
 ED5.2,3112369715                    ,1127                          ,OMAR ENRIQUE TRI    ,1952      ,                ,  101,                    ,                              , 0,2,20190129 20:23:51,    0,         0,       129,10349,   66,  101,2,                ,0010000,2, 1,         0,    0,1000000000000000000000000000000000000000,0000000000000000000000010000000000001000,         0,         0,         0,         0,1, 0, 0, 0,033112369715                  ,    0,         0,0,20190129 20:21:42,1127                          , 9999, 9999, 9999,  101,32767,     0,     0
 ED5.2,1378                          ,1736                          ,                    ,1635      ,                ,  101,                    ,                              ,14,0,20190129 20:26:05,    0,         0,         0,65535,65535, 9999,2,                ,0000000,0, 0,         0,    0,0000000000000000000000000000000000000000,0000000000000000000000000000000000000000,         0,         0,         0,         0,1, 0, 0, 0,1378                          ,    0,         0,0,20190129 20:26:05,1736                          ,  101, 9999,  101,  101,    0,     0,     0
 ED5.2,1492                          ,1736                          ,                    ,1635      ,                ,  101,                    ,                              ,14,0,20190129 20:26:20,    0,         0,         0,65535,65535, 9999,2,                ,0000000,0, 0,         0,    0,0000000000000000000000000000000000000000,0000000000000000000000000000000000000000,         0,         0,         0,         0,1, 0, 0, 0,1378                          ,    0,         0,1,20190129 20:26:20,1736                          ,  101, 9999,  101,  101,    0,     0,     0
 ED5.2,1378                          ,1736                          ,                    ,1635      ,                ,  101,                    ,                              ,14,0,20190129 20:26:26,    0,         0,         0,65535,65535, 9999,2,                ,0000000,0, 0,         0,    0,0000000000000000000000000000000000000000,0000000000000000000000000000000000000000,         0,         0,         0,         0,1, 0, 0, 0,1378                          ,    0,         0,1,20190129 20:26:26,1736                          ,  101, 9999,  101,  101,    0,     0,     0
 ED5.2,1467                          ,1736                          ,                    ,1635      ,                ,  101,                    ,                              ,14,0,20190129 20:26:43,    0,         0,        10,65535,65535, 9999,2,                ,0000000,0, 0,         0,    0,0000000000000000000000000000000000000000,0000000000000000000000000000000000000000,         0,         0,         0,         0,1, 0, 0, 0,1467                          ,    0,        10,0,20190129 20:26:33,1736                          ,  101, 9999,  101,  101,    0,     0,     0
 ED5.2,3243                          ,1736                          ,                    ,1635      ,                ,  101,                    ,                              ,14,0,20190129 20:26:58,    0,         0,         9,65535,65535, 9999,2,                ,0000000,0, 0,         0,    0,0000000000000000000000000000000000000000,0000000000000000000000000000000000000000,         0,         0,         0,         0,1, 0, 0, 0,3243                          ,    0,         9,0,20190129 20:26:49,1736                          ,  101, 9999,  101,  101,    0,     0,     0
 ED5.2,1378                          ,1736                          ,                    ,1635      ,                ,  101,                    ,                              ,14,0,20190129 20:27:40,    0,         0,        11,65535,65535, 9999,2,                ,0000000,0, 0,         0,    0,0000000000000000000000000000000000000000,0000000000000000000000000000000000000000,         0,         0,         0,         0,1, 0, 0, 0,1378                          ,    0,        11,0,20190129 20:27:29,1736                          ,  101, 9999,  101,  101,    0,     0,     0
 ED5.2,6170533                       ,1252                          ,ANA CAROLINA FAJ    ,1215      ,                ,  101,                    ,                              , 0,2,20190129 20:28:22,    0,         0,       390,10866,   82,  101,2,                ,0010000,2, 1,         0,    0,1000000000000000000000000000000000000000,0000000000000000000000010000000000001000,         0,         0,         0,         0,1, 0, 0, 0,6170533                       ,    0,         0,0,20190129 20:21:52,1252                          , 9999, 9999, 9999,  101,32767,     0,     0
 ED5.2,3006715717                    ,5204                          ,IRINA PAOLA INSI    ,7952      ,                ,  101,                    ,                              , 0,2,20190129 20:29:24,    0,         0,        23,10349,   66,  101,2,                ,0010000,2, 1,         0,    0,1000000000000000000000000000000000000000,0000000000000000000000010000000000001000,         0,         0,         0,         0,1, 0, 0, 0,033006715717                  ,    0,         0,0,20190129 20:29:01,5204                          , 9999, 9999, 9999,  101,32767,     0,     0
 ED5.2,1084                          ,1340                          ,                    ,1635      ,                ,  101,                    ,                              ,14,0,20190129 20:29:44,    0,         0,        12,65535,65535, 9999,2,                ,0000000,0, 0,         0,    0,0000000000000000000000000000000000000000,0000000000000000000000000000000000000000,         0,         0,         0,         0,1, 0, 0, 0,1084                          ,    0,        12,0,20190129 20:29:32,1340                          ,  101, 9999,  101,  101,    0,     0,     0
 ED5.2,1447                          ,1214                          ,                    ,1952      ,                ,  101,                    ,                              ,14,0,20190129 20:30:49,    0,         0,         0,65535,65535, 9999,2,                ,0000000,0, 0,         0,    0,0000000000000000000000000000000000000000,0000000000000000000000000000000000000000,         0,         0,         0,         0,1, 0, 0, 0,1447                          ,    0,         0,0,20190129 20:30:49,1214                          ,  101, 9999,  101,  101,    0,     0,     0
 ED5.2,1024                          ,1213                          ,                    ,1911      ,                ,  101,                    ,                              ,14,0,20190129 20:31:21,    0,         0,       478,65535,65535, 9999,2,                ,0000000,0, 0,         0,    0,0000000000000000000000000000000000000000,0000000000000000000000000000000000000000,         0,         0,         0,         0,1, 0, 0, 0,1024                          ,    0,       478,0,20190129 20:23:23,1213                          ,  101, 9999,  101,  101,    0,     0,     0
 ED5.2,254830                        ,1252                          ,ANA CAROLINA FAJ    ,1215      ,                ,  101,                    ,                              , 4,2,20190129 20:31:37,    0,         0,        61,  120,   20,  101,2,                ,0000000,3, 0,         0,    0,0000000000000000000000000000000000000000,0000000000000000000000010000000000000000,         0,         0,         0,         0,1, 0, 0, 0,A800                          ,   61,         0,0,20190129 20:30:36,                              , 9999, 9999, 9999, 9999,32767,     0,     0
 ED5.2,1467                          ,1736                          ,                    ,1635      ,                ,  101,                    ,                              ,14,0,20190129 20:31:42,    0,         0,         0,65535,65535, 9999,2,                ,0000000,0, 0,         0,    0,0000000000000000000000000000000000000000,0000000000000000000000000000000000000000,         0,         0,         0,         0,1, 0, 0, 0,1467                          ,    0,         0,0,20190129 20:31:42,1736                          ,  101, 9999,  101,  101,    0,     0,     0
 ED5.2,1084                          ,1736                          ,                    ,1635      ,                ,  101,                    ,                              ,14,0,20190129 20:31:58,    0,         0,         0,65535,65535, 9999,2,                ,0000000,0, 0,         0,    0,0000000000000000000000000000000000000000,0000000000000000000000000000000000000000,         0,         0,         0,         0,1, 0, 0, 0,1467                          ,    0,         0,1,20190129 20:31:58,1736                          ,  101, 9999,  101,  101,    0,     0,     0
 ED5.2,1026                          ,1736                          ,                    ,1635      ,                ,  101,                    ,                              ,14,0,20190129 20:32:13,    0,         0,         0,65535,65535, 9999,2,                ,0000000,0, 0,         0,    0,0000000000000000000000000000000000000000,0000000000000000000000000000000000000000,         0,         0,         0,         0,1, 0, 0, 0,1467                          ,    0,         0,1,20190129 20:32:13,1736                          ,  101, 9999,  101,  101,    0,     0,     0
 ED5.2,1468                          ,1736                          ,                    ,1635      ,                ,  101,                    ,                              ,14,0,20190129 20:32:28,    0,         0,        13,65535,65535, 9999,2,                ,0000000,0, 0,         0,    0,0000000000000000000000000000000000000000,0000000000000000000000000000000000000000,         0,         0,         0,         0,1, 0, 0, 0,1467                          ,    0,        13,1,20190129 20:32:15,1736                          ,  101, 9999,  101,  101,    0,     0,     0
 ED5.2,1213                          ,1467                          ,                    ,1638      ,                ,  101,                    ,                              ,14,0,20190129 20:32:28,    0,         0,         6,65535,65535, 9999,2,                ,0000000,0, 0,         0,    0,0000000000000000000000000000000000000000,0000000000000000000000000000000000000000,         0,         0,         0,         0,1, 0, 0, 0,1213                          ,    0,         6,0,20190129 20:32:22,1467                          ,  101, 9999,  101,  101,    0,     0,     0
 ED5.2,3036370                       ,3239                          ,JOSE ANTONIO ECH    ,1979      ,                ,  101,                    ,                              , 0,2,20190129 20:32:29,    0,         0,       142,10001,   11,  101,2,                ,0010000,2, 1,         0,    0,1000000000000000000000000000000000000000,0000000000000000000000010000000000001000,         0,         0,         0,         0,1, 0, 0, 0,3036370                       ,    0,         0,0,20190129 20:30:07,3239                          , 9999, 9999, 9999,  101,32767,     0,     0
 ED5.2,1467                          ,1736                          ,                    ,1635      ,                ,  101,                    ,                              ,14,0,20190129 20:33:03,    0,         0,         0,65535,65535, 9999,2,                ,0000000,0, 0,         0,    0,0000000000000000000000000000000000000000,0000000000000000000000000000000000000000,         0,         0,         0,         0,1, 0, 0, 0,1467                          ,    0,         0,0,20190129 20:33:03,1736                          ,  101, 9999,  101,  101,    0,     0,     0
 ED5.2,1084                          ,1736                          ,                    ,1635      ,                ,  101,                    ,                              ,14,0,20190129 20:33:19,    0,         0,        11,65535,65535, 9999,2,                ,0000000,0, 0,         0,    0,0000000000000000000000000000000000000000,0000000000000000000000000000000000000000,         0,         0,         0,         0,1, 0, 0, 0,1467                          ,    0,        11,1,20190129 20:33:08,1736                          ,  101, 9999,  101,  101,    0,     0,     0
 ED5.2,3716615                       ,1084                          ,EVELYN LOREN URU    ,1638      ,                ,  101,                    ,                              , 0,2,20190129 20:34:47,    0,         0,        31,10001,   11,  101,2,                ,0010000,2, 1,         0,    0,1000000000000000000000000000000000000000,0000000000000000000000010000000000001000,         0,         0,         0,         0,1, 0, 0, 0,3716615                       ,    0,         0,0,20190129 20:34:16,1084                          , 9999, 9999, 9999,  101,32767,     0,     0
 ED5.2,1478                          ,1473                          ,                    ,1952      ,                ,  101,                    ,                              ,14,0,20190129 20:34:56,    0,         0,        21,65535,65535, 9999,2,                ,0000000,0, 0,         0,    0,0000000000000000000000000000000000000000,0000000000000000000000000000000000000000,         0,         0,         0,         0,1, 0, 0, 0,1478                          ,    0,        21,0,20190129 20:34:35,1473                          ,  101, 9999,  101,  101,    0,     0,     0
 ED5.2,1210                          ,1252                          ,                    ,1215      ,                ,  101,                    ,                              ,14,0,20190129 20:37:19,    0,         0,       532,65535,65535, 9999,2,                ,0000000,0, 0,         0,    0,0000000000000000000000000000000000000000,0000000000000000000000000000000000000000,         0,         0,         0,         0,1, 0, 0, 0,1210                          ,    0,       532,0,20190129 20:28:27,1252                          ,  101, 9999,  101,  101,    0,     0,     0
 ED5.2,1378                          ,1024                          ,                    ,1638      ,                ,  101,                    ,                              ,14,0,20190129 20:37:29,    0,         0,         0,65535,65535, 9999,2,                ,0000000,0, 0,         0,    0,0000000000000000000000000000000000000000,0000000000000000000000000000000000000000,         0,         0,         0,         0,1, 0, 0, 0,1378                          ,    0,         0,0,20190129 20:37:29,1024                          ,  101, 9999,  101,  101,    0,     0,     0
 ED5.2,9254838                       ,1252                          ,ANA CAROLINA FAJ    ,1215      ,                ,  101,                    ,                              , 0,2,20190129 20:37:29,    0,         0,         0,10866,   82,  101,2,                ,0010000,2, 1,         0,    0,1000000000000000000000000000000000000000,0000000000000000000000010000000000001000,         0,         0,         0,         0,1, 0, 0, 0,9254838                       ,    0,         0,0,20190129 20:37:29,1252                          , 9999, 9999, 9999,  101,32767,     0,     0
 ED5.2,1378                          ,1024                          ,                    ,1638      ,                ,  101,                    ,                              ,14,0,20190129 20:37:47,    0,         0,         0,65535,65535, 9999,2,                ,0000000,0, 0,         0,    0,0000000000000000000000000000000000000000,0000000000000000000000000000000000000000,         0,         0,         0,         0,1, 0, 0, 0,1378                          ,    0,         0,0,20190129 20:37:47,1024                          ,  101, 9999,  101,  101,    0,     0,     0
 ED5.2,9254830                       ,1252                          ,ANA CAROLINA FAJ    ,1215      ,                ,  101,                    ,                              , 0,2,20190129 20:38:10,    0,         0,         0,10866,   82,  101,2,                ,0010000,2, 1,         0,    0,1000000000000000000000000000000000000000,0000000000000000000000010000000000001000,         0,         0,         0,         0,1, 0, 0, 0,9254830                       ,    0,         0,0,20190129 20:38:10,1252                          , 9999, 9999, 9999,  101,32767,     0,     0
 ED5.2,9254830                       ,1252                          ,ANA CAROLINA FAJ    ,1215      ,                ,  101,                    ,                              , 0,2,20190129 20:38:21,    0,         0,         0,10866,   82,  101,2,                ,0010000,2, 1,         0,    0,1000000000000000000000000000000000000000,0000000000000000000000010000000000001000,         0,         0,         0,         0,1, 0, 0, 0,9254830                       ,    0,         0,0,20190129 20:38:21,1252                          , 9999, 9999, 9999,  101,32767,     0,     0
 ED5.2,1378                          ,1024                          ,                    ,1638      ,                ,  101,                    ,                              ,14,0,20190129 20:43:26,    0,         0,         0,65535,65535, 9999,2,                ,0000000,0, 0,         0,    0,0000000000000000000000000000000000000000,0000000000000000000000000000000000000000,         0,         0,         0,         0,1, 0, 0, 0,1378                          ,    0,         0,0,20190129 20:43:26,1024                          ,  101, 9999,  101,  101,    0,     0,     0
 ED5.2,1492                          ,1024                          ,                    ,1638      ,                ,  101,                    ,                              ,14,0,20190129 20:43:26,    0,         0,         0,65535,65535, 9999,2,                ,0000000,0, 0,         0,    0,0000000000000000000000000000000000000000,0000000000000000000000000000000000000000,         0,         0,         0,         0,1, 0, 0, 0,1378                          ,    0,         0,1,20190129 20:43:26,1024                          ,  101, 9999,  101,  101,    0,     0,     0
 ED5.2,3716615                       ,1084                          ,EVELYN LOREN URU    ,1638      ,                ,  101,                    ,                              , 0,2,20190129 20:47:56,    0,         0,         0,10001,   11,  101,2,                ,0010000,2, 1,         0,    0,1000000000000000000000000000000000000000,0000000000000000000000010000000000001000,         0,         0,         0,         0,1, 0, 0, 0,3716615                       ,    0,         0,0,20190129 20:47:56,1084                          , 9999, 9999, 9999,  101,32767,     0,     0
 ED5.2,3138041746                    ,1084                          ,EVELYN LOREN URU    ,1638      ,                ,  101,                    ,                              , 0,2,20190129 20:48:32,    0,         0,         0,10349,   66,  101,2,                ,0010000,2, 1,         0,    0,1000000000000000000000000000000000000000,0000000000000000000000010000000000001000,         0,         0,         0,         0,1, 0, 0, 0,033138041746                  ,    0,         0,0,20190129 20:48:32,1084                          , 9999, 9999, 9999,  101,32767,     0,     0
 ED5.2,1168                          ,1736                          ,                    ,1635      ,                ,  101,                    ,                              ,14,0,20190129 20:48:41,    0,         0,        10,65535,65535, 9999,2,                ,0000000,0, 0,         0,    0,0000000000000000000000000000000000000000,0000000000000000000000000000000000000000,         0,         0,         0,         0,1, 0, 0, 0,1168                          ,    0,        10,0,20190129 20:48:31,1736                          ,  101, 9999,  101,  101,    0,     0,     0
 ED5.2,3138041746                    ,1084                          ,EVELYN LOREN URU    ,1638      ,                ,  101,                    ,                              , 0,2,20190129 20:49:06,    0,         0,         0,10349,   66,  101,2,                ,0010000,2, 1,         0,    0,1000000000000000000000000000000000000000,0000000000000000000000010000000000001000,         0,         0,         0,         0,1, 0, 0, 0,033138041746                  ,    0,         0,0,20190129 20:49:06,1084                          , 9999, 9999, 9999,  101,32767,     0,     0
 ED5.2,663124077256                  ,FS020                         ,ETB                 ,          ,                ,  101,                    ,                              , 4,2,20190129 21:09:02,    0,         0,        18,  120,   20,  101,2,                ,0000000,2, 1,         0,    0,0000000000000000000000000000000000000000,0000000000000000000000010000000000000000,         0,         0,         0,         0,1, 0, 0, 0,A800                          ,   18,         0,0,20190129 21:08:44,                              , 9999, 9999, 9999, 9999,32767,     0,     0
