 ED5.2,7500500                       ,5001                          ,5001                ,          ,                ,  101,                    ,                              , 7,2,20190111 06:11:43,    0,         0,       102,10867,   82,  101,2,                ,0010000,2, 1,         0,    0,1000000000000000000000000000000000000000,0000000000000000000000010000000000001000,         0,         0,         0,         0,1, 0, 0, 0,7500500                       ,    0,         0,0,20190111 06:10:01,                              , 9999, 9999, 9999, 9999,32767,     0,     0
 ED5.2,7500500                       ,5004                          ,5004                ,          ,                ,  101,                    ,                              , 7,2,20190111 06:11:56,    0,         0,       101,10868,   82,  101,2,                ,0010000,2, 1,         0,    0,1000000000000000000000000000000000000000,0000000000000000000000010000000000001000,         0,         0,         0,         0,1, 0, 0, 0,7500500                       ,    0,         0,0,20190111 06:10:15,                              , 9999, 9999, 9999, 9999,32767,     0,     0
 ED5.2,7500500                       ,5005                          ,5005                ,          ,                ,  101,                    ,                              , 7,2,20190111 06:12:23,    0,         0,       102,10869,   82,  101,2,                ,0010000,2, 1,         0,    0,1000000000000000000000000000000000000000,0000000000000000000000010000000000001000,         0,         0,         0,         0,1, 0, 0, 0,7500500                       ,    0,         0,0,20190111 06:10:41,                              , 9999, 9999, 9999, 9999,32767,     0,     0
 ED5.2,7500500                       ,5002                          ,5002                ,          ,                ,  101,                    ,                              , 7,2,20190111 06:12:33,    0,         0,       102,10870,   82,  101,2,                ,0010000,2, 1,         0,    0,1000000000000000000000000000000000000000,0000000000000000000000010000000000001000,         0,         0,         0,         0,1, 0, 0, 0,7500500                       ,    0,         0,0,20190111 06:10:51,                              , 9999, 9999, 9999, 9999,32767,     0,     0
 ED5.2,7500500                       ,5003                          ,5003                ,          ,                ,  101,                    ,                              , 7,2,20190111 06:12:40,    0,         0,       102,10871,   82,  101,2,                ,0010000,2, 1,         0,    0,1000000000000000000000000000000000000000,0000000000000000000000010000000000001000,         0,         0,         0,         0,1, 0, 0, 0,7500500                       ,    0,         0,0,20190111 06:10:58,                              , 9999, 9999, 9999, 9999,32767,     0,     0
 ED5.2,2559494                       ,4026                          ,LUZ MARINA PARRA    ,2952      ,                ,  101,                    ,                              , 0,2,20190111 06:27:05,    0,         0,        25,10445,   15,  101,2,                ,0010000,2, 1,         0,    0,1000000000000000000000000000000000000000,0000000000000000000000010000000000001000,         0,         0,         0,         0,1, 0, 0, 0,2559494                       ,    0,         0,0,20190111 06:26:40,4026                          , 9999, 9999, 9999,  101,32767,     0,     0
 ED5.2,5337578                       ,1340                          ,RECEPCION MORATO    ,1635      ,                ,  101,                    ,                              , 0,2,20190111 06:47:06,    0,         0,        11,10865,   82,  101,2,                ,0010000,2, 1,         0,    0,1000000000000000000000000000000000000000,0000000000000000000000010000000000001000,         0,         0,         0,         0,1, 0, 0, 0,5337578                       ,    0,         0,0,20190111 06:46:55,1340                          , 9999, 9999, 9999,  101,32767,     0,     0
 ED5.2,70                            ,3802                          ,                    ,1675      ,                ,  101,                    ,                              ,14,0,20190111 06:58:59,    0,         0,         0,65535,65535, 9999,2,                ,0000000,0, 0,         0,    0,0000000000000000000000000000000000000000,0000000000000000000000000000000000000000,         0,         0,         0,         0,1, 0, 0, 0,70                            ,    0,         0,0,20190111 06:58:59,3802                          ,  101, 9999,  101,  101,    0,     0,     0
 ED5.2,7777                          ,3802                          ,                    ,1675      ,                ,  101,                    ,                              , 3,0,20190111 06:59:11,    0,         0,         0,65535,65535, 9999,2,                ,0000000,0, 0,         0,    0,0000000000000000000000000000000000000000,0000000000000000000000000000000000000000,         0,         0,         0,         0,1, 0, 0, 0,7777                          ,    0,         0,0,20190111 06:59:11,3802                          ,  101, 9999,  101,  101,    0,     0,     0
 ED5.2,4816                          ,4816                          ,JUAN CAMILO SERN    ,1091      ,                ,  101,                    ,                              , 2,2,20190111 07:08:36,    0,         0,        22,   61,   12,  101,2,                ,0010000,2, 0,         0,    0,0000000000000000000000000000000000000000,0000010000000000000000000000000000000000,         0,         0,         0,         0,1, 0, 0, 0,                              ,    0,         0,0,20190111 07:08:14,                              , 9999, 9999, 9999, 9999,32767,     0,     0
