 ED5.2,4736822                       ,1235                          ,BERNARDO BENITEZ    ,1632      ,                ,  101,                    ,                              , 0,2,20181113 20:08:00,    0,         0,       496, 1952,   11,  101,2,                ,0010000,2, 1,         0,    0,1000000000000000000000000000000000000000,0000000000000000000000010000000000001000,         0,         0,         0,         0,1, 0, 0, 0,4736822                       ,    0,         0,0,20181113 19:59:44,1235                          , 9999, 9999, 9999,  101,32767,     0,     0
 ED5.2,1256                          ,1593                          ,                    ,1952      ,                ,  101,                    ,                              ,14,0,20181113 20:08:14,    0,         0,         0,65535,65535, 9999,2,                ,0000000,0, 0,         0,    0,0000000000000000000000000000000000000000,0000000000000000000000000000000000000000,         0,         0,         0,         0,1, 0, 0, 0,1256                          ,    0,         0,0,20181113 20:08:14,1593                          ,  101, 9999,  101,  101,    0,     0,     0
 ED5.2,1763                          ,1593                          ,                    ,1952      ,                ,  101,                    ,                              ,14,0,20181113 20:08:22,    0,         0,         0,65535,65535, 9999,2,                ,0000000,0, 0,         0,    0,0000000000000000000000000000000000000000,0000000000000000000000000000000000000000,         0,         0,         0,         0,1, 0, 0, 0,1256                          ,    0,         0,1,20181113 20:08:22,1593                          ,  101, 9999,  101,  101,    0,     0,     0
 ED5.2,1356                          ,1737                          ,                    ,1635      ,                ,  101,                    ,                              ,14,0,20181113 20:09:49,    0,         0,         8,65535,65535, 9999,2,                ,0000000,0, 0,         0,    0,0000000000000000000000000000000000000000,0000000000000000000000000000000000000000,         0,         0,         0,         0,1, 0, 0, 0,1356                          ,    0,         8,0,20181113 20:09:41,1737                          ,  101, 9999,  101,  101,    0,     0,     0
 ED5.2,6604874                       ,1273                          ,JONATHAN MAN OLI    ,1952      ,                ,  101,                    ,                              , 0,2,20181113 20:10:03,    0,         0,        47, 1952,   11,  101,2,                ,0010000,2, 1,         0,    0,1000000000000000000000000000000000000000,0000000000000000000000010000000000001000,         0,         0,         0,         0,1, 0, 0, 0,6604874                       ,    0,         0,0,20181113 20:09:16,1273                          , 9999, 9999, 9999,  101,32767,     0,     0
 ED5.2,1307                          ,1736                          ,                    ,1635      ,                ,  101,                    ,                              ,14,0,20181113 20:10:43,    0,         0,         0,65535,65535, 9999,2,                ,0000000,0, 0,         0,    0,0000000000000000000000000000000000000000,0000000000000000000000000000000000000000,         0,         0,         0,         0,1, 0, 0, 0,1307                          ,    0,         0,0,20181113 20:10:43,1736                          ,  101, 9999,  101,  101,    0,     0,     0
 ED5.2,1033                          ,1736                          ,                    ,1635      ,                ,  101,                    ,                              ,14,0,20181113 20:10:58,    0,         0,         8,65535,65535, 9999,2,                ,0000000,0, 0,         0,    0,0000000000000000000000000000000000000000,0000000000000000000000000000000000000000,         0,         0,         0,         0,1, 0, 0, 0,1307                          ,    0,         8,1,20181113 20:10:50,1736                          ,  101, 9999,  101,  101,    0,     0,     0
 ED5.2,1176                          ,1736                          ,                    ,1635      ,                ,  101,                    ,                              ,14,0,20181113 20:11:18,    0,         0,         0,65535,65535, 9999,2,                ,0000000,0, 0,         0,    0,0000000000000000000000000000000000000000,0000000000000000000000000000000000000000,         0,         0,         0,         0,1, 0, 0, 0,1176                          ,    0,         0,0,20181113 20:11:18,1736                          ,  101, 9999,  101,  101,    0,     0,     0
 ED5.2,1240                          ,1736                          ,                    ,1635      ,                ,  101,                    ,                              ,14,0,20181113 20:11:28,    0,         0,         7,65535,65535, 9999,2,                ,0000000,0, 0,         0,    0,0000000000000000000000000000000000000000,0000000000000000000000000000000000000000,         0,         0,         0,         0,1, 0, 0, 0,1176                          ,    0,         7,1,20181113 20:11:21,1736                          ,  101, 9999,  101,  101,    0,     0,     0
 ED5.2,1041                          ,2061                          ,                    ,4632      ,                ,  101,                    ,                              ,14,0,20181113 20:11:30,    0,         0,         0,65535,65535, 9999,2,                ,0000000,0, 0,         0,    0,0000000000000000000000000000000000000000,0000000000000000000000000000000000000000,         0,         0,         0,         0,1, 0, 0, 0,1041                          ,    0,         0,0,20181113 20:11:30,2061                          ,  101, 9999,  101,  101,    0,     0,     0
 ED5.2,1444                          ,2061                          ,                    ,4632      ,                ,  101,                    ,                              ,14,0,20181113 20:11:37,    0,         0,         0,65535,65535, 9999,2,                ,0000000,0, 0,         0,    0,0000000000000000000000000000000000000000,0000000000000000000000000000000000000000,         0,         0,         0,         0,1, 0, 0, 0,1444                          ,    0,         0,0,20181113 20:11:37,2061                          ,  101, 9999,  101,  101,    0,     0,     0
 ED5.2,3025406                       ,3293                          ,ERIKA MARCEL JAR    ,1632      ,                ,  101,                    ,                              , 0,2,20181113 20:12:05,    0,         0,         0, 1952,   11,  101,2,                ,0010000,2, 1,         0,    0,1000000000000000000000000000000000000000,0000000000000000000000010000000000001000,         0,         0,         0,         0,1, 0, 0, 0,3025406                       ,    0,         0,0,20181113 20:12:05,3293                          , 9999, 9999, 9999,  101,32767,     0,     0
 ED5.2,1273                          ,1736                          ,                    ,1635      ,                ,  101,                    ,                              ,14,0,20181113 20:12:19,    0,         0,         5,65535,65535, 9999,2,                ,0000000,0, 0,         0,    0,0000000000000000000000000000000000000000,0000000000000000000000000000000000000000,         0,         0,         0,         0,1, 0, 0, 0,1273                          ,    0,         5,0,20181113 20:12:14,1736                          ,  101, 9999,  101,  101,    0,     0,     0
 ED5.2,1418                          ,1736                          ,                    ,1635      ,                ,  101,                    ,                              ,14,0,20181113 20:12:48,    0,         0,        10,65535,65535, 9999,2,                ,0000000,0, 0,         0,    0,0000000000000000000000000000000000000000,0000000000000000000000000000000000000000,         0,         0,         0,         0,1, 0, 0, 0,1418                          ,    0,        10,0,20181113 20:12:38,1736                          ,  101, 9999,  101,  101,    0,     0,     0
 ED5.2,1832                          ,1671                          ,                    ,1633      ,                ,  101,                    ,                              ,14,0,20181113 20:12:54,    0,         0,        25,65535,65535, 9999,2,                ,0000000,0, 0,         0,    0,0000000000000000000000000000000000000000,0000000000000000000000000000000000000000,         0,         0,         0,         0,1, 0, 0, 0,1832                          ,    0,        25,0,20181113 20:12:29,1671                          ,  101, 9999,  101,  101,    0,     0,     0
 ED5.2,1384                          ,1736                          ,                    ,1635      ,                ,  101,                    ,                              ,14,0,20181113 20:13:25,    0,         0,         7,65535,65535, 9999,2,                ,0000000,0, 0,         0,    0,0000000000000000000000000000000000000000,0000000000000000000000000000000000000000,         0,         0,         0,         0,1, 0, 0, 0,1384                          ,    0,         7,0,20181113 20:13:18,1736                          ,  101, 9999,  101,  101,    0,     0,     0
 ED5.2,3393000                       ,FS014                         ,                    ,          ,                ,  101,                    ,                              , 7,2,20181113 20:16:43,    0,         0,     43207, 2831,   82,  101,2,                ,0010000,2, 1,         0,    0,1000000000000000000000000000000000000000,0000000000000000000000010000000000001000,         0,         0,         0,         0,1, 0, 0, 0,3393000                       ,    0,         0,0,20181113 08:16:36,                              , 9999, 9999, 9999, 9999,32767,     0,     0
 ED5.2,1548                          ,1622                          ,                    ,1422      ,                ,  101,                    ,                              ,14,0,20181113 20:17:19,    0,         0,         0,65535,65535, 9999,2,                ,0000000,0, 0,         0,    0,0000000000000000000000000000000000000000,0000000000000000000000000000000000000000,         0,         0,         0,         0,1, 0, 0, 0,1548                          ,    0,         0,0,20181113 20:17:19,1622                          ,  101, 9999,  101,  101,    0,     0,     0
 ED5.2,3125                          ,1622                          ,                    ,1422      ,                ,  101,                    ,                              ,14,0,20181113 20:17:43,    0,         0,         0,65535,65535, 9999,2,                ,0000000,0, 0,         0,    0,0000000000000000000000000000000000000000,0000000000000000000000000000000000000000,         0,         0,         0,         0,1, 0, 0, 0,3125                          ,    0,         0,0,20181113 20:17:43,1622                          ,  101, 9999,  101,  101,    0,     0,     0
 ED5.2,1039                          ,1622                          ,                    ,1422      ,                ,  101,                    ,                              ,14,0,20181113 20:17:54,    0,         0,         0,65535,65535, 9999,2,                ,0000000,0, 0,         0,    0,0000000000000000000000000000000000000000,0000000000000000000000000000000000000000,         0,         0,         0,         0,1, 0, 0, 0,3125                          ,    0,         0,1,20181113 20:17:54,1622                          ,  101, 9999,  101,  101,    0,     0,     0
 ED5.2,3168437452                    ,1622                          ,LEIDY XIOMAR RAM    ,1422      ,                ,  101,                    ,                              , 0,1,20181113 20:19:11,    0,         0,         5,  378,   21,  101,2,                ,0010000,0, 0,         0,    0,0000000000000000000000000000000000000000,0000000000000000000000010000000000001000,         0,         0,         0,         0,1, 0, 0, 0,033168437452                  ,    0,         0,0,20181113 20:19:06,1622                          , 9999, 9999, 9999,  101,32767,     0,     0
 ED5.2,3168437452                    ,1622                          ,LEIDY XIOMAR RAM    ,1422      ,                ,  101,                    ,                              , 0,1,20181113 20:21:56,    0,         0,         5,  377,   21,  101,2,                ,0010000,0, 0,         0,    0,0000000000000000000000000000000000000000,0000000000000000000000010000000000001000,         0,         0,         0,         0,1, 0, 0, 0,033168437452                  ,    0,         0,0,20181113 20:21:51,1622                          , 9999, 9999, 9999,  101,32767,     0,     0
 ED5.2,8920624                       ,2063                          ,LINA MARCELA MUN    ,4632      ,                ,  101,                    ,                              , 0,2,20181113 20:22:41,    0,         0,       253,  310,   65,  101,2,                ,0010000,2, 1,         0,    0,1000000000000000000000000000000000000000,0000000000000000000000010000000000001000,         0,         0,         0,         0,1, 0, 0, 0,8920624                       ,    0,         0,0,20181113 20:18:28,2063                          , 9999, 9999, 9999,  101,32767,     0,     0
 ED5.2,9064305                       ,1447                          ,RUBY ELSA ALFONS    ,1632      ,                ,  101,                    ,                              , 0,2,20181113 20:22:44,    0,         0,        76, 1952,   11,  101,2,                ,0010000,2, 1,         0,    0,1000000000000000000000000000000000000000,0000000000000000000000010000000000001000,         0,         0,         0,         0,1, 0, 0, 0,9064305                       ,    0,         0,0,20181113 20:21:28,1447                          , 9999, 9999, 9999,  101,32767,     0,     0
 ED5.2,7433999                       ,1550                          ,FERNANDO ESPITIA    ,1112      ,                ,  101,                    ,                              , 0,2,20181113 20:24:11,    0,         0,      1414, 1951,   11,  101,2,                ,0010000,2, 1,         0,    0,1000000000000000000000000000000000000000,0000000000000000000000010000000000001000,         0,         0,         0,         0,1, 0, 0, 0,7433999                       ,    0,         0,0,20181113 20:00:37,1550                          , 9999, 9999, 9999,  101,32767,     0,     0
 ED5.2,88                            ,1243                          ,                    ,1356      ,                ,  101,                    ,                              ,14,0,20181113 20:24:27,    0,         0,         1,65535,65535, 9999,2,                ,0000000,0, 0,         0,    0,0000000000000000000000000000000000000000,0000000000000000000000000000000000000000,         0,         0,         0,         0,1, 0, 0, 0,88                            ,    0,         1,0,20181113 20:24:26,1243                          ,  101, 9999,  101,  101,    0,     0,     0
 ED5.2,2092                          ,2063                          ,                    ,4632      ,                ,  101,                    ,                              ,14,0,20181113 20:24:39,    0,         0,        13,65535,65535, 9999,2,                ,0000000,0, 0,         0,    0,0000000000000000000000000000000000000000,0000000000000000000000000000000000000000,         0,         0,         0,         0,1, 0, 0, 0,2092                          ,    0,        13,0,20181113 20:24:26,2063                          ,  101, 9999,  101,  101,    0,     0,     0
 ED5.2,88                            ,1243                          ,                    ,1356      ,                ,  101,                    ,                              ,14,0,20181113 20:24:40,    0,         0,        12,65535,65535, 9999,2,                ,0000000,0, 0,         0,    0,0000000000000000000000000000000000000000,0000000000000000000000000000000000000000,         0,         0,         0,         0,1, 0, 0, 0,88                            ,    0,        12,0,20181113 20:24:28,1243                          ,  101, 9999,  101,  101,    0,     0,     0
 ED5.2,1430                          ,1243                          ,                    ,1356      ,                ,  101,                    ,                              ,14,0,20181113 20:24:43,    0,         0,         0,65535,65535, 9999,2,                ,0000000,0, 0,         0,    0,0000000000000000000000000000000000000000,0000000000000000000000000000000000000000,         0,         0,         0,         0,1, 0, 0, 0,1192                          ,    0,         0,1,20181113 20:24:43,1243                          ,  101, 9999,  101,  101,    0,     0,     0
 ED5.2,1430                          ,1243                          ,                    ,1356      ,                ,  101,                    ,                              ,14,0,20181113 20:24:58,    0,         0,         0,65535,65535, 9999,2,                ,0000000,0, 0,         0,    0,0000000000000000000000000000000000000000,0000000000000000000000000000000000000000,         0,         0,         0,         0,1, 0, 0, 0,1192                          ,    0,         0,1,20181113 20:24:58,1243                          ,  101, 9999,  101,  101,    0,     0,     0
 ED5.2,3228                          ,1735                          ,                    ,1945      ,                ,  101,                    ,                              ,14,0,20181113 20:26:21,    0,         0,        25,65535,65535, 9999,2,                ,0000000,0, 0,         0,    0,0000000000000000000000000000000000000000,0000000000000000000000000000000000000000,         0,         0,         0,         0,1, 0, 0, 0,3228                          ,    0,        25,0,20181113 20:25:56,1735                          ,  101, 9999,  101,  101,    0,     0,     0
 ED5.2,7420719                       ,FS020                         ,ETB                 ,          ,                ,  101,                    ,                              , 4,2,20181113 20:26:49,    0,         0,         3,  120,   20,  101,2,                ,0000000,3, 0,         0,    0,0000000000000000000000000000000000000000,0000000000000000000000010000000000000000,         0,         0,         0,         0,1, 0, 0, 0,A800                          ,    4,         0,0,20181113 20:26:46,                              , 9999, 9999, 9999, 9999,32767,     0,     0
 ED5.2,3293                          ,1671                          ,                    ,1633      ,                ,  101,                    ,                              ,14,0,20181113 20:28:23,    0,         0,         9,65535,65535, 9999,2,                ,0000000,0, 0,         0,    0,0000000000000000000000000000000000000000,0000000000000000000000000000000000000000,         0,         0,         0,         0,1, 0, 0, 0,3293                          ,    0,         9,0,20181113 20:28:14,1671                          ,  101, 9999,  101,  101,    0,     0,     0
 ED5.2,663126090712                  ,2014                          ,RECEPCION 2 CALI    ,4635      ,                ,  101,                    ,                              , 4,2,20181113 20:28:50,    0,         0,        33,  312,   65,  101,2,                ,0000000,3, 0,         0,    0,0000000000000000000000000000000000000000,0000000000000000000000010000000000000000,         0,         0,         0,         0,1, 0, 0, 0,A600                          ,   33,         0,1,20181113 20:28:17,                              , 9999, 9999, 9999, 9999,32767,     0,     0
 ED5.2,6059898                       ,FS020                         ,ETB                 ,          ,                ,  101,                    ,                              , 4,2,20181113 20:31:24,    0,         0,         4,  120,   20,  101,2,                ,0000000,2, 0,         0,    0,0000000000000000000000000000000000000000,0000000000000000000000010000000000000000,         0,         0,         0,         0,1, 0, 0, 0,A800                          ,    5,         0,0,20181113 20:31:20,                              , 9999, 9999, 9999, 9999,32767,     0,     0
 ED5.2,3279735                       ,2061                          ,PAOLA ANDREA GAR    ,4632      ,                ,  101,                    ,                              , 0,2,20181113 20:32:07,    0,         0,       316,  311,   65,  101,2,                ,0010000,2, 1,         0,    0,1000000000000000000000000000000000000000,0000000000000000000000010000000000001000,         0,         0,         0,         0,1, 0, 0, 0,3279735                       ,    0,         0,0,20181113 20:26:51,2061                          , 9999, 9999, 9999,  101,32767,     0,     0
 ED5.2,3279735                       ,2061                          ,PAOLA ANDREA GAR    ,4632      ,                ,  101,                    ,                              , 0,2,20181113 20:32:54,    0,         0,        10,  313,   65,  101,2,                ,0010000,2, 1,         0,    0,1000000000000000000000000000000000000000,0000000000000000000000010000000000001000,         0,         0,         0,         0,1, 0, 0, 0,3279735                       ,    0,         0,0,20181113 20:32:44,2061                          , 9999, 9999, 9999,  101,32767,     0,     0
 ED5.2,6459213                       ,1223                          ,CATHERINE RANGEL    ,1632      ,                ,  101,                    ,                              , 0,2,20181113 20:36:19,    0,         0,       155, 1951,   11,  101,2,                ,0010000,2, 1,         0,    0,1000000000000000000000000000000000000000,0000000000000000000000010000000000001000,         0,         0,         0,         0,1, 0, 0, 0,6459213                       ,    0,         0,0,20181113 20:33:44,1223                          , 9999, 9999, 9999,  101,32767,     0,     0
 ED5.2,2092                          ,2061                          ,                    ,4632      ,                ,  101,                    ,                              ,14,0,20181113 20:36:41,    0,         0,        38,65535,65535, 9999,2,                ,0000000,0, 0,         0,    0,0000000000000000000000000000000000000000,0000000000000000000000000000000000000000,         0,         0,         0,         0,1, 0, 0, 0,2092                          ,    0,        38,0,20181113 20:36:03,2061                          ,  101, 9999,  101,  101,    0,     0,     0
 ED5.2,7055623                       ,FS014                         ,                    ,          ,                ,  101,                    ,                              , 7,2,20181113 20:36:53,    0,         0,     43213, 2866,   82,  101,2,                ,0010000,2, 1,         0,    0,1000000000000000000000000000000000000000,0000000000000000000000010000000000001000,         0,         0,         0,         0,1, 0, 0, 0,7055623                       ,    0,         0,0,20181113 08:36:40,                              , 9999, 9999, 9999, 9999,32767,     0,     0
 ED5.2,7766099                       ,1827                          ,LEYDI ISABEL MOL    ,1638      ,                ,  101,                    ,                              , 0,2,20181113 20:36:57,    0,         0,       808, 1952,   11,  101,2,                ,0010000,2, 1,         0,    0,1000000000000000000000000000000000000000,0000000000000000000000010000000000001000,         0,         0,         0,         0,1, 0, 0, 0,7766099                       ,    0,         0,0,20181113 20:23:29,1827                          , 9999, 9999, 9999,  101,32767,     0,     0
 ED5.2,6604869                       ,1357                          ,JUAN SEBASTI ARA    ,1632      ,                ,  101,                    ,                              , 0,2,20181113 20:40:22,    0,         0,        27, 1951,   11,  101,2,                ,0010000,2, 1,         0,    0,1000000000000000000000000000000000000000,0000000000000000000000010000000000001000,         0,         0,         0,         0,1, 0, 0, 0,6604869                       ,    0,         0,0,20181113 20:39:55,1357                          , 9999, 9999, 9999,  101,32767,     0,     0
 ED5.2,1032                          ,1869                          ,                    ,1949      ,                ,  101,                    ,                              ,14,0,20181113 20:41:11,    0,         0,        88,65535,65535, 9999,2,                ,0000000,0, 0,         0,    0,0000000000000000000000000000000000000000,0000000000000000000000000000000000000000,         0,         0,         0,         0,1, 0, 0, 0,1032                          ,    0,        88,0,20181113 20:39:43,1869                          ,  101, 9999,  101,  101,    0,     0,     0
 ED5.2,1347                          ,1736                          ,                    ,1635      ,                ,  101,                    ,                              ,14,0,20181113 20:41:42,    0,         0,         0,65535,65535, 9999,2,                ,0000000,0, 0,         0,    0,0000000000000000000000000000000000000000,0000000000000000000000000000000000000000,         0,         0,         0,         0,1, 0, 0, 0,1347                          ,    0,         0,0,20181113 20:41:42,1736                          ,  101, 9999,  101,  101,    0,     0,     0
 ED5.2,1357                          ,1736                          ,                    ,1635      ,                ,  101,                    ,                              ,14,0,20181113 20:41:52,    0,         0,         5,65535,65535, 9999,2,                ,0000000,0, 0,         0,    0,0000000000000000000000000000000000000000,0000000000000000000000000000000000000000,         0,         0,         0,         0,1, 0, 0, 0,1357                          ,    0,         5,0,20181113 20:41:47,1736                          ,  101, 9999,  101,  101,    0,     0,     0
 ED5.2,1150                          ,1736                          ,                    ,1635      ,                ,  101,                    ,                              ,14,0,20181113 20:42:12,    0,         0,         6,65535,65535, 9999,2,                ,0000000,0, 0,         0,    0,0000000000000000000000000000000000000000,0000000000000000000000000000000000000000,         0,         0,         0,         0,1, 0, 0, 0,1150                          ,    0,         6,0,20181113 20:42:06,1736                          ,  101, 9999,  101,  101,    0,     0,     0
 ED5.2,1032                          ,1736                          ,                    ,1635      ,                ,  101,                    ,                              ,14,0,20181113 20:42:26,    0,         0,         6,65535,65535, 9999,2,                ,0000000,0, 0,         0,    0,0000000000000000000000000000000000000000,0000000000000000000000000000000000000000,         0,         0,         0,         0,1, 0, 0, 0,1032                          ,    0,         6,0,20181113 20:42:20,1736                          ,  101, 9999,  101,  101,    0,     0,     0
 ED5.2,2061                          ,2067                          ,                    ,4632      ,                ,  101,                    ,                              ,14,0,20181113 20:43:48,    0,         0,         0,65535,65535, 9999,2,                ,0000000,0, 0,         0,    0,0000000000000000000000000000000000000000,0000000000000000000000000000000000000000,         0,         0,         0,         0,1, 0, 0, 0,2061                          ,    0,         0,0,20181113 20:43:48,2067                          ,  101, 9999,  101,  101,    0,     0,     0
 ED5.2,663165229160                  ,FS082                         ,SIPsalida           ,          ,                ,  101,                    ,                              , 4,2,20181113 20:43:58,    0,         0,         3, 2816,   82,  101,2,                ,0000000,2, 0,         0,    0,0000000000000000000000000000000000000000,0000000000000000000000010000000000000000,         0,         0,         0,         0,1, 0, 0, 0,A500                          ,    4,         0,0,20181113 20:43:55,                              , 9999, 9999, 9999, 9999,32767,     0,     0
 ED5.2,2063                          ,2067                          ,                    ,4632      ,                ,  101,                    ,                              ,14,0,20181113 20:44:24,    0,         0,        31,65535,65535, 9999,2,                ,0000000,0, 0,         0,    0,0000000000000000000000000000000000000000,0000000000000000000000000000000000000000,         0,         0,         0,         0,1, 0, 0, 0,2063                          ,    0,        31,0,20181113 20:43:53,2067                          ,  101, 9999,  101,  101,    0,     0,     0
 ED5.2,2092                          ,2061                          ,                    ,4632      ,                ,  101,                    ,                              ,14,0,20181113 20:46:55,    0,         0,        36,65535,65535, 9999,2,                ,0000000,0, 0,         0,    0,0000000000000000000000000000000000000000,0000000000000000000000000000000000000000,         0,         0,         0,         0,1, 0, 0, 0,2092                          ,    0,        36,0,20181113 20:46:19,2061                          ,  101, 9999,  101,  101,    0,     0,     0
 ED5.2,1823                          ,1736                          ,                    ,1635      ,                ,  101,                    ,                              ,14,0,20181113 20:47:59,    0,         0,         0,65535,65535, 9999,2,                ,0000000,0, 0,         0,    0,0000000000000000000000000000000000000000,0000000000000000000000000000000000000000,         0,         0,         0,         0,1, 0, 0, 0,1823                          ,    0,         0,0,20181113 20:47:59,1736                          ,  101, 9999,  101,  101,    0,     0,     0
 ED5.2,1323                          ,1736                          ,                    ,1635      ,                ,  101,                    ,                              ,14,0,20181113 20:49:33,    0,         0,         0,65535,65535, 9999,2,                ,0000000,0, 0,         0,    0,0000000000000000000000000000000000000000,0000000000000000000000000000000000000000,         0,         0,         0,         0,1, 0, 0, 0,1323                          ,    0,         0,0,20181113 20:49:33,1736                          ,  101, 9999,  101,  101,    0,     0,     0
 ED5.2,1470                          ,1736                          ,                    ,1635      ,                ,  101,                    ,                              ,14,0,20181113 20:49:44,    0,         0,         6,65535,65535, 9999,2,                ,0000000,0, 0,         0,    0,0000000000000000000000000000000000000000,0000000000000000000000000000000000000000,         0,         0,         0,         0,1, 0, 0, 0,1470                          ,    0,         6,0,20181113 20:49:38,1736                          ,  101, 9999,  101,  101,    0,     0,     0
 ED5.2,033155785306                  ,3501                          ,RECEPCION AUXILI    ,4675      ,                ,  101,                    ,                              , 4,2,20181113 20:51:17,    0,         0,        53,  314,   65,  101,2,                ,0000000,3, 0,         0,    0,0000000000000000000000000000000000000000,0000000000000000000000010000000000000000,         0,         0,         0,         0,1, 0, 0, 0,A600                          ,   54,         0,1,20181113 20:50:24,                              , 9999, 9999, 9999, 9999,32767,     0,     0
 ED5.2,3508523461                    ,3239                          ,JOSE ANTONIO ECH    ,1979      ,                ,  101,                    ,                              , 0,1,20181113 20:51:48,    0,         0,        27,  378,   21,  101,2,                ,0010000,0, 0,         0,    0,0000000000000000000000000000000000000000,0000000000000000000000010000000000001000,         0,         0,         0,         0,1, 0, 0, 0,033508523461                  ,    0,         0,0,20181113 20:51:21,3239                          , 9999, 9999, 9999,  101,32767,     0,     0
 ED5.2,4742597                       ,4063                          ,FRANCISCO AN GAR    ,2952      ,                ,  101,                    ,                              , 0,2,20181113 20:51:53,    0,         0,         0, 2395,   15,  101,2,                ,0010000,2, 1,         0,    0,1000000000000000000000000000000000000000,0000000000000000000000010000000000001000,         0,         0,         0,         0,1, 0, 0, 0,4742597                       ,    0,         0,0,20181113 20:51:53,4063                          , 9999, 9999, 9999,  101,32767,     0,     0
 ED5.2,3428257                       ,2075                          ,PATRICIA PIEDRAH    ,4952      ,                ,  101,                    ,                              , 0,2,20181113 20:56:04,    0,         0,        48,  315,   65,  101,2,                ,0010000,2, 1,         0,    0,1000000000000000000000000000000000000000,0000000000000000000000010000000000001000,         0,         0,         0,         0,1, 0, 0, 0,3428257                       ,    0,         0,0,20181113 20:55:16,2075                          , 9999, 9999, 9999,  101,32767,     0,     0
 ED5.2,2092                          ,2061                          ,                    ,4632      ,                ,  101,                    ,                              ,14,0,20181113 20:56:51,    0,         0,        49,65535,65535, 9999,2,                ,0000000,0, 0,         0,    0,0000000000000000000000000000000000000000,0000000000000000000000000000000000000000,         0,         0,         0,         0,1, 0, 0, 0,2092                          ,    0,        49,0,20181113 20:56:02,2061                          ,  101, 9999,  101,  101,    0,     0,     0
 ED5.2,4070                          ,1736                          ,                    ,1635      ,                ,  101,                    ,                              ,14,0,20181113 20:57:22,    0,         0,         0,65535,65535, 9999,2,                ,0000000,0, 0,         0,    0,0000000000000000000000000000000000000000,0000000000000000000000000000000000000000,         0,         0,         0,         0,1, 0, 0, 0,4070                          ,    0,         0,0,20181113 20:57:22,1736                          ,  101, 9999,  101,  101,    0,     0,     0
 ED5.2,88                            ,1736                          ,                    ,1635      ,                ,  101,                    ,                              ,14,0,20181113 20:57:24,    0,         0,         2,65535,65535, 9999,2,                ,0000000,0, 0,         0,    0,0000000000000000000000000000000000000000,0000000000000000000000000000000000000000,         0,         0,         0,         0,1, 0, 0, 0,4070                          ,    0,         2,1,20181113 20:57:22,1736                          ,  101, 9999,  101,  101,    0,     0,     0
 ED5.2,033163048336                  ,3501                          ,RECEPCION AUXILI    ,4675      ,                ,  101,                    ,                              , 4,2,20181113 20:58:22,    0,         0,       127,  316,   65,  101,2,                ,0000000,3, 0,         0,    0,0000000000000000000000000000000000000000,0000000000000000000000010000000000000000,         0,         0,         0,         0,1, 0, 0, 0,A600                          ,  127,         0,1,20181113 20:56:15,                              , 9999, 9999, 9999, 9999,32767,     0,     0
 ED5.2,1470                          ,1736                          ,                    ,1635      ,                ,  101,                    ,                              ,14,0,20181113 21:00:37,    0,         0,        11,65535,65535, 9999,2,                ,0000000,0, 0,         0,    0,0000000000000000000000000000000000000000,0000000000000000000000000000000000000000,         0,         0,         0,         0,1, 0, 0, 0,1470                          ,    0,        11,0,20181113 21:00:26,1736                          ,  101, 9999,  101,  101,    0,     0,     0
