 ED5.2,3174395                       ,4088                          ,DAVID STIVEN GUE    ,2952      ,                ,  101,                    ,                              , 0,2,20190105 13:00:15,    0,         0,         0,10445,   15,  101,2,                ,0010000,2, 1,         0,    0,1000000000000000000000000000000000000000,0000000000000000000000010000000000001000,         0,         0,         0,         0,1, 0, 0, 0,3174395                       ,    0,         0,0,20190105 13:00:15,4088                          , 9999, 9999, 9999,  101,32767,     0,     0
 ED5.2,0943174395                    ,4088                          ,DAVID STIVEN GUE    ,2952      ,                ,  101,                    ,                              , 0,2,20190105 13:00:23,    0,         0,         0,10866,   82,  101,2,                ,0010000,2, 1,         0,    0,1000000000000000000000000000000000000000,0000000000000000000000010000000000001000,         0,         0,         0,         0,1, 0, 0, 0,3174395                       ,    0,         0,0,20190105 13:00:23,4088                          , 9999, 9999, 9999,  101,32767,     0,     0
 ED5.2,3174395                       ,4088                          ,DAVID STIVEN GUE    ,2952      ,                ,  101,                    ,                              , 0,2,20190105 13:00:30,    0,         0,         0,10446,   15,  101,2,                ,0010000,2, 1,         0,    0,1000000000000000000000000000000000000000,0000000000000000000000010000000000001000,         0,         0,         0,         0,1, 0, 0, 0,3174395                       ,    0,         0,0,20190105 13:00:30,4088                          , 9999, 9999, 9999,  101,32767,     0,     0
 ED5.2,3174385859                    ,4088                          ,DAVID STIVEN GUE    ,2952      ,                ,  101,                    ,                              , 0,1,20190105 13:00:54,    0,         0,         4,  377,   21,  101,2,                ,0010000,0, 0,         0,    0,0000000000000000000000000000000000000000,0000000000000000000000010000000000001000,         0,         0,         0,         0,1, 0, 0, 0,033174385859                  ,    0,         0,0,20190105 13:00:50,4088                          , 9999, 9999, 9999,  101,32767,     0,     0
 ED5.2,4263860                       ,4031                          ,CAROLINA RAMIREZ    ,2952      ,                ,  101,                    ,                              , 0,2,20190105 13:00:57,    0,         0,         0,10445,   15,  101,2,                ,0010000,2, 1,         0,    0,1000000000000000000000000000000000000000,0000000000000000000000010000000000001000,         0,         0,         0,         0,1, 0, 0, 0,4263860                       ,    0,         0,0,20190105 13:00:57,4031                          , 9999, 9999, 9999,  101,32767,     0,     0
 ED5.2,                              ,1679                          ,DEICY JOHANA VEL    ,1154      ,                ,  101,                    ,                              , 4,2,20190105 13:01:12,    0,         0,       188,10865,   82,  101,2,                ,0000000,2, 0,         0,    0,0000000000000000000000000000000000000000,0000000000000000000000010000000000000000,         0,         0,         0,         0,1, 0, 0, 0,A500                          ,  189,         0,1,20190105 12:58:04,                              , 9999, 9999, 9999, 9999,32767,     0,     0
 ED5.2,6044538                       ,4088                          ,DAVID STIVEN GUE    ,2952      ,                ,  101,                    ,                              , 0,2,20190105 13:01:38,    0,         0,        15,10445,   15,  101,2,                ,0010000,2, 1,         0,    0,1000000000000000000000000000000000000000,0000000000000000000000010000000000001000,         0,         0,         0,         0,1, 0, 0, 0,6044538                       ,    0,         0,0,20190105 13:01:23,4088                          , 9999, 9999, 9999,  101,32767,     0,     0
 ED5.2,6604876                       ,1817                          ,JULIAN LEONA MAH    ,1633      ,                ,  101,                    ,                              , 0,2,20190105 13:01:52,    0,         0,       151,10002,   11,  101,2,                ,0010000,2, 1,         0,    0,1000000000000000000000000000000000000000,0000000000000000000000010000000000001000,         0,         0,         0,         0,1, 0, 0, 0,6604876                       ,    0,         0,0,20190105 12:59:21,1817                          , 9999, 9999, 9999,  101,32767,     0,     0
 ED5.2,235023124                     ,4026                          ,LUZ MARINA PARRA    ,2952      ,                ,  101,                    ,                              , 0,2,20190105 13:01:56,    0,         0,         0,10349,   66,  101,2,                ,0010000,2, 1,         0,    0,1000000000000000000000000000000000000000,0000000000000000000000010000000000001000,         0,         0,         0,         0,1, 0, 0, 0,03235023124                   ,    0,         0,0,20190105 13:01:56,4026                          , 9999, 9999, 9999,  101,32767,     0,     0
 ED5.2,6044535                       ,4088                          ,DAVID STIVEN GUE    ,2952      ,                ,  101,                    ,                              , 0,2,20190105 13:01:57,    0,         0,         0,10445,   15,  101,2,                ,0010000,2, 1,         0,    0,1000000000000000000000000000000000000000,0000000000000000000000010000000000001000,         0,         0,         0,         0,1, 0, 0, 0,6044535                       ,    0,         0,0,20190105 13:01:57,4088                          , 9999, 9999, 9999,  101,32767,     0,     0
 ED5.2,0946044535                    ,4088                          ,DAVID STIVEN GUE    ,2952      ,                ,  101,                    ,                              , 0,2,20190105 13:01:58,    0,         0,         0,10865,   82,  101,2,                ,0010000,2, 1,         0,    0,1000000000000000000000000000000000000000,0000000000000000000000010000000000001000,         0,         0,         0,         0,1, 0, 0, 0,6044535                       ,    0,         0,0,20190105 13:01:58,4088                          , 9999, 9999, 9999,  101,32767,     0,     0
 ED5.2,6040335                       ,3400                          ,SARA VILLA RA       ,2675      ,                ,  101,                    ,                              , 4,2,20190105 13:02:04,    0,         0,        42,11361,  201,  101,2,                ,0000000,2, 0,         0,    0,0000000000000000000000000000000000000000,0000000000000000000000010000000000000000,         0,         0,         0,         0,1, 0, 0, 0,7764                          ,   42,         0,0,20190105 13:01:22,                              , 9999, 9999, 9999, 9999,32767,     0,     0
 ED5.2,323                           ,4026                          ,LUZ MARINA PARRA    ,2952      ,                ,  101,                    ,                              , 0,2,20190105 13:02:05,    0,         0,         0,10445,   15,  101,2,                ,0010000,2, 1,         0,    0,1000000000000000000000000000000000000000,0000000000000000000000010000000000001000,         0,         0,         0,         0,1, 0, 0, 0,323                           ,    0,         0,0,20190105 13:02:05,4026                          , 9999, 9999, 9999,  101,32767,     0,     0
 ED5.2,323                           ,4026                          ,LUZ MARINA PARRA    ,2952      ,                ,  101,                    ,                              , 0,2,20190105 13:02:24,    0,         0,         0,10445,   15,  101,2,                ,0010000,2, 1,         0,    0,1000000000000000000000000000000000000000,0000000000000000000000010000000000001000,         0,         0,         0,         0,1, 0, 0, 0,323                           ,    0,         0,0,20190105 13:02:24,4026                          , 9999, 9999, 9999,  101,32767,     0,     0
 ED5.2,3235231                       ,4026                          ,LUZ MARINA PARRA    ,2952      ,                ,  101,                    ,                              , 0,2,20190105 13:03:00,    0,         0,         0,10445,   15,  101,2,                ,0010000,2, 1,         0,    0,1000000000000000000000000000000000000000,0000000000000000000000010000000000001000,         0,         0,         0,         0,1, 0, 0, 0,3235231                       ,    0,         0,0,20190105 13:03:00,4026                          , 9999, 9999, 9999,  101,32767,     0,     0
 ED5.2,323523124                     ,4026                          ,LUZ MARINA PARRA    ,2952      ,                ,  101,                    ,                              , 0,2,20190105 13:03:17,    0,         0,         0,10350,   66,  101,2,                ,0010000,2, 1,         0,    0,1000000000000000000000000000000000000000,0000000000000000000000010000000000001000,         0,         0,         0,         0,1, 0, 0, 0,03323523124                   ,    0,         0,0,20190105 13:03:17,4026                          , 9999, 9999, 9999,  101,32767,     0,     0
 ED5.2,323523124                     ,4026                          ,LUZ MARINA PARRA    ,2952      ,                ,  101,                    ,                              , 0,1,20190105 13:03:32,    0,         0,         4,  378,   21,  101,2,                ,0010000,0, 0,         0,    0,0000000000000000000000000000000000000000,0000000000000000000000010000000000001000,         0,         0,         0,         0,1, 0, 0, 0,03323523124                   ,    0,         0,0,20190105 13:03:28,4026                          , 9999, 9999, 9999,  101,32767,     0,     0
 ED5.2,2061                          ,1559                          ,                    ,1632      ,                ,  101,                    ,                              ,14,0,20190105 13:04:04,    0,         0,         0,65535,65535, 9999,2,                ,0000000,0, 0,         0,    0,0000000000000000000000000000000000000000,0000000000000000000000000000000000000000,         0,         0,         0,         0,1, 0, 0, 0,2061                          ,    0,         0,0,20190105 13:04:04,1559                          ,  101, 9999,  101,  101,    0,     0,     0
 ED5.2,88                            ,1559                          ,                    ,1632      ,                ,  101,                    ,                              ,14,0,20190105 13:04:07,    0,         0,         3,65535,65535, 9999,2,                ,0000000,0, 0,         0,    0,0000000000000000000000000000000000000000,0000000000000000000000000000000000000000,         0,         0,         0,         0,1, 0, 0, 0,2061                          ,    0,         3,1,20190105 13:04:04,1559                          ,  101, 9999,  101,  101,    0,     0,     0
 ED5.2,3235023                       ,4026                          ,LUZ MARINA PARRA    ,2952      ,                ,  101,                    ,                              , 0,2,20190105 13:04:09,    0,         0,         0,10445,   15,  101,2,                ,0010000,2, 1,         0,    0,1000000000000000000000000000000000000000,0000000000000000000000010000000000001000,         0,         0,         0,         0,1, 0, 0, 0,3235023                       ,    0,         0,0,20190105 13:04:09,4026                          , 9999, 9999, 9999,  101,32767,     0,     0
 ED5.2,3235023124                    ,4026                          ,LUZ MARINA PARRA    ,2952      ,                ,  101,                    ,                              , 0,2,20190105 13:04:19,    0,         0,         0,10350,   66,  101,2,                ,0010000,2, 1,         0,    0,1000000000000000000000000000000000000000,0000000000000000000000010000000000001000,         0,         0,         0,         0,1, 0, 0, 0,033235023124                  ,    0,         0,0,20190105 13:04:19,4026                          , 9999, 9999, 9999,  101,32767,     0,     0
 ED5.2,1233                          ,1029                          ,                    ,1091      ,                ,  101,                    ,                              ,14,0,20190105 13:04:29,    0,         0,         0,65535,65535, 9999,2,                ,0000000,0, 0,         0,    0,0000000000000000000000000000000000000000,0000000000000000000000000000000000000000,         0,         0,         0,         0,1, 0, 0, 0,1233                          ,    0,         0,0,20190105 13:04:29,1029                          ,  101, 9999,  101,  101,    0,     0,     0
 ED5.2,3174395859                    ,4088                          ,DAVID STIVEN GUE    ,2952      ,                ,  101,                    ,                              , 0,2,20190105 13:04:32,    0,         0,       130,10349,   66,  101,2,                ,0010000,2, 1,         0,    0,1000000000000000000000000000000000000000,0000000000000000000000010000000000001000,         0,         0,         0,         0,1, 0, 0, 0,033174395859                  ,    0,         0,0,20190105 13:02:22,4088                          , 9999, 9999, 9999,  101,32767,     0,     0
 ED5.2,3235023124                    ,4026                          ,LUZ MARINA PARRA    ,2952      ,                ,  101,                    ,                              , 0,1,20190105 13:05:33,    0,         0,        62,  377,   21,  101,2,                ,0010000,0, 0,         0,    0,0000000000000000000000000000000000000000,0000000000000000000000010000000000001000,         0,         0,         0,         0,1, 0, 0, 0,033235023124                  ,    0,         0,0,20190105 13:04:31,4026                          , 9999, 9999, 9999,  101,32767,     0,     0
 ED5.2,5140                          ,1559                          ,                    ,1632      ,                ,  101,                    ,                              ,14,0,20190105 13:07:30,    0,         0,       117,65535,65535, 9999,2,                ,0000000,0, 0,         0,    0,0000000000000000000000000000000000000000,0000000000000000000000000000000000000000,         0,         0,         0,         0,1, 0, 0, 0,5140                          ,    0,       117,0,20190105 13:05:33,1559                          ,  101, 9999,  101,  101,    0,     0,     0
 ED5.2,3443700                       ,1524                          ,JOHAN SEBAST CAR    ,1952      ,                ,  101,                    ,                              , 0,2,20190105 13:07:45,    0,         0,        47,10001,   11,  101,2,                ,0010000,2, 1,         0,    0,1000000000000000000000000000000000000000,0000000000000000000000010000000000001000,         0,         0,         0,         0,1, 0, 0, 0,3443700                       ,    0,         0,0,20190105 13:06:58,1524                          , 9999, 9999, 9999,  101,32767,     0,     0
 ED5.2,3443700                       ,1524                          ,JOHAN SEBAST CAR    ,1952      ,                ,  101,                    ,                              , 0,2,20190105 13:08:06,    0,         0,        16,10001,   11,  101,2,                ,0010000,2, 1,         0,    0,1000000000000000000000000000000000000000,0000000000000000000000010000000000001000,         0,         0,         0,         0,1, 0, 0, 0,3443700                       ,    0,         0,0,20190105 13:07:50,1524                          , 9999, 9999, 9999,  101,32767,     0,     0
 ED5.2,3759500                       ,1524                          ,JOHAN SEBAST CAR    ,1952      ,                ,  101,                    ,                              , 0,2,20190105 13:12:25,    0,         0,       255,10001,   11,  101,2,                ,0010000,2, 1,         0,    0,1000000000000000000000000000000000000000,0000000000000000000000010000000000001000,         0,         0,         0,         0,1, 0, 0, 0,3759500                       ,    0,         0,0,20190105 13:08:10,1524                          , 9999, 9999, 9999,  101,32767,     0,     0
 ED5.2,7322726                       ,3107                          ,MARYURY PIRA        ,1672      ,                ,  101,                    ,                              , 0,2,20190105 13:12:27,    0,         0,        70,10002,   11,  101,2,                ,0010000,2, 1,         0,    0,1000000000000000000000000000000000000000,0000000000000000000000010000000000001000,         0,         0,         0,         0,1, 0, 0, 0,7322726                       ,    0,         0,0,20190105 13:11:17,3107                          , 9999, 9999, 9999,  101,32767,     0,     0
 ED5.2,1559                          ,5140                          ,                    ,3632      ,                ,  101,                    ,                              ,14,0,20190105 13:13:09,    0,         0,       222,65535,65535, 9999,2,                ,0000000,0, 0,         0,    0,0000000000000000000000000000000000000000,0000000000000000000000000000000000000000,         0,         0,         0,         0,1, 0, 0, 0,1559                          ,    0,       222,0,20190105 13:09:27,5140                          ,  101, 9999,  101,  101,    0,     0,     0
 ED5.2,1559                          ,5140                          ,                    ,3632      ,                ,  101,                    ,                              ,14,0,20190105 13:14:41,    0,         0,        30,65535,65535, 9999,2,                ,0000000,0, 0,         0,    0,0000000000000000000000000000000000000000,0000000000000000000000000000000000000000,         0,         0,         0,         0,1, 0, 0, 0,1559                          ,    0,        30,0,20190105 13:14:11,5140                          ,  101, 9999,  101,  101,    0,     0,     0
 ED5.2,3759500                       ,1524                          ,JOHAN SEBAST CAR    ,1952      ,                ,  101,                    ,                              , 0,2,20190105 13:16:32,    0,         0,       204,10001,   11,  101,2,                ,0010000,2, 1,         0,    0,1000000000000000000000000000000000000000,0000000000000000000000010000000000001000,         0,         0,         0,         0,1, 0, 0, 0,3759500                       ,    0,         0,0,20190105 13:13:08,1524                          , 9999, 9999, 9999,  101,32767,     0,     0
 ED5.2,1444                          ,2067                          ,                    ,4632      ,                ,  101,                    ,                              ,14,0,20190105 13:20:26,    0,         0,       114,65535,65535, 9999,2,                ,0000000,0, 0,         0,    0,0000000000000000000000000000000000000000,0000000000000000000000000000000000000000,         0,         0,         0,         0,1, 0, 0, 0,1444                          ,    0,       114,0,20190105 13:18:32,2067                          ,  101, 9999,  101,  101,    0,     0,     0
 ED5.2,0745407810                    ,4077                          ,ELIANA AGUIRRE      ,2952      ,                ,  101,                    ,                              , 4,2,20190105 13:21:10,    0,         0,        58,10445,   15,  101,2,                ,0000000,2, 0,         0,    0,0000000000000000000000000000000000000000,0000000000000000000000010000000000000000,         0,         0,         0,         0,1, 0, 0, 0,A800                          ,   20,        38,0,20190105 13:20:12,                              , 9999, 9999, 9999, 9999,32767,     0,     0
 ED5.2,1817                          ,1736                          ,                    ,1635      ,                ,  101,                    ,                              ,14,0,20190105 13:21:35,    0,         0,         7,65535,65535, 9999,2,                ,0000000,0, 0,         0,    0,0000000000000000000000000000000000000000,0000000000000000000000000000000000000000,         0,         0,         0,         0,1, 0, 0, 0,1817                          ,    0,         7,0,20190105 13:21:28,1736                          ,  101, 9999,  101,  101,    0,     0,     0
 ED5.2,7455555                       ,1524                          ,JOHAN SEBAST CAR    ,1952      ,                ,  101,                    ,                              , 0,2,20190105 13:22:52,    0,         0,       345,10001,   11,  101,2,                ,0010000,2, 1,         0,    0,1000000000000000000000000000000000000000,0000000000000000000000010000000000001000,         0,         0,         0,         0,1, 0, 0, 0,7455555                       ,    0,         0,0,20190105 13:17:07,1524                          , 9999, 9999, 9999,  101,32767,     0,     0
 ED5.2,2063                          ,2067                          ,                    ,4632      ,                ,  101,                    ,                              ,14,0,20190105 13:24:40,    0,         0,        34,65535,65535, 9999,2,                ,0000000,0, 0,         0,    0,0000000000000000000000000000000000000000,0000000000000000000000000000000000000000,         0,         0,         0,         0,1, 0, 0, 0,2063                          ,    0,        34,0,20190105 13:24:06,2067                          ,  101, 9999,  101,  101,    0,     0,     0
 ED5.2,8885591                       ,3379                          ,KAREN LIZETH POR    ,1466      ,                ,  101,                    ,                              , 4,2,20190105 13:27:00,    0,         0,         8,10865,   82,  101,2,                ,0000000,2, 0,         0,    0,0000000000000000000000000000000000000000,0000000000000000000000010000000000000000,         0,         0,         0,         0,1, 0, 0, 0,7634                          ,    8,         0,1,20190105 13:26:52,                              , 9999, 9999, 9999, 9999,32767,     0,     0
 ED5.2,3221000                       ,1524                          ,JOHAN SEBAST CAR    ,1952      ,                ,  101,                    ,                              , 0,2,20190105 13:27:35,    0,         0,         0,10001,   11,  101,2,                ,0010000,2, 1,         0,    0,1000000000000000000000000000000000000000,0000000000000000000000010000000000001000,         0,         0,         0,         0,1, 0, 0, 0,3221000                       ,    0,         0,0,20190105 13:27:35,1524                          , 9999, 9999, 9999,  101,32767,     0,     0
 ED5.2,3221000                       ,1524                          ,JOHAN SEBAST CAR    ,1952      ,                ,  101,                    ,                              , 0,2,20190105 13:27:40,    0,         0,         0,  120,   20,  101,2,                ,0010000,2, 1,         0,    0,1000000000000000000000000000000000000000,0000000000000000000000010000000000001000,         0,         0,         0,         0,1, 0, 0, 0,3221000                       ,    0,         0,0,20190105 13:27:40,1524                          , 9999, 9999, 9999,  101,32767,     0,     0
 ED5.2,3221000                       ,1524                          ,JOHAN SEBAST CAR    ,1952      ,                ,  101,                    ,                              , 0,2,20190105 13:27:53,    0,         0,         0,  120,   20,  101,2,                ,0010000,2, 1,         0,    0,1000000000000000000000000000000000000000,0000000000000000000000010000000000001000,         0,         0,         0,         0,1, 0, 0, 0,3221000                       ,    0,         0,0,20190105 13:27:53,1524                          , 9999, 9999, 9999,  101,32767,     0,     0
 ED5.2,663044664919                  ,FS020                         ,ETB                 ,          ,                ,  101,                    ,                              , 4,2,20190105 13:29:21,    0,         0,        19,  120,   20,  101,2,                ,0000000,2, 0,         0,    0,0000000000000000000000000000000000000000,0000000000000000000000010000000000000000,         0,         0,         0,         0,1, 0, 0, 0,A800                          ,   19,         0,0,20190105 13:29:02,                              , 9999, 9999, 9999, 9999,32767,     0,     0
 ED5.2,663044664919                  ,FS020                         ,ETB                 ,          ,                ,  101,                    ,                              , 4,2,20190105 13:29:56,    0,         0,        31,  120,   20,  101,2,                ,0000000,2, 0,         0,    0,0000000000000000000000000000000000000000,0000000000000000000000010000000000000000,         0,         0,         0,         0,1, 0, 0, 0,A800                          ,   31,         0,1,20190105 13:29:25,                              , 9999, 9999, 9999, 9999,32767,     0,     0
 ED5.2,663044664919                  ,FS020                         ,ETB                 ,          ,                ,  101,                    ,                              , 4,2,20190105 13:30:20,    0,         0,        16,  120,   20,  101,2,                ,0000000,2, 1,         0,    0,0000000000000000000000000000000000000000,0000000000000000000000010000000000000000,         0,         0,         0,         0,1, 0, 0, 0,A800                          ,   17,         0,1,20190105 13:30:04,                              , 9999, 9999, 9999, 9999,32767,     0,     0
 ED5.2,7742326                       ,3379                          ,KAREN LIZETH POR    ,1466      ,                ,  101,                    ,                              , 4,2,20190105 13:35:20,    0,         0,       307,10865,   82,  101,2,                ,0000000,2, 0,         0,    0,0000000000000000000000000000000000000000,0000000000000000000000010000000000000000,         0,         0,         0,         0,1, 0, 0, 0,7634                          ,  308,         0,1,20190105 13:30:13,                              , 9999, 9999, 9999, 9999,32767,     0,     0
 ED5.2,3235023124                    ,4026                          ,LUZ MARINA PARRA    ,2952      ,                ,  101,                    ,                              , 0,2,20190105 13:35:20,    0,         0,       103,10349,   66,  101,2,                ,0010000,2, 1,         0,    0,1000000000000000000000000000000000000000,0000000000000000000000010000000000001000,         0,         0,         0,         0,1, 0, 0, 0,033235023124                  ,    0,         0,0,20190105 13:33:37,4026                          , 9999, 9999, 9999,  101,32767,     0,     0
 ED5.2,663115539728                  ,FS020                         ,ETB                 ,          ,                ,  101,                    ,                              , 4,2,20190105 13:37:48,    0,         0,        55,  120,   20,  101,2,                ,0000000,2, 1,         0,    0,0000000000000000000000000000000000000000,0000000000000000000000010000000000000000,         0,         0,         0,         0,1, 0, 0, 0,A800                          ,   55,         0,1,20190105 13:36:53,                              , 9999, 9999, 9999, 9999,32767,     0,     0
 ED5.2,53458489                      ,FS082                         ,SIPsalida           ,          ,                ,  101,                    ,                              , 4,2,20190105 13:38:00,    0,         0,         0,10865,   82,  101,2,                ,0000000,2, 0,         0,    0,0000000000000000000000000000000000000000,0000000000000000000000010000000000000000,         0,         0,         0,         0,1, 0, 0, 0,A900                          ,    0,         0,0,20190105 13:38:00,                              , 9999, 9999, 9999, 9999,32767,     0,     0
 ED5.2,4023                          ,4055                          ,                    ,2635      ,                ,  101,                    ,                              ,14,0,20190105 13:40:48,    0,         0,         0,65535,65535, 9999,2,                ,0000000,0, 0,         0,    0,0000000000000000000000000000000000000000,0000000000000000000000000000000000000000,         0,         0,         0,         0,1, 0, 0, 0,4023                          ,    0,         0,0,20190105 13:40:48,4055                          ,  101, 9999,  101,  101,    0,     0,     0
 ED5.2,4028                          ,4055                          ,                    ,2635      ,                ,  101,                    ,                              ,14,0,20190105 13:40:53,    0,         0,         0,65535,65535, 9999,2,                ,0000000,0, 0,         0,    0,0000000000000000000000000000000000000000,0000000000000000000000000000000000000000,         0,         0,         0,         0,1, 0, 0, 0,4023                          ,    0,         0,1,20190105 13:40:53,4055                          ,  101, 9999,  101,  101,    0,     0,     0
 ED5.2,4025                          ,4055                          ,                    ,2635      ,                ,  101,                    ,                              ,14,0,20190105 13:41:48,    0,         0,         0,65535,65535, 9999,2,                ,0000000,0, 0,         0,    0,0000000000000000000000000000000000000000,0000000000000000000000000000000000000000,         0,         0,         0,         0,1, 0, 0, 0,4025                          ,    0,         0,0,20190105 13:41:48,4055                          ,  101, 9999,  101,  101,    0,     0,     0
 ED5.2,4077                          ,4055                          ,                    ,2635      ,                ,  101,                    ,                              ,14,0,20190105 13:42:03,    0,         0,         0,65535,65535, 9999,2,                ,0000000,0, 0,         0,    0,0000000000000000000000000000000000000000,0000000000000000000000000000000000000000,         0,         0,         0,         0,1, 0, 0, 0,4077                          ,    0,         0,0,20190105 13:42:03,4055                          ,  101, 9999,  101,  101,    0,     0,     0
 ED5.2,4622255                       ,1492                          ,JULIAN DAVID GOM    ,1952      ,                ,  101,                    ,                              , 4,2,20190105 13:47:18,    0,         0,        55,  120,   20,  101,2,                ,0000000,3, 0,         0,    0,0000000000000000000000000000000000000000,0000000000000000000000010000000000000000,         0,         0,         0,         0,1, 0, 0, 0,A800                          ,   56,         0,1,20190105 13:46:23,                              , 9999, 9999, 9999, 9999,32767,     0,     0
 ED5.2,1036                          ,3135                          ,                    ,1672      ,                ,  101,                    ,                              ,14,0,20190105 13:49:44,    0,         0,         0,65535,65535, 9999,2,                ,0000000,0, 0,         0,    0,0000000000000000000000000000000000000000,0000000000000000000000000000000000000000,         0,         0,         0,         0,1, 0, 0, 0,1036                          ,    0,         0,0,20190105 13:49:44,3135                          ,  101, 9999,  101,  101,    0,     0,     0
 ED5.2,4009                          ,4025                          ,                    ,2952      ,                ,  101,                    ,                              ,14,0,20190105 13:50:20,    0,         0,        15,65535,65535, 9999,2,                ,0000000,0, 0,         0,    0,0000000000000000000000000000000000000000,0000000000000000000000000000000000000000,         0,         0,         0,         0,1, 0, 0, 0,4009                          ,    0,        15,0,20190105 13:50:05,4025                          ,  101, 9999,  101,  101,    0,     0,     0
 ED5.2,3293                          ,1736                          ,                    ,1635      ,                ,  101,                    ,                              ,14,0,20190105 13:50:43,    0,         0,         0,65535,65535, 9999,2,                ,0000000,0, 0,         0,    0,0000000000000000000000000000000000000000,0000000000000000000000000000000000000000,         0,         0,         0,         0,1, 0, 0, 0,3293                          ,    0,         0,0,20190105 13:50:43,1736                          ,  101, 9999,  101,  101,    0,     0,     0
 ED5.2,1036                          ,1736                          ,                    ,1635      ,                ,  101,                    ,                              ,14,0,20190105 13:50:59,    0,         0,         0,65535,65535, 9999,2,                ,0000000,0, 0,         0,    0,0000000000000000000000000000000000000000,0000000000000000000000000000000000000000,         0,         0,         0,         0,1, 0, 0, 0,3293                          ,    0,         0,1,20190105 13:50:59,1736                          ,  101, 9999,  101,  101,    0,     0,     0
 ED5.2,3293                          ,1736                          ,                    ,1635      ,                ,  101,                    ,                              ,14,0,20190105 13:51:18,    0,         0,         8,65535,65535, 9999,2,                ,0000000,0, 0,         0,    0,0000000000000000000000000000000000000000,0000000000000000000000000000000000000000,         0,         0,         0,         0,1, 0, 0, 0,3293                          ,    0,         8,1,20190105 13:51:10,1736                          ,  101, 9999,  101,  101,    0,     0,     0
 ED5.2,1532                          ,1736                          ,                    ,1635      ,                ,  101,                    ,                              ,14,0,20190105 13:51:44,    0,         0,         7,65535,65535, 9999,2,                ,0000000,0, 0,         0,    0,0000000000000000000000000000000000000000,0000000000000000000000000000000000000000,         0,         0,         0,         0,1, 0, 0, 0,1532                          ,    0,         7,0,20190105 13:51:37,1736                          ,  101, 9999,  101,  101,    0,     0,     0
 ED5.2,663152640855                  ,1206                          ,LINA PAOLA MONTE    ,1949      ,                ,  101,                    ,                              , 4,2,20190105 13:53:46,    0,         0,        59,  120,   20,  101,2,                ,0000000,2, 1,         0,    0,0000000000000000000000000000000000000000,0000000000000000000000010000000000000000,         0,         0,         0,         0,1, 0, 0, 0,A800                          ,   60,         0,1,20190105 13:52:47,                              , 9999, 9999, 9999, 9999,32767,     0,     0
 ED5.2,------------------------------,******************************,                    ,**********,                ,  101,                    ,******************************, 4,2,20190105 13:54:41,    0,         0,        41,  120,   20,  101,2,                ,0000000,2, 1,         0,    0,0000000000000000000000000000000000000000,0000000000000000000000010000000000000000,         0,         0,         0,         0,1, 0, 0, 0,------------------------------,   40,         2,1,20190105 13:54:00,******************************, 9999, 9999, 9999, 9999,32767,     0,     0
 ED5.2,663175382685                  ,FS065                         ,Fidu-Cali           ,          ,                ,  101,                    ,                              , 4,2,20190105 13:55:06,    0,         0,        23,  314,   65,  101,2,                ,0000000,3, 0,         0,    0,0000000000000000000000000000000000000000,0000000000000000000000010000000000000000,         0,         0,         0,         0,1, 0, 0, 0,A600                          ,   23,         0,0,20190105 13:54:43,                              , 9999, 9999, 9999, 9999,32767,     0,     0
 ED5.2,------------------------------,******************************,                    ,**********,                ,  101,                    ,******************************, 4,2,20190105 13:55:31,    0,         0,        39,  120,   20,  101,2,                ,0000000,2, 1,         0,    0,0000000000000000000000000000000000000000,0000000000000000000000010000000000000000,         0,         0,         0,         0,1, 0, 0, 0,------------------------------,   36,         3,1,20190105 13:54:52,******************************, 9999, 9999, 9999, 9999,32767,     0,     0
 ED5.2,663152640855                  ,1681                          ,MONICA ESPITIA      ,1425      ,                ,  101,                    ,                              , 4,2,20190105 13:58:08,    0,         0,        89,  120,   20,  101,2,                ,0000000,2, 1,         0,    0,0000000000000000000000000000000000000000,0000000000000000000000010000000000000000,         0,         0,         0,         0,1, 0, 0, 0,A800                          ,   89,         0,0,20190105 13:56:39,                              , 9999, 9999, 9999, 9999,32767,     0,     0
 ED5.2,4622255                       ,1378                          ,SINDY SUGEY MORE    ,1952      ,                ,  101,                    ,                              , 4,2,20190105 13:58:20,    0,         0,        50,  121,   20,  101,2,                ,0000000,3, 0,         0,    0,0000000000000000000000000000000000000000,0000000000000000000000010000000000000000,         0,         0,         0,         0,1, 0, 0, 0,A800                          ,   51,         0,1,20190105 13:57:30,                              , 9999, 9999, 9999, 9999,32767,     0,     0
 ED5.2,4000219                       ,2020                          ,ESTEFANI XIO MON    ,4635      ,                ,  101,                    ,                              , 4,2,20190105 13:58:24,    0,         0,        87,  315,   65,  101,2,                ,0000000,3, 0,         0,    0,0000000000000000000000000000000000000000,0000000000000000000000010000000000000000,         0,         0,         0,         0,1, 0, 0, 0,A600                          ,   88,         0,0,20190105 13:56:57,                              , 9999, 9999, 9999, 9999,32767,     0,     0
 ED5.2,0724000219                    ,FS065                         ,Fidu-Cali           ,          ,                ,  101,                    ,                              , 4,2,20190105 13:59:03,    0,         0,        30,  317,   65,  101,2,                ,0000000,3, 0,         0,    0,0000000000000000000000000000000000000000,0000000000000000000000010000000000000000,         0,         0,         0,         0,1, 0, 0, 0,A600                          ,   31,         0,1,20190105 13:58:33,                              , 9999, 9999, 9999, 9999,32767,     0,     0
 ED5.2,4866000                       ,2061                          ,PAOLA ANDREA GAR    ,4632      ,                ,  101,                    ,                              , 0,2,20190105 13:59:20,    0,         0,        62,  316,   65,  101,2,                ,0010000,2, 1,         0,    0,1000000000000000000000000000000000000000,0000000000000000000000010000000000001000,         0,         0,         0,         0,1, 0, 0, 0,4866000                       ,    0,         0,0,20190105 13:58:18,2061                          , 9999, 9999, 9999,  101,32767,     0,     0
 ED5.2,------------------------------,******************************,                    ,**********,                ,  101,                    ,******************************, 4,2,20190105 13:59:23,    0,         0,        39,  120,   20,  101,2,                ,0000000,2, 1,         0,    0,0000000000000000000000000000000000000000,0000000000000000000000010000000000000000,         0,         0,         0,         0,1, 0, 0, 0,------------------------------,   36,         3,1,20190105 13:58:44,******************************, 9999, 9999, 9999, 9999,32767,     0,     0
 ED5.2,663152640855                  ,1206                          ,LINA PAOLA MONTE    ,1949      ,                ,  101,                    ,                              , 4,2,20190105 14:00:43,    0,         0,        66,  120,   20,  101,2,                ,0000000,2, 1,         0,    0,0000000000000000000000000000000000000000,0000000000000000000000010000000000000000,         0,         0,         0,         0,1, 0, 0, 0,A800                          ,   66,         0,1,20190105 13:59:37,                              , 9999, 9999, 9999, 9999,32767,     0,     0
