 ED5.2,1559                          ,1123                          ,                    ,1952      ,                ,  101,                    ,                              ,14,0,20190123 21:03:30,    0,         0,         0,65535,65535, 9999,2,                ,0000000,0, 0,         0,    0,0000000000000000000000000000000000000000,0000000000000000000000000000000000000000,         0,         0,         0,         0,1, 0, 0, 0,1559                          ,    0,         0,0,20190123 21:03:30,1123                          ,  101, 9999,  101,  101,    0,     0,     0
 ED5.2,1041                          ,1123                          ,                    ,1952      ,                ,  101,                    ,                              ,14,0,20190123 21:03:31,    0,         0,         0,65535,65535, 9999,2,                ,0000000,0, 0,         0,    0,0000000000000000000000000000000000000000,0000000000000000000000000000000000000000,         0,         0,         0,         0,1, 0, 0, 0,1559                          ,    0,         0,1,20190123 21:03:31,1123                          ,  101, 9999,  101,  101,    0,     0,     0
 ED5.2,074899303                     ,4019                          ,NORELY DEL S RIO    ,2952      ,                ,  101,                    ,                              , 4,2,20190123 21:07:35,    0,         0,       183,10446,   15,  101,2,                ,0000000,2, 0,         0,    0,0000000000000000000000000000000000000000,0000000000000000000000010000000000000000,         0,         0,         0,         0,1, 0, 0, 0,A800                          ,   14,       169,0,20190123 21:04:32,                              , 9999, 9999, 9999, 9999,32767,     0,     0
 ED5.2,3631740                       ,5149                          ,DANIELA MARC OCA    ,3952      ,                ,  101,                    ,                              , 0,2,20190123 21:07:51,    0,         0,         0,10865,   82,  101,2,                ,0010000,2, 1,         0,    0,1000000000000000000000000000000000000000,0000000000000000000000010000000000001000,         0,         0,         0,         0,1, 0, 0, 0,3631740                       ,    0,         0,0,20190123 21:07:51,5149                          , 9999, 9999, 9999,  101,32767,     0,     0
 ED5.2,6128508                       ,4069                          ,LINA MARIA ORTIZ    ,2952      ,                ,  101,                    ,                              , 0,2,20190123 21:09:02,    0,         0,       560,10445,   15,  101,2,                ,0010000,2, 1,         0,    0,1000000000000000000000000000000000000000,0000000000000000000000010000000000001000,         0,         0,         0,         0,1, 0, 0, 0,6128508                       ,    0,         0,0,20190123 20:59:42,4069                          , 9999, 9999, 9999,  101,32767,     0,     0
 ED5.2,072972231                     ,4003                          ,JUDY FRANCEL JAR    ,2952      ,                ,  101,                    ,                              , 4,2,20190123 21:11:29,    0,         0,        56,10445,   15,  101,2,                ,0000000,2, 0,         0,    0,0000000000000000000000000000000000000000,0000000000000000000000010000000000000000,         0,         0,         0,         0,1, 0, 0, 0,A800                          ,   56,         0,1,20190123 21:10:33,                              , 9999, 9999, 9999, 9999,32767,     0,     0
 ED5.2,3631740                       ,5149                          ,DANIELA MARC OCA    ,3952      ,                ,  101,                    ,                              , 0,2,20190123 21:14:51,    0,         0,         0,10865,   82,  101,2,                ,0010000,2, 1,         0,    0,1000000000000000000000000000000000000000,0000000000000000000000010000000000001000,         0,         0,         0,         0,1, 0, 0, 0,3631740                       ,    0,         0,0,20190123 21:14:51,5149                          , 9999, 9999, 9999,  101,32767,     0,     0
 ED5.2,1175                          ,1743                          ,                    ,1741      ,                ,  101,                    ,                              ,14,0,20190123 21:20:36,    0,         0,       371,65535,65535, 9999,2,                ,0000000,0, 0,         0,    0,0000000000000000000000000000000000000000,0000000000000000000000000000000000000000,         0,         0,         0,         0,1, 0, 0, 0,1175                          ,    0,       371,0,20190123 21:14:25,1743                          ,  101, 9999,  101,  101,    0,     0,     0
 ED5.2,1743                          ,1175                          ,                    ,1638      ,                ,  101,                    ,                              ,14,0,20190123 21:25:13,    0,         0,        78,65535,65535, 9999,2,                ,0000000,0, 0,         0,    0,0000000000000000000000000000000000000000,0000000000000000000000000000000000000000,         0,         0,         0,         0,1, 0, 0, 0,1743                          ,    0,        78,0,20190123 21:23:55,1175                          ,  101, 9999,  101,  101,    0,     0,     0
 ED5.2,002168021                     ,3239                          ,JOSE ANTONIO ECH    ,1979      ,                ,  101,                    ,                              , 0,1,20190123 21:25:51,    0,         0,         4,  378,   21,  101,2,                ,0010000,0, 0,         0,    0,0000000000000000000000000000000000000000,0000000000000000000000010000000000001000,         0,         0,         0,         0,1, 0, 0, 0,03002168021                   ,    0,         0,0,20190123 21:25:47,3239                          , 9999, 9999, 9999,  101,32767,     0,     0
 ED5.2,9072500                       ,1517                          ,VIVIANA MARC HOR    ,1952      ,                ,  101,                    ,                              , 0,2,20190123 21:41:36,    0,         0,         1,10001,   11,  101,2,                ,0010000,2, 1,         0,    0,1000000000000000000000000000000000000000,0000000000000000000000010000000000001000,         0,         0,         0,         0,1, 0, 0, 0,9072500                       ,    0,         0,0,20190123 21:41:35,1517                          , 9999, 9999, 9999,  101,32767,     0,     0
 ED5.2,3168288889                    ,1351                          ,LILIANA BARRERA     ,1949      ,                ,  101,                    ,                              , 0,1,20190123 21:57:20,    0,         0,        35,  377,   21,  101,2,                ,0010000,0, 0,         0,    0,0000000000000000000000000000000000000000,0000000000000000000000010000000000001000,         0,         0,         0,         0,1, 0, 0, 0,033168288889                  ,    0,         0,0,20190123 21:56:45,1351                          , 9999, 9999, 9999,  101,32767,     0,     0
 ED5.2,1175                          ,1326                          ,                    ,1945      ,                ,  101,                    ,                              ,14,0,20190123 21:58:08,    0,         0,         6,65535,65535, 9999,2,                ,0000000,0, 0,         0,    0,0000000000000000000000000000000000000000,0000000000000000000000000000000000000000,         0,         0,         0,         0,1, 0, 0, 0,1175                          ,    0,         6,0,20190123 21:58:02,1326                          ,  101, 9999,  101,  101,    0,     0,     0
 ED5.2,4190779                       ,4069                          ,LINA MARIA ORTIZ    ,2952      ,                ,  101,                    ,                              , 0,2,20190123 22:07:31,    0,         0,        55,10445,   15,  101,2,                ,0010000,2, 1,         0,    0,1000000000000000000000000000000000000000,0000000000000000000000010000000000001000,         0,         0,         0,         0,1, 0, 0, 0,4190779                       ,    0,         0,0,20190123 22:06:36,4069                          , 9999, 9999, 9999,  101,32767,     0,     0
