 ED5.2,796                           ,3217                          ,JOSE MARIA PENA     ,1675      ,                ,  101,                    ,                              , 0,2,20190205 06:19:13,    0,         0,         0,10869,   82,  101,2,                ,0010000,2, 1,         0,    0,1000000000000000000000000000000000000000,0000000000000000000000010000000000001000,         0,         0,         0,         0,1, 0, 0, 0,796                           ,    0,         0,0,20190205 06:19:13,3217                          , 9999, 9999, 9999,  101,32767,     0,     0
 ED5.2,7968329                       ,3217                          ,JOSE MARIA PENA     ,1675      ,                ,  101,                    ,                              , 0,2,20190205 06:19:20,    0,         0,         0,10869,   82,  101,2,                ,0010000,2, 1,         0,    0,1000000000000000000000000000000000000000,0000000000000000000000010000000000001000,         0,         0,         0,         0,1, 0, 0, 0,7968329                       ,    0,         0,0,20190205 06:19:20,3217                          , 9999, 9999, 9999,  101,32767,     0,     0
 ED5.2,7962983                       ,3217                          ,JOSE MARIA PENA     ,1675      ,                ,  101,                    ,                              , 0,2,20190205 06:19:28,    0,         0,         0,10869,   82,  101,2,                ,0010000,2, 1,         0,    0,1000000000000000000000000000000000000000,0000000000000000000000010000000000001000,         0,         0,         0,         0,1, 0, 0, 0,7962983                       ,    0,         0,0,20190205 06:19:28,3217                          , 9999, 9999, 9999,  101,32767,     0,     0
 ED5.2,46                            ,1227                          ,                    ,1949      ,                ,  101,                    ,                              ,14,0,20190205 06:21:14,    0,         0,         0,65535,65535, 9999,2,                ,0000000,0, 0,         0,    0,0000000000000000000000000000000000000000,0000000000000000000000000000000000000000,         0,         0,         0,         0,1, 0, 0, 0,46                            ,    0,         0,0,20190205 06:21:14,1227                          , 9999, 9999, 9999,  101,    0,     0,     0
 ED5.2,7500500                       ,5001                          ,5001                ,          ,                ,  101,                    ,                              , 7,2,20190205 06:22:26,    0,         0,       102,10865,   82,  101,2,                ,0010000,2, 1,         0,    0,1000000000000000000000000000000000000000,0000000000000000000000010000000000001000,         0,         0,         0,         0,1, 0, 0, 0,7500500                       ,    0,         0,0,20190205 06:20:44,                              , 9999, 9999, 9999, 9999,32767,     0,     0
 ED5.2,7500500                       ,5004                          ,5004                ,          ,                ,  101,                    ,                              , 7,2,20190205 06:22:36,    0,         0,       102,10867,   82,  101,2,                ,0010000,2, 1,         0,    0,1000000000000000000000000000000000000000,0000000000000000000000010000000000001000,         0,         0,         0,         0,1, 0, 0, 0,7500500                       ,    0,         0,0,20190205 06:20:54,                              , 9999, 9999, 9999, 9999,32767,     0,     0
 ED5.2,7500500                       ,5005                          ,5005                ,          ,                ,  101,                    ,                              , 7,2,20190205 06:23:07,    0,         0,        99,10868,   82,  101,2,                ,0010000,2, 1,         0,    0,1000000000000000000000000000000000000000,0000000000000000000000010000000000001000,         0,         0,         0,         0,1, 0, 0, 0,7500500                       ,    0,         0,0,20190205 06:21:28,                              , 9999, 9999, 9999, 9999,32767,     0,     0
 ED5.2,7500500                       ,5002                          ,5002                ,          ,                ,  101,                    ,                              , 7,2,20190205 06:23:20,    0,         0,       100,10869,   82,  101,2,                ,0010000,2, 1,         0,    0,1000000000000000000000000000000000000000,0000000000000000000000010000000000001000,         0,         0,         0,         0,1, 0, 0, 0,7500500                       ,    0,         0,0,20190205 06:21:40,                              , 9999, 9999, 9999, 9999,32767,     0,     0
 ED5.2,7500500                       ,5003                          ,5003                ,          ,                ,  101,                    ,                              , 7,2,20190205 06:23:28,    0,         0,       102,10870,   82,  101,2,                ,0010000,2, 1,         0,    0,1000000000000000000000000000000000000000,0000000000000000000000010000000000001000,         0,         0,         0,         0,1, 0, 0, 0,7500500                       ,    0,         0,0,20190205 06:21:46,                              , 9999, 9999, 9999, 9999,32767,     0,     0
 ED5.2,3359                          ,3138                          ,                    ,1979      ,                ,  101,                    ,                              ,14,0,20190205 06:26:37,    0,         0,         0,65535,65535, 9999,2,                ,0000000,0, 0,         0,    0,0000000000000000000000000000000000000000,0000000000000000000000000000000000000000,         0,         0,         0,         0,1, 0, 0, 0,3359                          ,    0,         0,0,20190205 06:26:37,3138                          ,  101, 9999,  101,  101,    0,     0,     0
 ED5.2,4886000                       ,3271                          ,ASISTENTE OPERAT    ,1949      ,                ,  101,                    ,                              , 0,2,20190205 06:28:50,    0,         0,         0,10865,   82,  101,2,                ,0010000,2, 1,         0,    0,1000000000000000000000000000000000000000,0000000000000000000000010000000000001000,         0,         0,         0,         0,1, 0, 0, 0,4886000                       ,    0,         0,0,20190205 06:28:50,3271                          , 9999, 9999, 9999,  101,32767,     0,     0
 ED5.2,2016                          ,2065                          ,                    ,4952      ,                ,  101,                    ,                              ,14,0,20190205 06:31:32,    0,         0,         0,65535,65535, 9999,2,                ,0000000,0, 0,         0,    0,0000000000000000000000000000000000000000,0000000000000000000000000000000000000000,         0,         0,         0,         0,1, 0, 0, 0,2016                          ,    0,         0,0,20190205 06:31:32,2065                          ,  101, 9999,  101,  101,    0,     0,     0
 ED5.2,2016                          ,2065                          ,                    ,4952      ,                ,  101,                    ,                              ,14,0,20190205 06:32:45,    0,         0,         0,65535,65535, 9999,2,                ,0000000,0, 0,         0,    0,0000000000000000000000000000000000000000,0000000000000000000000000000000000000000,         0,         0,         0,         0,1, 0, 0, 0,2016                          ,    0,         0,0,20190205 06:32:45,2065                          ,  101, 9999,  101,  101,    0,     0,     0
 ED5.2,4435373                       ,2042                          ,ERIKA ANDREA TRU    ,4425      ,                ,  101,                    ,                              , 0,2,20190205 06:34:43,    0,         0,        76,  316,   65,  101,2,                ,0010000,2, 1,         0,    0,1000000000000000000000000000000000000000,0000000000000000000000010000000000001000,         0,         0,         0,         0,1, 0, 0, 0,4435373                       ,    0,         0,0,20190205 06:33:27,2042                          , 9999, 9999, 9999,  101,32767,     0,     0
 ED5.2,4408706                       ,1736                          ,RECEPCION 2 MORA    ,1635      ,                ,  101,                    ,                              , 0,2,20190205 06:36:30,    0,         0,        29,10865,   82,  101,2,                ,0010000,2, 1,         0,    0,1000000000000000000000000000000000000000,0000000000000000000000010000000000001000,         0,         0,         0,         0,1, 0, 0, 0,4408706                       ,    0,         0,0,20190205 06:36:01,1736                          , 9999, 9999, 9999,  101,32767,     0,     0
 ED5.2,4204701                       ,3524                          ,SALA CLIENTE VAL    ,4675      ,                ,  101,                    ,                              , 0,2,20190205 06:36:39,    0,         0,        13,  292,   62,  101,2,                ,0010000,2, 1,         0,    0,1000000000000000000000000000000000000000,0000000000000000000000010000000000001000,         0,         0,         0,         0,1, 0, 0, 0,4204701                       ,    0,         0,0,20190205 06:36:26,3524                          , 9999, 9999, 9999,  101,32767,     0,     0
 ED5.2,4204701                       ,3524                          ,SALA CLIENTE VAL    ,4675      ,                ,  101,                    ,                              , 0,2,20190205 06:38:12,    0,         0,         8,  293,   62,  101,2,                ,0010000,2, 1,         0,    0,1000000000000000000000000000000000000000,0000000000000000000000010000000000001000,         0,         0,         0,         0,1, 0, 0, 0,4204701                       ,    0,         0,0,20190205 06:38:04,3524                          , 9999, 9999, 9999,  101,32767,     0,     0
 ED5.2,4073                          ,3400                          ,                    ,2675      ,                ,  101,                    ,                              ,14,0,20190205 06:40:45,    0,         0,         0,65535,65535, 9999,2,                ,0000000,0, 0,         0,    0,0000000000000000000000000000000000000000,0000000000000000000000000000000000000000,         0,         0,         0,         0,1, 0, 0, 0,4073                          ,    0,         0,0,20190205 06:40:45,3400                          ,  101, 9999,  101,  101,    0,     0,     0
 ED5.2,88                            ,3400                          ,                    ,2675      ,                ,  101,                    ,                              ,14,0,20190205 06:40:47,    0,         0,         2,65535,65535, 9999,2,                ,0000000,0, 0,         0,    0,0000000000000000000000000000000000000000,0000000000000000000000000000000000000000,         0,         0,         0,         0,1, 0, 0, 0,4073                          ,    0,         2,1,20190205 06:40:45,3400                          ,  101, 9999,  101,  101,    0,     0,     0
 ED5.2,4435373                       ,2042                          ,ERIKA ANDREA TRU    ,4425      ,                ,  101,                    ,                              , 0,2,20190205 06:41:05,    0,         0,       135,  317,   65,  101,2,                ,0010000,2, 1,         0,    0,1000000000000000000000000000000000000000,0000000000000000000000010000000000001000,         0,         0,         0,         0,1, 0, 0, 0,4435373                       ,    0,         0,0,20190205 06:38:50,2042                          , 9999, 9999, 9999,  101,32767,     0,     0
 ED5.2,4071                          ,3400                          ,                    ,2675      ,                ,  101,                    ,                              ,14,0,20190205 06:41:16,    0,         0,         0,65535,65535, 9999,2,                ,0000000,0, 0,         0,    0,0000000000000000000000000000000000000000,0000000000000000000000000000000000000000,         0,         0,         0,         0,1, 0, 0, 0,4007                          ,    0,         0,1,20190205 06:41:16,3400                          ,  101, 9999,  101,  101,    0,     0,     0
 ED5.2,4071                          ,3400                          ,                    ,2675      ,                ,  101,                    ,                              ,14,0,20190205 06:41:27,    0,         0,         0,65535,65535, 9999,2,                ,0000000,0, 0,         0,    0,0000000000000000000000000000000000000000,0000000000000000000000000000000000000000,         0,         0,         0,         0,1, 0, 0, 0,4007                          ,    0,         0,1,20190205 06:41:27,3400                          ,  101, 9999,  101,  101,    0,     0,     0
 ED5.2,7448614                       ,3327                          ,ASISTENTE OPERAT    ,1949      ,                ,  101,                    ,                              , 0,2,20190205 06:47:25,    0,         0,         1,10865,   82,  101,2,                ,0010000,2, 1,         0,    0,1000000000000000000000000000000000000000,0000000000000000000000010000000000001000,         0,         0,         0,         0,1, 0, 0, 0,7448614                       ,    0,         0,0,20190205 06:47:24,3327                          , 9999, 9999, 9999,  101,32767,     0,     0
 ED5.2,7436769                       ,FS020                         ,ETB                 ,          ,                ,  101,                    ,                              , 4,2,20190205 06:51:22,    0,         0,        11,  120,   20,  101,2,                ,0000000,3, 0,         0,    0,0000000000000000000000000000000000000000,0000000000000000000000010000000000000000,         0,         0,         0,         0,1, 0, 0, 0,A800                          ,   12,         0,0,20190205 06:51:11,                              , 9999, 9999, 9999, 9999,32767,     0,     0
 ED5.2,018000                        ,4053                          ,OLGA BARRERA        ,2318      ,                ,  101,                    ,                              , 0,2,20190205 06:55:42,    0,         0,         0,10445,   15,  101,2,                ,0010000,2, 1,         0,    0,1000000000000000000000000000000000000000,0000000000000000000000010000000000001000,         0,         0,         0,         0,1, 0, 0, 0,018000                        ,    0,         0,0,20190205 06:55:42,4053                          , 9999, 9999, 9999,  101,32767,     0,     0
 ED5.2,018000411144                  ,4053                          ,OLGA BARRERA        ,2318      ,                ,  101,                    ,                              , 0,2,20190205 06:56:13,    0,         0,        12,10445,   15,  101,2,                ,0010000,2, 1,         0,    0,1000000000000000000000000000000000000000,0000000000000000000000010000000000001000,         0,         0,         0,         0,1, 0, 0, 0,018000411144                  ,    0,         0,0,20190205 06:56:01,4053                          , 9999, 9999, 9999,  101,32767,     0,     0
 ED5.2,4444144                       ,4053                          ,OLGA BARRERA        ,2318      ,                ,  101,                    ,                              , 0,2,20190205 06:56:44,    0,         0,        12,10445,   15,  101,2,                ,0010000,2, 1,         0,    0,1000000000000000000000000000000000000000,0000000000000000000000010000000000001000,         0,         0,         0,         0,1, 0, 0, 0,4444144                       ,    0,         0,0,20190205 06:56:32,4053                          , 9999, 9999, 9999,  101,32767,     0,     0
 ED5.2,1561                          ,1478                          ,                    ,1952      ,                ,  101,                    ,                              ,14,0,20190205 06:57:28,    0,         0,        14,65535,65535, 9999,2,                ,0000000,0, 0,         0,    0,0000000000000000000000000000000000000000,0000000000000000000000000000000000000000,         0,         0,         0,         0,1, 0, 0, 0,1561                          ,    0,        14,0,20190205 06:57:14,1478                          ,  101, 9999,  101,  101,    0,     0,     0
 ED5.2,7777                          ,1511                          ,                    ,1950      ,                ,  101,                    ,                              , 3,0,20190205 06:58:18,    0,         0,         0,65535,65535, 9999,2,                ,0000000,0, 0,         0,    0,0000000000000000000000000000000000000000,0000000000000000000000000000000000000000,         0,         0,         0,         0,1, 0, 0, 0,7777                          ,    0,         0,0,20190205 06:58:18,1511                          ,  101, 9999,  101,  101,    0,     0,     0
 ED5.2,3214541474                    ,1624                          ,NIKOL MARITZ MOR    ,1426      ,                ,  101,                    ,                              , 0,2,20190205 06:58:34,    0,         0,         0,10349,   66,  101,2,                ,0010000,2, 1,         0,    0,1000000000000000000000000000000000000000,0000000000000000000000010000000000001000,         0,         0,         0,         0,1, 0, 0, 0,033214541474                  ,    0,         0,0,20190205 06:58:34,1624                          , 9999, 9999, 9999,  101,32767,     0,     0
 ED5.2,033214541474                  ,1624                          ,NIKOL MARITZ MOR    ,1426      ,                ,  101,                    ,                              , 0,2,20190205 06:58:46,    0,         0,         0,10865,   82,  101,2,                ,0010000,2, 1,         0,    0,1000000000000000000000000000000000000000,0000000000000000000000010000000000001000,         0,         0,         0,         0,1, 0, 0, 0,033214541474                  ,    0,         0,0,20190205 06:58:46,1624                          , 9999, 9999, 9999,  101,32767,     0,     0
 ED5.2,0745606750                    ,3410                          ,ANA MARIA RAMIRE    ,2466      ,                ,  101,                    ,                              , 4,2,20190205 06:59:18,    0,         0,        72,11361,  201,  101,2,                ,0000000,2, 0,         0,    0,0000000000000000000000000000000000000000,0000000000000000000000010000000000000000,         0,         0,         0,         0,1, 0, 0, 0,7764                          ,   73,         0,0,20190205 06:58:06,                              , 9999, 9999, 9999, 9999,32767,     0,     0
 ED5.2,5337875                       ,1367                          ,CLAUDIA MARC GRA    ,1952      ,                ,  101,                    ,                              , 0,2,20190205 07:00:15,    0,         0,         0,10001,   11,  101,2,                ,0010000,2, 1,         0,    0,1000000000000000000000000000000000000000,0000000000000000000000010000000000001000,         0,         0,         0,         0,1, 0, 0, 0,5337875                       ,    0,         0,0,20190205 07:00:15,1367                          , 9999, 9999, 9999,  101,32767,     0,     0
