 ED5.2,1349                          ,1737                          ,                    ,1635      ,                ,  101,                    ,                              ,14,0,20190127 12:10:15,    0,         0,         0,65535,65535, 9999,2,                ,0000000,0, 0,         0,    0,0000000000000000000000000000000000000000,0000000000000000000000000000000000000000,         0,         0,         0,         0,1, 0, 0, 0,1596                          ,    0,         0,1,20190127 12:10:15,1737                          ,  101, 9999,  101,  101,    0,     0,     0
 ED5.2,1596                          ,1737                          ,                    ,1635      ,                ,  101,                    ,                              ,14,0,20190127 12:10:31,    0,         0,         0,65535,65535, 9999,2,                ,0000000,0, 0,         0,    0,0000000000000000000000000000000000000000,0000000000000000000000000000000000000000,         0,         0,         0,         0,1, 0, 0, 0,1596                          ,    0,         0,0,20190127 12:10:31,1737                          ,  101, 9999,  101,  101,    0,     0,     0
 ED5.2,1349                          ,1737                          ,                    ,1635      ,                ,  101,                    ,                              ,14,0,20190127 12:10:34,    0,         0,         0,65535,65535, 9999,2,                ,0000000,0, 0,         0,    0,0000000000000000000000000000000000000000,0000000000000000000000000000000000000000,         0,         0,         0,         0,1, 0, 0, 0,1596                          ,    0,         0,1,20190127 12:10:34,1737                          ,  101, 9999,  101,  101,    0,     0,     0
 ED5.2,1596                          ,1737                          ,                    ,1635      ,                ,  101,                    ,                              ,14,0,20190127 12:11:45,    0,         0,         0,65535,65535, 9999,2,                ,0000000,0, 0,         0,    0,0000000000000000000000000000000000000000,0000000000000000000000000000000000000000,         0,         0,         0,         0,1, 0, 0, 0,1596                          ,    0,         0,0,20190127 12:11:45,1737                          ,  101, 9999,  101,  101,    0,     0,     0
 ED5.2,1349                          ,1737                          ,                    ,1635      ,                ,  101,                    ,                              ,14,0,20190127 12:11:59,    0,         0,         0,65535,65535, 9999,2,                ,0000000,0, 0,         0,    0,0000000000000000000000000000000000000000,0000000000000000000000000000000000000000,         0,         0,         0,         0,1, 0, 0, 0,1596                          ,    0,         0,1,20190127 12:11:59,1737                          ,  101, 9999,  101,  101,    0,     0,     0
 ED5.2,6604876                       ,1446                          ,SANDRA MILEN MER    ,1633      ,                ,  101,                    ,                              , 0,2,20190127 12:14:12,    0,         0,       175,10001,   11,  101,2,                ,0010000,2, 1,         0,    0,1000000000000000000000000000000000000000,0000000000000000000000010000000000001000,         0,         0,         0,         0,1, 0, 0, 0,6604876                       ,    0,         0,0,20190127 12:11:17,1446                          , 9999, 9999, 9999,  101,32767,     0,     0
 ED5.2,1699                          ,17954360                      ,                    ,          ,                ,  101,                    ,                              , 7,2,20190127 12:26:44,    0,         0,         0,10001,   11,  101,2,                ,0010000,2, 1,         0,    0,1000000000000000000000000000000000000000,0000000000000000000000010000000000000000,         0,         0,         0,         0,1, 0, 0, 0,                              ,    0,         0,0,20190127 12:26:44,                              , 9999, 9999, 9999, 9999,32767,     0,     0
 ED5.2,1699                          ,17954360                      ,                    ,          ,                ,  101,                    ,                              , 7,2,20190127 12:26:48,    0,         0,         0,10001,   11,  101,2,                ,0010000,2, 1,         0,    0,1000000000000000000000000000000000000000,0000000000000000000000010000000000000000,         0,         0,         0,         0,1, 0, 0, 0,                              ,    0,         0,0,20190127 12:26:48,                              , 9999, 9999, 9999, 9999,32767,     0,     0
 ED5.2,7954360                       ,FS020                         ,ETB                 ,          ,                ,  101,                    ,                              , 4,2,20190127 12:27:21,    0,         0,        18,  120,   20,  101,2,                ,0000000,3, 0,         0,    0,0000000000000000000000000000000000000000,0000000000000000000000010000000000000000,         0,         0,         0,         0,1, 0, 0, 0,A800                          ,   18,         0,0,20190127 12:27:03,                              , 9999, 9999, 9999, 9999,32767,     0,     0
 ED5.2,1451                          ,1737                          ,                    ,1635      ,                ,  101,                    ,                              ,14,0,20190127 12:33:32,    0,         0,         8,65535,65535, 9999,2,                ,0000000,0, 0,         0,    0,0000000000000000000000000000000000000000,0000000000000000000000000000000000000000,         0,         0,         0,         0,1, 0, 0, 0,1451                          ,    0,         8,0,20190127 12:33:24,1737                          ,  101, 9999,  101,  101,    0,     0,     0
 ED5.2,8125116                       ,1537                          ,LUZ  HELENA C       ,1843      ,                ,  101,                    ,                              , 4,2,20190127 12:34:02,    0,         0,        31,  120,   20,  101,2,                ,0000000,3, 0,         0,    0,0000000000000000000000000000000000000000,0000000000000000000000010000000000000000,         0,         0,         0,         0,1, 0, 0, 0,A800                          ,   31,         0,0,20190127 12:33:31,                              , 9999, 9999, 9999, 9999,32767,     0,     0
 ED5.2,660486                        ,1736                          ,RECEPCION 2 MORA    ,1635      ,                ,  101,                    ,                              , 0,2,20190127 12:42:24,    0,         0,         0,10865,   82,  101,2,                ,0010000,2, 1,         0,    0,1000000000000000000000000000000000000000,0000000000000000000000010000000000001000,         0,         0,         0,         0,1, 0, 0, 0,660486                        ,    0,         0,0,20190127 12:42:24,1736                          , 9999, 9999, 9999,  101,32767,     0,     0
 ED5.2,6604869                       ,1736                          ,RECEPCION 2 MORA    ,1635      ,                ,  101,                    ,                              , 0,2,20190127 12:45:15,    0,         0,       155,10865,   82,  101,2,                ,0010000,2, 1,         0,    0,1000000000000000000000000000000000000000,0000000000000000000000010000000000001000,         0,         0,         0,         0,1, 0, 0, 0,6604869                       ,    0,         0,0,20190127 12:42:40,1736                          , 9999, 9999, 9999,  101,32767,     0,     0
 ED5.2,0519082906                    ,2020                          ,ESTEFANI XIO MON    ,4635      ,                ,  101,                    ,                              , 4,2,20190127 12:55:32,    0,         0,        62,  318,   65,  101,2,                ,0000000,3, 0,         0,    0,0000000000000000000000000000000000000000,0000000000000000000000010000000000000000,         0,         0,         0,         0,1, 0, 0, 0,A600                          ,   62,         0,0,20190127 12:54:30,                              , 9999, 9999, 9999, 9999,32767,     0,     0
 ED5.2,53731075                      ,FS082                         ,SIPsalida           ,          ,                ,  101,                    ,                              , 4,2,20190127 13:20:45,    0,         0,        12,10865,   82,  101,2,                ,0000000,2, 0,         0,    0,0000000000000000000000000000000000000000,0000000000000000000000010000000000000000,         0,         0,         0,         0,1, 0, 0, 0,A900                          ,   13,         0,0,20190127 13:20:33,                              , 9999, 9999, 9999, 9999,32767,     0,     0
