 ED5.2,1447                          ,1443                          ,                    ,1632      ,                ,  101,                    ,                              ,14,0,20190211 20:03:09,    0,         0,        20,65535,65535, 9999,2,                ,0000000,0, 0,         0,    0,0000000000000000000000000000000000000000,0000000000000000000000000000000000000000,         0,         0,         0,         0,1, 0, 0, 0,1447                          ,    0,        20,0,20190211 20:02:49,1443                          ,  101, 9999,  101,  101,    0,     0,     0
 ED5.2,1032                          ,1822                          ,                    ,1632      ,                ,  101,                    ,                              ,14,0,20190211 20:03:10,    0,         0,         0,65535,65535, 9999,2,                ,0000000,0, 0,         0,    0,0000000000000000000000000000000000000000,0000000000000000000000000000000000000000,         0,         0,         0,         0,1, 0, 0, 0,1032                          ,    0,         0,0,20190211 20:03:10,1822                          ,  101, 9999,  101,  101,    0,     0,     0
 ED5.2,1447                          ,1822                          ,                    ,1632      ,                ,  101,                    ,                              ,14,0,20190211 20:03:54,    0,         0,        41,65535,65535, 9999,2,                ,0000000,0, 0,         0,    0,0000000000000000000000000000000000000000,0000000000000000000000000000000000000000,         0,         0,         0,         0,1, 0, 0, 0,1447                          ,    0,        41,0,20190211 20:03:13,1822                          ,  101, 9999,  101,  101,    0,     0,     0
 ED5.2,4399156                       ,2092                          ,SHARON DAYAN SOL    ,4632      ,                ,  101,                    ,                              , 0,2,20190211 20:04:01,    0,         0,        88,  307,   65,  101,2,                ,0010000,2, 1,         0,    0,1000000000000000000000000000000000000000,0000000000000000000000010000000000001000,         0,         0,         0,         0,1, 0, 0, 0,4399156                       ,    0,         0,0,20190211 20:02:33,2092                          , 9999, 9999, 9999,  101,32767,     0,     0
 ED5.2,1525                          ,1736                          ,                    ,1635      ,                ,  101,                    ,                              ,14,0,20190211 20:04:50,    0,         0,         5,65535,65535, 9999,2,                ,0000000,0, 0,         0,    0,0000000000000000000000000000000000000000,0000000000000000000000000000000000000000,         0,         0,         0,         0,1, 0, 0, 0,1525                          ,    0,         5,0,20190211 20:04:45,1736                          ,  101, 9999,  101,  101,    0,     0,     0
 ED5.2,1893                          ,1736                          ,                    ,1635      ,                ,  101,                    ,                              ,14,0,20190211 20:05:48,    0,         0,         0,65535,65535, 9999,2,                ,0000000,0, 0,         0,    0,0000000000000000000000000000000000000000,0000000000000000000000000000000000000000,         0,         0,         0,         0,1, 0, 0, 0,1893                          ,    0,         0,0,20190211 20:05:48,1736                          ,  101, 9999,  101,  101,    0,     0,     0
 ED5.2,3185330807                    ,3104                          ,VIVIANA ANDR MAR    ,1979      ,                ,  101,                    ,                              , 0,2,20190211 20:05:53,    0,         0,         0,11577,   69,  101,2,                ,0010000,2, 1,         0,    0,1000000000000000000000000000000000000000,0000000000000000000000010000000000001000,         0,         0,         0,         0,1, 0, 0, 0,033185330807                  ,    0,         0,0,20190211 20:05:53,3104                          , 9999, 9999, 9999,  101,32767,     0,     0
 ED5.2,1420                          ,1477                          ,                    ,1215      ,                ,  101,                    ,                              ,14,0,20190211 20:06:24,    0,         0,        91,65535,65535, 9999,2,                ,0000000,0, 0,         0,    0,0000000000000000000000000000000000000000,0000000000000000000000000000000000000000,         0,         0,         0,         0,1, 0, 0, 0,1420                          ,    0,        91,0,20190211 20:04:53,1477                          ,  101, 9999,  101,  101,    0,     0,     0
 ED5.2,3135                          ,1298                          ,                    ,1356      ,                ,  101,                    ,                              ,14,0,20190211 20:08:09,    0,         0,         0,65535,65535, 9999,2,                ,0000000,0, 0,         0,    0,0000000000000000000000000000000000000000,0000000000000000000000000000000000000000,         0,         0,         0,         0,1, 0, 0, 0,3135                          ,    0,         0,0,20190211 20:08:09,1298                          ,  101, 9999,  101,  101,    0,     0,     0
 ED5.2,3136                          ,1298                          ,                    ,1356      ,                ,  101,                    ,                              ,14,0,20190211 20:08:12,    0,         0,         0,65535,65535, 9999,2,                ,0000000,0, 0,         0,    0,0000000000000000000000000000000000000000,0000000000000000000000000000000000000000,         0,         0,         0,         0,1, 0, 0, 0,3135                          ,    0,         0,1,20190211 20:08:12,1298                          ,  101, 9999,  101,  101,    0,     0,     0
 ED5.2,1558                          ,1298                          ,                    ,1356      ,                ,  101,                    ,                              ,14,0,20190211 20:08:33,    0,         0,         0,65535,65535, 9999,2,                ,0000000,0, 0,         0,    0,0000000000000000000000000000000000000000,0000000000000000000000000000000000000000,         0,         0,         0,         0,1, 0, 0, 0,1558                          ,    0,         0,0,20190211 20:08:33,1298                          ,  101, 9999,  101,  101,    0,     0,     0
 ED5.2,1224                          ,1298                          ,                    ,1356      ,                ,  101,                    ,                              ,14,0,20190211 20:08:33,    0,         0,         0,65535,65535, 9999,2,                ,0000000,0, 0,         0,    0,0000000000000000000000000000000000000000,0000000000000000000000000000000000000000,         0,         0,         0,         0,1, 0, 0, 0,1558                          ,    0,         0,1,20190211 20:08:33,1298                          ,  101, 9999,  101,  101,    0,     0,     0
 ED5.2,1893                          ,1736                          ,                    ,1635      ,                ,  101,                    ,                              ,14,0,20190211 20:08:50,    0,         0,         7,65535,65535, 9999,2,                ,0000000,0, 0,         0,    0,0000000000000000000000000000000000000000,0000000000000000000000000000000000000000,         0,         0,         0,         0,1, 0, 0, 0,1893                          ,    0,         7,0,20190211 20:08:43,1736                          ,  101, 9999,  101,  101,    0,     0,     0
 ED5.2,1235                          ,1307                          ,                    ,1633      ,                ,  101,                    ,                              ,14,0,20190211 20:09:03,    0,         0,         0,65535,65535, 9999,2,                ,0000000,0, 0,         0,    0,0000000000000000000000000000000000000000,0000000000000000000000000000000000000000,         0,         0,         0,         0,1, 0, 0, 0,1235                          ,    0,         0,0,20190211 20:09:03,1307                          ,  101, 9999,  101,  101,    0,     0,     0
 ED5.2,1240                          ,1307                          ,                    ,1633      ,                ,  101,                    ,                              ,14,0,20190211 20:09:31,    0,         0,         0,65535,65535, 9999,2,                ,0000000,0, 0,         0,    0,0000000000000000000000000000000000000000,0000000000000000000000000000000000000000,         0,         0,         0,         0,1, 0, 0, 0,1240                          ,    0,         0,0,20190211 20:09:31,1307                          ,  101, 9999,  101,  101,    0,     0,     0
 ED5.2,1347                          ,1307                          ,                    ,1633      ,                ,  101,                    ,                              ,14,0,20190211 20:09:33,    0,         0,         0,65535,65535, 9999,2,                ,0000000,0, 0,         0,    0,0000000000000000000000000000000000000000,0000000000000000000000000000000000000000,         0,         0,         0,         0,1, 0, 0, 0,1347                          ,    0,         0,0,20190211 20:09:33,1307                          ,  101, 9999,  101,  101,    0,     0,     0
 ED5.2,1340                          ,1307                          ,                    ,1633      ,                ,  101,                    ,                              ,14,0,20190211 20:09:45,    0,         0,         0,65535,65535, 9999,2,                ,0000000,0, 0,         0,    0,0000000000000000000000000000000000000000,0000000000000000000000000000000000000000,         0,         0,         0,         0,1, 0, 0, 0,1340                          ,    0,         0,0,20190211 20:09:45,1307                          ,  101, 9999,  101,  101,    0,     0,     0
 ED5.2,1351                          ,1447                          ,                    ,1632      ,                ,  101,                    ,                              ,14,0,20190211 20:10:08,    0,         0,        45,65535,65535, 9999,2,                ,0000000,0, 0,         0,    0,0000000000000000000000000000000000000000,0000000000000000000000000000000000000000,         0,         0,         0,         0,1, 0, 0, 0,1351                          ,    0,        45,0,20190211 20:09:23,1447                          ,  101, 9999,  101,  101,    0,     0,     0
 ED5.2,1307                          ,1736                          ,                    ,1635      ,                ,  101,                    ,                              ,14,0,20190211 20:10:58,    0,         0,        13,65535,65535, 9999,2,                ,0000000,0, 0,         0,    0,0000000000000000000000000000000000000000,0000000000000000000000000000000000000000,         0,         0,         0,         0,1, 0, 0, 0,1307                          ,    0,        13,0,20190211 20:10:45,1736                          ,  101, 9999,  101,  101,    0,     0,     0
 ED5.2,1339                          ,1736                          ,                    ,1635      ,                ,  101,                    ,                              ,14,0,20190211 20:11:28,    0,         0,         0,65535,65535, 9999,2,                ,0000000,0, 0,         0,    0,0000000000000000000000000000000000000000,0000000000000000000000000000000000000000,         0,         0,         0,         0,1, 0, 0, 0,1339                          ,    0,         0,0,20190211 20:11:28,1736                          ,  101, 9999,  101,  101,    0,     0,     0
 ED5.2,88                            ,1736                          ,                    ,1635      ,                ,  101,                    ,                              ,14,0,20190211 20:11:30,    0,         0,         2,65535,65535, 9999,2,                ,0000000,0, 0,         0,    0,0000000000000000000000000000000000000000,0000000000000000000000000000000000000000,         0,         0,         0,         0,1, 0, 0, 0,1339                          ,    0,         2,1,20190211 20:11:28,1736                          ,  101, 9999,  101,  101,    0,     0,     0
 ED5.2,1339                          ,1736                          ,                    ,1635      ,                ,  101,                    ,                              ,14,0,20190211 20:11:45,    0,         0,         4,65535,65535, 9999,2,                ,0000000,0, 0,         0,    0,0000000000000000000000000000000000000000,0000000000000000000000000000000000000000,         0,         0,         0,         0,1, 0, 0, 0,1339                          ,    0,         4,0,20190211 20:11:41,1736                          ,  101, 9999,  101,  101,    0,     0,     0
 ED5.2,1032                          ,1736                          ,                    ,1635      ,                ,  101,                    ,                              ,14,0,20190211 20:12:09,    0,         0,         0,65535,65535, 9999,2,                ,0000000,0, 0,         0,    0,0000000000000000000000000000000000000000,0000000000000000000000000000000000000000,         0,         0,         0,         0,1, 0, 0, 0,1032                          ,    0,         0,0,20190211 20:12:09,1736                          ,  101, 9999,  101,  101,    0,     0,     0
 ED5.2,1447                          ,1736                          ,                    ,1635      ,                ,  101,                    ,                              ,14,0,20190211 20:12:21,    0,         0,         6,65535,65535, 9999,2,                ,0000000,0, 0,         0,    0,0000000000000000000000000000000000000000,0000000000000000000000000000000000000000,         0,         0,         0,         0,1, 0, 0, 0,1032                          ,    0,         6,1,20190211 20:12:15,1736                          ,  101, 9999,  101,  101,    0,     0,     0
 ED5.2,3135                          ,1298                          ,                    ,1356      ,                ,  101,                    ,                              ,14,0,20190211 20:13:41,    0,         0,       218,65535,65535, 9999,2,                ,0000000,0, 0,         0,    0,0000000000000000000000000000000000000000,0000000000000000000000000000000000000000,         0,         0,         0,         0,1, 0, 0, 0,3135                          ,    0,       218,0,20190211 20:10:03,1298                          ,  101, 9999,  101,  101,    0,     0,     0
 ED5.2,3184413326                    ,1838                          ,ERIKA YANNET HER    ,1635      ,                ,  101,                    ,                              , 0,2,20190211 20:13:45,    0,         0,       208,10349,   66,  101,2,                ,0010000,2, 1,         0,    0,1000000000000000000000000000000000000000,0000000000000000000000010000000000001000,         0,         0,         0,         0,1, 0, 0, 0,033184413326                  ,    0,         0,0,20190211 20:10:17,1838                          , 9999, 9999, 9999,  101,32767,     0,     0
 ED5.2,0744706010                    ,FS020                         ,ETB                 ,          ,                ,  101,                    ,                              , 4,2,20190211 20:15:58,    0,         0,         3,  121,   20,  101,2,                ,0000000,2, 0,         0,    0,0000000000000000000000000000000000000000,0000000000000000000000010000000000000000,         0,         0,         0,         0,1, 0, 0, 0,A800                          ,    4,         0,0,20190211 20:15:55,                              , 9999, 9999, 9999, 9999,32767,     0,     0
 ED5.2,660                           ,1307                          ,DANIELA SEGURA F    ,1633      ,                ,  101,                    ,                              , 0,2,20190211 20:16:22,    0,         0,         0,10004,   11,  101,2,                ,0010000,2, 1,         0,    0,1000000000000000000000000000000000000000,0000000000000000000000010000000000001000,         0,         0,         0,         0,1, 0, 0, 0,660                           ,    0,         0,0,20190211 20:16:22,1307                          , 9999, 9999, 9999,  101,32767,     0,     0
 ED5.2,9064305                       ,1447                          ,RUBY ELSA ALFONS    ,1632      ,                ,  101,                    ,                              , 0,2,20190211 20:16:52,    0,         0,       100,10001,   11,  101,2,                ,0010000,2, 1,         0,    0,1000000000000000000000000000000000000000,0000000000000000000000010000000000001000,         0,         0,         0,         0,1, 0, 0, 0,9064305                       ,    0,         0,0,20190211 20:15:12,1447                          , 9999, 9999, 9999,  101,32767,     0,     0
 ED5.2,6604869                       ,1307                          ,DANIELA SEGURA F    ,1633      ,                ,  101,                    ,                              , 0,2,20190211 20:17:15,    0,         0,        39,10004,   11,  101,2,                ,0010000,2, 1,         0,    0,1000000000000000000000000000000000000000,0000000000000000000000010000000000001000,         0,         0,         0,         0,1, 0, 0, 0,6604869                       ,    0,         0,0,20190211 20:16:36,1307                          , 9999, 9999, 9999,  101,32767,     0,     0
 ED5.2,1575                          ,1528                          ,                    ,1952      ,                ,  101,                    ,                              ,14,0,20190211 20:17:25,    0,         0,         0,65535,65535, 9999,2,                ,0000000,0, 0,         0,    0,0000000000000000000000000000000000000000,0000000000000000000000000000000000000000,         0,         0,         0,         0,1, 0, 0, 0,1575                          ,    0,         0,0,20190211 20:17:25,1528                          ,  101, 9999,  101,  101,    0,     0,     0
 ED5.2,1576                          ,1528                          ,                    ,1952      ,                ,  101,                    ,                              ,14,0,20190211 20:17:29,    0,         0,         0,65535,65535, 9999,2,                ,0000000,0, 0,         0,    0,0000000000000000000000000000000000000000,0000000000000000000000000000000000000000,         0,         0,         0,         0,1, 0, 0, 0,1576                          ,    0,         0,0,20190211 20:17:29,1528                          ,  101, 9999,  101,  101,    0,     0,     0
 ED5.2,6170533                       ,1430                          ,RUTH CAROLIN MON    ,1356      ,                ,  101,                    ,                              , 0,2,20190211 20:17:52,    0,         0,       139,10003,   11,  101,2,                ,0010000,2, 1,         0,    0,1000000000000000000000000000000000000000,0000000000000000000000010000000000001000,         0,         0,         0,         0,1, 0, 0, 0,6170533                       ,    0,         0,0,20190211 20:15:33,1430                          , 9999, 9999, 9999,  101,32767,     0,     0
 ED5.2,3036370                       ,3239                          ,JOSE ANTONIO ECH    ,1979      ,                ,  101,                    ,                              , 4,2,20190211 20:19:56,    0,         0,        38,10865,   82,  101,2,                ,0000000,2, 0,         0,    0,0000000000000000000000000000000000000000,0000000000000000000000010000000000000000,         0,         0,         0,         0,1, 0, 0, 0,A500                          ,   15,        23,0,20190211 20:19:18,                              , 9999, 9999, 9999, 9999,32767,     0,     0
 ED5.2,7436769                       ,FS082                         ,SIPsalida           ,          ,                ,  101,                    ,                              , 4,2,20190211 20:20:21,    0,         0,         4,10865,   82,  101,2,                ,0000000,2, 0,         0,    0,0000000000000000000000000000000000000000,0000000000000000000000010000000000000000,         0,         0,         0,         0,1, 0, 0, 0,A500                          ,    5,         0,0,20190211 20:20:17,                              , 9999, 9999, 9999, 9999,32767,     0,     0
 ED5.2,1818                          ,1235                          ,                    ,1632      ,                ,  101,                    ,                              ,14,0,20190211 20:22:12,    0,         0,         9,65535,65535, 9999,2,                ,0000000,0, 0,         0,    0,0000000000000000000000000000000000000000,0000000000000000000000000000000000000000,         0,         0,         0,         0,1, 0, 0, 0,1818                          ,    0,         9,0,20190211 20:22:03,1235                          ,  101, 9999,  101,  101,    0,     0,     0
 ED5.2,1818                          ,1525                          ,                    ,1632      ,                ,  101,                    ,                              ,14,0,20190211 20:22:43,    0,         0,         8,65535,65535, 9999,2,                ,0000000,0, 0,         0,    0,0000000000000000000000000000000000000000,0000000000000000000000000000000000000000,         0,         0,         0,         0,1, 0, 0, 0,1818                          ,    0,         8,0,20190211 20:22:35,1525                          ,  101, 9999,  101,  101,    0,     0,     0
 ED5.2,1032                          ,1443                          ,                    ,1632      ,                ,  101,                    ,                              ,14,0,20190211 20:24:00,    0,         0,         0,65535,65535, 9999,2,                ,0000000,0, 0,         0,    0,0000000000000000000000000000000000000000,0000000000000000000000000000000000000000,         0,         0,         0,         0,1, 0, 0, 0,1032                          ,    0,         0,0,20190211 20:24:00,1443                          ,  101, 9999,  101,  101,    0,     0,     0
 ED5.2,7777                          ,1315                          ,                    ,1952      ,                ,  101,                    ,                              , 3,0,20190211 20:25:10,    0,         0,         0,65535,65535, 9999,2,                ,0000000,0, 0,         0,    0,0000000000000000000000000000000000000000,0000000000000000000000000000000000000000,         0,         0,         0,         0,1, 0, 0, 0,7777                          ,    0,         0,0,20190211 20:25:10,1315                          ,  101, 9999,  101,  101,    0,     0,     0
 ED5.2,1447                          ,1443                          ,                    ,1632      ,                ,  101,                    ,                              ,14,0,20190211 20:26:00,    0,         0,        57,65535,65535, 9999,2,                ,0000000,0, 0,         0,    0,0000000000000000000000000000000000000000,0000000000000000000000000000000000000000,         0,         0,         0,         0,1, 0, 0, 0,1447                          ,    0,        57,0,20190211 20:25:03,1443                          ,  101, 9999,  101,  101,    0,     0,     0
 ED5.2,6604876                       ,1576                          ,MARIA EUGENI LOP    ,1952      ,                ,  101,                    ,                              , 0,2,20190211 20:29:31,    0,         0,        30,10865,   82,  101,2,                ,0010000,2, 1,         0,    0,1000000000000000000000000000000000000000,0000000000000000000000010000000000001000,         0,         0,         0,         0,1, 0, 0, 0,6604876                       ,    0,         0,0,20190211 20:29:01,1576                          , 9999, 9999, 9999,  101,32767,     0,     0
 ED5.2,1538                          ,1736                          ,                    ,1635      ,                ,  101,                    ,                              ,14,0,20190211 20:30:11,    0,         0,         0,65535,65535, 9999,2,                ,0000000,0, 0,         0,    0,0000000000000000000000000000000000000000,0000000000000000000000000000000000000000,         0,         0,         0,         0,1, 0, 0, 0,1538                          ,    0,         0,0,20190211 20:30:11,1736                          ,  101, 9999,  101,  101,    0,     0,     0
 ED5.2,1538                          ,1736                          ,                    ,1635      ,                ,  101,                    ,                              ,14,0,20190211 20:30:15,    0,         0,         0,65535,65535, 9999,2,                ,0000000,0, 0,         0,    0,0000000000000000000000000000000000000000,0000000000000000000000000000000000000000,         0,         0,         0,         0,1, 0, 0, 0,1538                          ,    0,         0,0,20190211 20:30:15,1736                          ,  101, 9999,  101,  101,    0,     0,     0
 ED5.2,1330                          ,1736                          ,                    ,1635      ,                ,  101,                    ,                              ,14,0,20190211 20:30:33,    0,         0,         0,65535,65535, 9999,2,                ,0000000,0, 0,         0,    0,0000000000000000000000000000000000000000,0000000000000000000000000000000000000000,         0,         0,         0,         0,1, 0, 0, 0,1330                          ,    0,         0,0,20190211 20:30:33,1736                          ,  101, 9999,  101,  101,    0,     0,     0
 ED5.2,1391                          ,1736                          ,                    ,1635      ,                ,  101,                    ,                              ,14,0,20190211 20:30:36,    0,         0,         0,65535,65535, 9999,2,                ,0000000,0, 0,         0,    0,0000000000000000000000000000000000000000,0000000000000000000000000000000000000000,         0,         0,         0,         0,1, 0, 0, 0,1330                          ,    0,         0,1,20190211 20:30:36,1736                          ,  101, 9999,  101,  101,    0,     0,     0
 ED5.2,1307                          ,1736                          ,                    ,1635      ,                ,  101,                    ,                              ,14,0,20190211 20:30:53,    0,         0,         8,65535,65535, 9999,2,                ,0000000,0, 0,         0,    0,0000000000000000000000000000000000000000,0000000000000000000000000000000000000000,         0,         0,         0,         0,1, 0, 0, 0,1307                          ,    0,         8,0,20190211 20:30:45,1736                          ,  101, 9999,  101,  101,    0,     0,     0
 ED5.2,1530                          ,1736                          ,                    ,1635      ,                ,  101,                    ,                              ,14,0,20190211 20:31:08,    0,         0,         7,65535,65535, 9999,2,                ,0000000,0, 0,         0,    0,0000000000000000000000000000000000000000,0000000000000000000000000000000000000000,         0,         0,         0,         0,1, 0, 0, 0,1530                          ,    0,         7,0,20190211 20:31:01,1736                          ,  101, 9999,  101,  101,    0,     0,     0
 ED5.2,1515                          ,1210                          ,                    ,1215      ,                ,  101,                    ,                              ,14,0,20190211 20:32:32,    0,         0,         0,65535,65535, 9999,2,                ,0000000,0, 0,         0,    0,0000000000000000000000000000000000000000,0000000000000000000000000000000000000000,         0,         0,         0,         0,1, 0, 0, 0,1071                          ,    0,         0,1,20190211 20:32:32,1210                          ,  101, 9999,  101,  101,    0,     0,     0
 ED5.2,                              ,FS082                         ,SIPsalida           ,          ,                ,  101,                    ,                              , 4,2,20190211 20:33:36,    0,         0,         3,10871,   82,  101,2,                ,0000000,2, 0,         0,    0,0000000000000000000000000000000000000000,0000000000000000000000010000000000000000,         0,         0,         0,         0,1, 0, 0, 0,A500                          ,    4,         0,0,20190211 20:33:33,                              , 9999, 9999, 9999, 9999,32767,     0,     0
 ED5.2,2562548                       ,1838                          ,ERIKA YANNET HER    ,1635      ,                ,  101,                    ,                              , 0,2,20190211 20:33:59,    0,         0,       246,10865,   82,  101,2,                ,0010000,2, 1,         0,    0,1000000000000000000000000000000000000000,0000000000000000000000010000000000001000,         0,         0,         0,         0,1, 0, 0, 0,2562548                       ,    0,         0,0,20190211 20:29:53,1838                          , 9999, 9999, 9999,  101,32767,     0,     0
 ED5.2,1737                          ,1838                          ,                    ,1635      ,                ,  101,                    ,                              ,14,0,20190211 20:34:54,    0,         0,        14,65535,65535, 9999,2,                ,0000000,0, 0,         0,    0,0000000000000000000000000000000000000000,0000000000000000000000000000000000000000,         0,         0,         0,         0,1, 0, 0, 0,1737                          ,    0,        14,0,20190211 20:34:40,1838                          ,  101, 9999,  101,  101,    0,     0,     0
 ED5.2,1439                          ,1415                          ,                    ,1945      ,                ,  101,                    ,                              ,14,0,20190211 20:35:58,    0,         0,         6,65535,65535, 9999,2,                ,0000000,0, 0,         0,    0,0000000000000000000000000000000000000000,0000000000000000000000000000000000000000,         0,         0,         0,         0,1, 0, 0, 0,1439                          ,    0,         6,0,20190211 20:35:52,1415                          ,  101, 9999,  101,  101,    0,     0,     0
 ED5.2,3070590                       ,5162                          ,MANUEL ENRIQ MAR    ,3952      ,                ,  101,                    ,                              , 0,2,20190211 20:36:05,    0,         0,       225,10869,   82,  101,2,                ,0010000,2, 1,         0,    0,1000000000000000000000000000000000000000,0000000000000000000000010000000000001000,         0,         0,         0,         0,1, 0, 0, 0,3070590                       ,    0,         0,0,20190211 20:32:20,5162                          , 9999, 9999, 9999,  101,32767,     0,     0
 ED5.2,7777                          ,1582                          ,                    ,1949      ,                ,  101,                    ,                              , 3,0,20190211 20:37:20,    0,         0,         0,65535,65535, 9999,2,                ,0000000,0, 0,         0,    0,0000000000000000000000000000000000000000,0000000000000000000000000000000000000000,         0,         0,         0,         0,1, 0, 0, 0,7777                          ,    0,         0,0,20190211 20:37:20,1582                          ,  101, 9999,  101,  101,    0,     0,     0
 ED5.2,1446                          ,1582                          ,                    ,1949      ,                ,  101,                    ,                              ,14,0,20190211 20:37:48,    0,         0,         0,65535,65535, 9999,2,                ,0000000,0, 0,         0,    0,0000000000000000000000000000000000000000,0000000000000000000000000000000000000000,         0,         0,         0,         0,1, 0, 0, 0,1446                          ,    0,         0,0,20190211 20:37:48,1582                          ,  101, 9999,  101,  101,    0,     0,     0
 ED5.2,1307                          ,1582                          ,                    ,1949      ,                ,  101,                    ,                              ,14,0,20190211 20:38:04,    0,         0,         0,65535,65535, 9999,2,                ,0000000,0, 0,         0,    0,0000000000000000000000000000000000000000,0000000000000000000000000000000000000000,         0,         0,         0,         0,1, 0, 0, 0,1446                          ,    0,         0,1,20190211 20:38:04,1582                          ,  101, 9999,  101,  101,    0,     0,     0
 ED5.2,6604876                       ,1576                          ,MARIA EUGENI LOP    ,1952      ,                ,  101,                    ,                              , 0,2,20190211 20:38:18,    0,         0,        94,10865,   82,  101,2,                ,0010000,2, 1,         0,    0,1000000000000000000000000000000000000000,0000000000000000000000010000000000001000,         0,         0,         0,         0,1, 0, 0, 0,6604876                       ,    0,         0,0,20190211 20:36:44,1576                          , 9999, 9999, 9999,  101,32767,     0,     0
 ED5.2,1032                          ,1822                          ,                    ,1632      ,                ,  101,                    ,                              ,14,0,20190211 20:40:06,    0,         0,        68,65535,65535, 9999,2,                ,0000000,0, 0,         0,    0,0000000000000000000000000000000000000000,0000000000000000000000000000000000000000,         0,         0,         0,         0,1, 0, 0, 0,1032                          ,    0,        68,0,20190211 20:38:58,1822                          ,  101, 9999,  101,  101,    0,     0,     0
 ED5.2,1438                          ,1445                          ,                    ,1632      ,                ,  101,                    ,                              ,14,0,20190211 20:40:44,    0,         0,         0,65535,65535, 9999,2,                ,0000000,0, 0,         0,    0,0000000000000000000000000000000000000000,0000000000000000000000000000000000000000,         0,         0,         0,         0,1, 0, 0, 0,1438                          ,    0,         0,0,20190211 20:40:44,1445                          ,  101, 9999,  101,  101,    0,     0,     0
 ED5.2,1838                          ,1737                          ,                    ,1635      ,                ,  101,                    ,                              ,14,0,20190211 20:41:00,    0,         0,         8,65535,65535, 9999,2,                ,0000000,0, 0,         0,    0,0000000000000000000000000000000000000000,0000000000000000000000000000000000000000,         0,         0,         0,         0,1, 0, 0, 0,1838                          ,    0,         8,0,20190211 20:40:52,1737                          ,  101, 9999,  101,  101,    0,     0,     0
 ED5.2,                              ,FS082                         ,SIPsalida           ,          ,                ,  101,                    ,                              , 4,2,20190211 20:43:17,    0,         0,         3,10865,   82,  101,2,                ,0000000,2, 0,         0,    0,0000000000000000000000000000000000000000,0000000000000000000000010000000000000000,         0,         0,         0,         0,1, 0, 0, 0,A500                          ,    4,         0,0,20190211 20:43:14,                              , 9999, 9999, 9999, 9999,32767,     0,     0
 ED5.2,2110749                       ,1596                          ,DIANA MARCEL ROD    ,1952      ,                ,  101,                    ,                              , 4,2,20190211 20:44:51,    0,         0,      9953,  120,   20,  101,2,                ,0000000,3, 0,         0,    0,0000000000000000000000000000000000000000,0000000000000000000000010000000000000000,         0,         0,         0,         0,1, 0, 0, 0,A800                          , 9953,         1,1,20190211 17:58:58,                              , 9999, 9999, 9999, 9999,32767,     0,     0
 ED5.2,1033                          ,1582                          ,                    ,1949      ,                ,  101,                    ,                              ,14,0,20190211 20:46:57,    0,         0,       532,65535,65535, 9999,2,                ,0000000,0, 0,         0,    0,0000000000000000000000000000000000000000,0000000000000000000000000000000000000000,         0,         0,         0,         0,1, 0, 0, 0,1446                          ,    0,       532,1,20190211 20:38:05,1582                          ,  101, 9999,  101,  101,    0,     0,     0
 ED5.2,1737                          ,1430                          ,                    ,1356      ,                ,  101,                    ,                              ,14,0,20190211 20:51:28,    0,         0,        20,65535,65535, 9999,2,                ,0000000,0, 0,         0,    0,0000000000000000000000000000000000000000,0000000000000000000000000000000000000000,         0,         0,         0,         0,1, 0, 0, 0,1737                          ,    0,        20,0,20190211 20:51:08,1430                          ,  101, 9999,  101,  101,    0,     0,     0
 ED5.2,2050                          ,2064                          ,                    ,4952      ,                ,  101,                    ,                              ,14,0,20190211 20:56:15,    0,         0,         0,65535,65535, 9999,2,                ,0000000,0, 0,         0,    0,0000000000000000000000000000000000000000,0000000000000000000000000000000000000000,         0,         0,         0,         0,1, 0, 0, 0,2050                          ,    0,         0,0,20190211 20:56:15,2064                          ,  101, 9999,  101,  101,    0,     0,     0
 ED5.2,1210                          ,1071                          ,                    ,1215      ,                ,  101,                    ,                              ,14,0,20190211 20:56:56,    0,         0,      1458,65535,65535, 9999,2,                ,0000000,0, 0,         0,    0,0000000000000000000000000000000000000000,0000000000000000000000000000000000000000,         0,         0,         0,         0,1, 0, 0, 0,1210                          ,    0,      1458,0,20190211 20:32:38,1071                          ,  101, 9999,  101,  101,    0,     0,     0
 ED5.2,4514020                       ,FS020                         ,ETB                 ,          ,                ,  101,                    ,                              , 4,2,20190211 21:11:04,    0,         0,         5,  120,   20,  101,2,                ,0000000,3, 0,         0,    0,0000000000000000000000000000000000000000,0000000000000000000000010000000000000000,         0,         0,         0,         0,1, 0, 0, 0,A800                          ,    6,         0,0,20190211 21:10:59,                              , 9999, 9999, 9999, 9999,32767,     0,     0
