 ED5.2,3143144228                    ,1624                          ,NIKOL MARITZ MOR    ,1426      ,                ,  101,                    ,                              , 0,2,20181116 06:05:52,    0,         0,         0, 2299,   66,  101,2,                ,0010000,2, 1,         0,    0,1000000000000000000000000000000000000000,0000000000000000000000010000000000001000,         0,         0,         0,         0,1, 0, 0, 0,033143144228                  ,    0,         0,0,20181116 06:05:52,1624                          , 9999, 9999, 9999,  101,32767,     0,     0
 ED5.2,1090                          ,3316                          ,                    ,1466      ,                ,  101,                    ,                              ,14,0,20181116 06:28:27,    0,         0,         0,65535,65535, 9999,2,                ,0000000,0, 0,         0,    0,0000000000000000000000000000000000000000,0000000000000000000000000000000000000000,         0,         0,         0,         0,1, 0, 0, 0,1090                          ,    0,         0,0,20181116 06:28:27,3316                          ,  101, 9999,  101,  101,    0,     0,     0
 ED5.2,6080467                       ,1420                          ,CAJA 16             ,1949      ,                ,  101,                    ,                              , 0,2,20181116 06:28:46,    0,         0,         0, 2815,   82,  101,2,                ,0010000,2, 1,         0,    0,1000000000000000000000000000000000000000,0000000000000000000000010000000000001000,         0,         0,         0,         0,1, 0, 0, 0,6080467                       ,    0,         0,0,20181116 06:28:46,1420                          , 9999, 9999, 9999,  101,32767,     0,     0
 ED5.2,1699                          ,13814500                      ,                    ,          ,                ,  101,                    ,                              , 7,2,20181116 06:32:25,    0,         0,         0, 1951,   11,  101,2,                ,0010000,2, 1,         0,    0,1000000000000000000000000000000000000000,0000000000000000000000010000000000000000,         0,         0,         0,         0,1, 0, 0, 0,                              ,    0,         0,0,20181116 06:32:25,                              , 9999, 9999, 9999, 9999,32767,     0,     0
 ED5.2,7506                          ,85                            ,CONTABLIDAD         ,          ,                ,  101,                    ,                              , 0,2,20181116 06:39:48,    0,         0,         2, 1951,   11,  101,2,                ,0010000,2, 1,         0,    0,1000000000000000000000000000000000000000,0000010000000000000000000000000000000000,         0,         0,         0,         0,1, 0, 0, 0,                              ,    0,         0,0,20181116 06:39:46,1685                          , 9999, 9999, 9999,  101,32767,     0,     0
 ED5.2,7500500                       ,4817                          ,                    ,          ,                ,  101,                    ,                              , 7,2,20181116 06:41:51,    0,         0,       101, 2815,   82,  101,2,                ,0010000,2, 1,         0,    0,1000000000000000000000000000000000000000,0000000000000000000000010000000000001000,         0,         0,         0,         0,1, 0, 0, 0,7500500                       ,    0,         0,0,20181116 06:40:10,                              , 9999, 9999, 9999, 9999,32767,     0,     0
 ED5.2,7500500                       ,4820                          ,                    ,          ,                ,  101,                    ,                              , 7,2,20181116 06:41:52,    0,         0,        98, 2816,   82,  101,2,                ,0010000,2, 1,         0,    0,1000000000000000000000000000000000000000,0000000000000000000000010000000000001000,         0,         0,         0,         0,1, 0, 0, 0,7500500                       ,    0,         0,0,20181116 06:40:14,                              , 9999, 9999, 9999, 9999,32767,     0,     0
 ED5.2,7500500                       ,4819                          ,                    ,          ,                ,  101,                    ,                              , 7,2,20181116 06:42:07,    0,         0,       101, 2817,   82,  101,2,                ,0010000,2, 1,         0,    0,1000000000000000000000000000000000000000,0000000000000000000000010000000000001000,         0,         0,         0,         0,1, 0, 0, 0,7500500                       ,    0,         0,0,20181116 06:40:26,                              , 9999, 9999, 9999, 9999,32767,     0,     0
 ED5.2,7500500                       ,4818                          ,                    ,          ,                ,  101,                    ,                              , 7,2,20181116 06:42:17,    0,         0,       102, 2818,   82,  101,2,                ,0010000,2, 1,         0,    0,1000000000000000000000000000000000000000,0000000000000000000000010000000000001000,         0,         0,         0,         0,1, 0, 0, 0,7500500                       ,    0,         0,0,20181116 06:40:35,                              , 9999, 9999, 9999, 9999,32767,     0,     0
 ED5.2,7500500                       ,4814                          ,                    ,          ,                ,  101,                    ,                              , 7,2,20181116 06:42:34,    0,         0,       102, 2819,   82,  101,2,                ,0010000,2, 1,         0,    0,1000000000000000000000000000000000000000,0000000000000000000000010000000000001000,         0,         0,         0,         0,1, 0, 0, 0,7500500                       ,    0,         0,0,20181116 06:40:52,                              , 9999, 9999, 9999, 9999,32767,     0,     0
 ED5.2,7500500                       ,4815                          ,                    ,          ,                ,  101,                    ,                              , 7,2,20181116 06:42:36,    0,         0,        99, 2822,   82,  101,2,                ,0010000,2, 1,         0,    0,1000000000000000000000000000000000000000,0000000000000000000000010000000000001000,         0,         0,         0,         0,1, 0, 0, 0,7500500                       ,    0,         0,0,20181116 06:40:57,                              , 9999, 9999, 9999, 9999,32767,     0,     0
 ED5.2,7500500                       ,5001                          ,5001                ,          ,                ,  101,                    ,                              , 7,2,20181116 06:43:07,    0,         0,       102, 2824,   82,  101,2,                ,0010000,2, 1,         0,    0,1000000000000000000000000000000000000000,0000000000000000000000010000000000001000,         0,         0,         0,         0,1, 0, 0, 0,7500500                       ,    0,         0,0,20181116 06:41:25,                              , 9999, 9999, 9999, 9999,32767,     0,     0
 ED5.2,7500500                       ,5004                          ,5004                ,          ,                ,  101,                    ,                              , 7,2,20181116 06:43:12,    0,         0,        99, 2825,   82,  101,2,                ,0010000,2, 1,         0,    0,1000000000000000000000000000000000000000,0000000000000000000000010000000000001000,         0,         0,         0,         0,1, 0, 0, 0,7500500                       ,    0,         0,0,20181116 06:41:33,                              , 9999, 9999, 9999, 9999,32767,     0,     0
 ED5.2,7500500                       ,5005                          ,5005                ,          ,                ,  101,                    ,                              , 7,2,20181116 06:43:32,    0,         0,        99, 2826,   82,  101,2,                ,0010000,2, 1,         0,    0,1000000000000000000000000000000000000000,0000000000000000000000010000000000001000,         0,         0,         0,         0,1, 0, 0, 0,7500500                       ,    0,         0,0,20181116 06:41:53,                              , 9999, 9999, 9999, 9999,32767,     0,     0
 ED5.2,7500500                       ,5002                          ,5002                ,          ,                ,  101,                    ,                              , 7,2,20181116 06:43:46,    0,         0,       102, 2815,   82,  101,2,                ,0010000,2, 1,         0,    0,1000000000000000000000000000000000000000,0000000000000000000000010000000000001000,         0,         0,         0,         0,1, 0, 0, 0,7500500                       ,    0,         0,0,20181116 06:42:04,                              , 9999, 9999, 9999, 9999,32767,     0,     0
 ED5.2,7500500                       ,5003                          ,5003                ,          ,                ,  101,                    ,                              , 7,2,20181116 06:43:52,    0,         0,       102, 2816,   82,  101,2,                ,0010000,2, 1,         0,    0,1000000000000000000000000000000000000000,0000000000000000000000010000000000001000,         0,         0,         0,         0,1, 0, 0, 0,7500500                       ,    0,         0,0,20181116 06:42:10,                              , 9999, 9999, 9999, 9999,32767,     0,     0
 ED5.2,4435373                       ,2045                          ,ERNESTO  DIAZ MA    ,4949      ,                ,  101,                    ,                              , 0,2,20181116 06:44:29,    0,         0,        20,  316,   65,  101,2,                ,0010000,2, 1,         0,    0,1000000000000000000000000000000000000000,0000000000000000000000010000000000001000,         0,         0,         0,         0,1, 0, 0, 0,4435373                       ,    0,         0,0,20181116 06:44:09,2045                          , 9999, 9999, 9999,  101,32767,     0,     0
 ED5.2,2631390                       ,1144                          ,NAFTALI GOMEZ AC    ,1952      ,                ,  101,                    ,                              , 0,2,20181116 06:45:52,    0,         0,       103, 1951,   11,  101,2,                ,0010000,2, 1,         0,    0,1000000000000000000000000000000000000000,0000000000000000000000010000000000001000,         0,         0,         0,         0,1, 0, 0, 0,2631390                       ,    0,         0,0,20181116 06:44:09,1144                          , 9999, 9999, 9999,  101,32767,     0,     0
 ED5.2,3103239638                    ,3235                          ,PAULA CATALI BER    ,1466      ,                ,  101,                    ,                              , 0,2,20181116 06:46:03,    0,         0,       116, 2299,   66,  101,2,                ,0010000,2, 1,         0,    0,1000000000000000000000000000000000000000,0000000000000000000000010000000000001000,         0,         0,         0,         0,1, 0, 0, 0,033103239638                  ,    0,         0,0,20181116 06:44:07,3235                          , 9999, 9999, 9999,  101,32767,     0,     0
 ED5.2,3143144228                    ,1624                          ,NIKOL MARITZ MOR    ,1426      ,                ,  101,                    ,                              , 0,2,20181116 06:49:14,    0,         0,         0, 2299,   66,  101,2,                ,0010000,2, 1,         0,    0,1000000000000000000000000000000000000000,0000000000000000000000010000000000001000,         0,         0,         0,         0,1, 0, 0, 0,033143144228                  ,    0,         0,0,20181116 06:49:14,1624                          , 9999, 9999, 9999,  101,32767,     0,     0
 ED5.2,2061                          ,2042                          ,                    ,4425      ,                ,  101,                    ,                              ,14,0,20181116 06:51:07,    0,         0,         0,65535,65535, 9999,2,                ,0000000,0, 0,         0,    0,0000000000000000000000000000000000000000,0000000000000000000000000000000000000000,         0,         0,         0,         0,1, 0, 0, 0,2061                          ,    0,         0,0,20181116 06:51:07,2042                          ,  101, 9999,  101,  101,    0,     0,     0
 ED5.2,2062                          ,2042                          ,                    ,4425      ,                ,  101,                    ,                              ,14,0,20181116 06:51:17,    0,         0,         6,65535,65535, 9999,2,                ,0000000,0, 0,         0,    0,0000000000000000000000000000000000000000,0000000000000000000000000000000000000000,         0,         0,         0,         0,1, 0, 0, 0,2062                          ,    0,         6,0,20181116 06:51:11,2042                          ,  101, 9999,  101,  101,    0,     0,     0
 ED5.2,3022961891                    ,1624                          ,NIKOL MARITZ MOR    ,1426      ,                ,  101,                    ,                              , 0,2,20181116 06:51:38,    0,         0,       113, 2299,   66,  101,2,                ,0010000,2, 1,         0,    0,1000000000000000000000000000000000000000,0000000000000000000000010000000000001000,         0,         0,         0,         0,1, 0, 0, 0,033022961891                  ,    0,         0,0,20181116 06:49:45,1624                          , 9999, 9999, 9999,  101,32767,     0,     0
 ED5.2,3217993710                    ,3443                          ,LUIS ANDRES VASQ    ,2466      ,                ,  101,                    ,                              , 0,1,20181116 06:52:37,    0,         0,        92,  524,   68,  101,2,                ,0010000,0, 0,         0,    0,0000000000000000000000000000000000000000,0000000000000000000000010000000000001000,         0,         0,         0,         0,1, 0, 0, 0,033217993710                  ,    0,         0,0,20181116 06:51:05,3443                          , 9999, 9999, 9999,  101,32767,     0,     0
 ED5.2,5134                          ,1356                          ,                    ,1842      ,                ,  101,                    ,                              ,14,0,20181116 06:54:47,    0,         0,         0,65535,65535, 9999,2,                ,0000000,0, 0,         0,    0,0000000000000000000000000000000000000000,0000000000000000000000000000000000000000,         0,         0,         0,         0,1, 0, 0, 0,5134                          ,    0,         0,0,20181116 06:54:47,1356                          ,  101, 9999,  101,  101,    0,     0,     0
 ED5.2,5131                          ,1356                          ,                    ,1842      ,                ,  101,                    ,                              ,14,0,20181116 06:54:53,    0,         0,         0,65535,65535, 9999,2,                ,0000000,0, 0,         0,    0,0000000000000000000000000000000000000000,0000000000000000000000000000000000000000,         0,         0,         0,         0,1, 0, 0, 0,5134                          ,    0,         0,1,20181116 06:54:53,1356                          ,  101, 9999,  101,  101,    0,     0,     0
 ED5.2,6447700                       ,3390                          ,SOPORTE COUNTRY     ,1945      ,                ,  101,                    ,                              , 0,2,20181116 07:01:31,    0,         0,         1, 1951,   11,  101,2,                ,0010000,2, 1,         0,    0,1000000000000000000000000000000000000000,0000000000000000000000010000000000001000,         0,         0,         0,         0,1, 0, 0, 0,6447700                       ,    0,         0,0,20181116 07:01:30,3390                          , 9999, 9999, 9999,  101,32767,     0,     0
