 ED5.2,1036                          ,1736                          ,                    ,1635      ,                ,  101,                    ,                              ,14,0,20181110 15:02:02,    0,         0,         0,65535,65535, 9999,2,                ,0000000,0, 0,         0,    0,0000000000000000000000000000000000000000,0000000000000000000000000000000000000000,         0,         0,         0,         0,1, 0, 0, 0,3293                          ,    0,         0,1,20181110 15:02:02,1736                          ,  101, 9999,  101,  101,    0,     0,     0
 ED5.2,6604869                       ,1408                          ,YULIE NAYIBE AGU    ,1672      ,                ,  101,                    ,                              , 0,2,20181110 15:02:13,    0,         0,         0, 1951,   11,  101,2,                ,0010000,2, 1,         0,    0,1000000000000000000000000000000000000000,0000000000000000000000010000000000001000,         0,         0,         0,         0,1, 0, 0, 0,6604869                       ,    0,         0,0,20181110 15:02:13,1408                          , 9999, 9999, 9999,  101,32767,     0,     0
 ED5.2,1408                          ,1736                          ,                    ,1635      ,                ,  101,                    ,                              ,14,0,20181110 15:02:19,    0,         0,         5,65535,65535, 9999,2,                ,0000000,0, 0,         0,    0,0000000000000000000000000000000000000000,0000000000000000000000000000000000000000,         0,         0,         0,         0,1, 0, 0, 0,1408                          ,    0,         5,0,20181110 15:02:14,1736                          ,  101, 9999,  101,  101,    0,     0,     0
 ED5.2,3293                          ,1736                          ,                    ,1635      ,                ,  101,                    ,                              ,14,0,20181110 15:02:42,    0,         0,         0,65535,65535, 9999,2,                ,0000000,0, 0,         0,    0,0000000000000000000000000000000000000000,0000000000000000000000000000000000000000,         0,         0,         0,         0,1, 0, 0, 0,3293                          ,    0,         0,0,20181110 15:02:42,1736                          ,  101, 9999,  101,  101,    0,     0,     0
 ED5.2,663006583030                  ,FS020                         ,ETB                 ,          ,                ,  101,                    ,                              , 4,2,20181110 15:22:43,    0,         0,        51,  121,   20,  101,2,                ,0000000,2, 1,         0,    0,0000000000000000000000000000000000000000,0000000000000000000000010000000000000000,         0,         0,         0,         0,1, 0, 0, 0,A800                          ,   51,         0,1,20181110 15:21:52,                              , 9999, 9999, 9999, 9999,32767,     0,     0
 ED5.2,663118761177                  ,1014                          ,RECEPCION LO COU    ,1635      ,                ,  101,                    ,                              , 4,2,20181110 15:23:01,    0,         0,       110,  120,   20,  101,2,                ,0000000,2, 1,         0,    0,0000000000000000000000000000000000000000,0000000000000000000000010000000000000000,         0,         0,         0,         0,1, 0, 0, 0,A800                          ,  110,         0,1,20181110 15:21:11,                              , 9999, 9999, 9999, 9999,32767,     0,     0
 ED5.2,4624436                       ,4077                          ,ELIANA AGUIRRE      ,2952      ,                ,  101,                    ,                              , 0,2,20181110 15:30:57,    0,         0,       243, 2395,   15,  101,2,                ,0010000,2, 1,         0,    0,1000000000000000000000000000000000000000,0000000000000000000000010000000000001000,         0,         0,         0,         0,1, 0, 0, 0,4624436                       ,    0,         0,0,20181110 15:26:54,4077                          , 9999, 9999, 9999,  101,32767,     0,     0
 ED5.2,7340523                       ,FS020                         ,ETB                 ,          ,                ,  101,                    ,                              , 4,2,20181110 15:41:49,    0,         0,         0,  120,   20,  101,2,                ,0000000,3, 0,         0,    0,0000000000000000000000000000000000000000,0000000000000000000000010000000000000000,         0,         0,         0,         0,1, 0, 0, 0,1740                          ,    0,         0,1,20181110 15:41:49,                              , 9999, 9999, 9999, 9999,32767,     0,     0
 ED5.2,7340522                       ,FS020                         ,ETB                 ,          ,                ,  101,                    ,                              , 4,2,20181110 15:41:59,    0,         0,         0,  120,   20,  101,2,                ,0000000,3, 0,         0,    0,0000000000000000000000000000000000000000,0000000000000000000000010000000000000000,         0,         0,         0,         0,1, 0, 0, 0,1740                          ,    0,         0,1,20181110 15:41:59,                              , 9999, 9999, 9999, 9999,32767,     0,     0
 ED5.2,------------------------------,******************************,                    ,**********,                ,  101,                    ,******************************, 4,2,20181110 15:42:19,    0,         0,        20, 2815,   82,  101,2,                ,0000000,2, 0,         0,    0,0000000000000000000000000000000000000000,0000000000000000000000010000000000000000,         0,         0,         0,         0,1, 0, 0, 0,------------------------------,   17,         4,1,20181110 15:41:59,******************************, 9999, 9999, 9999, 9999,32767,     0,     0
 ED5.2,------------------------------,******************************,                    ,**********,                ,  101,                    ,******************************, 4,2,20181110 15:43:03,    0,         0,        20, 2815,   82,  101,2,                ,0000000,2, 0,         0,    0,0000000000000000000000000000000000000000,0000000000000000000000010000000000000000,         0,         0,         0,         0,1, 0, 0, 0,------------------------------,   16,         4,1,20181110 15:42:43,******************************, 9999, 9999, 9999, 9999,32767,     0,     0
 ED5.2,------------------------------,******************************,                    ,**********,                ,  101,                    ,******************************, 4,2,20181110 15:43:37,    0,         0,        22, 2815,   82,  101,2,                ,0000000,2, 0,         0,    0,0000000000000000000000000000000000000000,0000000000000000000000010000000000000000,         0,         0,         0,         0,1, 0, 0, 0,------------------------------,   16,         6,1,20181110 15:43:15,******************************, 9999, 9999, 9999, 9999,32767,     0,     0
 ED5.2,2083204                       ,1440                          ,SUSAN MARILY ROD    ,1632      ,                ,  101,                    ,                              , 0,2,20181110 15:45:53,    0,         0,       199, 1951,   11,  101,2,                ,0010000,2, 1,         0,    0,1000000000000000000000000000000000000000,0000000000000000000000010000000000001000,         0,         0,         0,         0,1, 0, 0, 0,2083204                       ,    0,         0,0,20181110 15:42:34,1440                          , 9999, 9999, 9999,  101,32767,     0,     0
 ED5.2,0724867973                    ,FS065                         ,Fidu-Cali           ,          ,                ,  101,                    ,                              , 4,2,20181110 15:49:19,    0,         0,         4,  305,   65,  101,2,                ,0000000,3, 0,         0,    0,0000000000000000000000000000000000000000,0000000000000000000000010000000000000000,         0,         0,         0,         0,1, 0, 0, 0,A600                          ,    5,         0,0,20181110 15:49:15,                              , 9999, 9999, 9999, 9999,32767,     0,     0
 ED5.2,3104107601                    ,4088                          ,DAVID STIVEN GUE    ,2952      ,                ,  101,                    ,                              , 0,2,20181110 16:06:01,    0,         0,         0, 2299,   66,  101,2,                ,0010000,2, 1,         0,    0,1000000000000000000000000000000000000000,0000000000000000000000010000000000001000,         0,         0,         0,         0,1, 0, 0, 0,033104107601                  ,    0,         0,0,20181110 16:06:01,4088                          , 9999, 9999, 9999,  101,32767,     0,     0
