 ED5.2,1443                          ,1583                          ,                    ,1215      ,                ,  101,                    ,                              ,14,0,20181229 23:02:49,    0,         0,        33,65535,65535, 9999,2,                ,0000000,0, 0,         0,    0,0000000000000000000000000000000000000000,0000000000000000000000000000000000000000,         0,         0,         0,         0,1, 0, 0, 0,1443                          ,    0,        33,0,20181229 23:02:16,1583                          ,  101, 9999,  101,  101,    0,     0,     0
 ED5.2,1515                          ,1365                          ,                    ,1632      ,                ,  101,                    ,                              ,14,0,20181229 23:04:48,    0,         0,        44,65535,65535, 9999,2,                ,0000000,0, 0,         0,    0,0000000000000000000000000000000000000000,0000000000000000000000000000000000000000,         0,         0,         0,         0,1, 0, 0, 0,1515                          ,    0,        44,0,20181229 23:04:04,1365                          ,  101, 9999,  101,  101,    0,     0,     0
 ED5.2,1821                          ,1436                          ,                    ,1318      ,                ,  101,                    ,                              ,14,0,20181229 23:06:10,    0,         0,       104,65535,65535, 9999,2,                ,0000000,0, 0,         0,    0,0000000000000000000000000000000000000000,0000000000000000000000000000000000000000,         0,         0,         0,         0,1, 0, 0, 0,1821                          ,    0,       104,0,20181229 23:04:26,1436                          ,  101, 9999,  101,  101,    0,     0,     0
 ED5.2,1443                          ,1434                          ,                    ,1215      ,                ,  101,                    ,                              ,14,0,20181229 23:06:42,    0,         0,        41,65535,65535, 9999,2,                ,0000000,0, 0,         0,    0,0000000000000000000000000000000000000000,0000000000000000000000000000000000000000,         0,         0,         0,         0,1, 0, 0, 0,1443                          ,    0,        41,0,20181229 23:06:01,1434                          ,  101, 9999,  101,  101,    0,     0,     0
 ED5.2,1362                          ,1822                          ,                    ,1632      ,                ,  101,                    ,                              ,14,0,20181229 23:10:42,    0,         0,         0,65535,65535, 9999,2,                ,0000000,0, 0,         0,    0,0000000000000000000000000000000000000000,0000000000000000000000000000000000000000,         0,         0,         0,         0,1, 0, 0, 0,1362                          ,    0,         0,0,20181229 23:10:42,1822                          ,  101, 9999,  101,  101,    0,     0,     0
 ED5.2,1821                          ,1436                          ,                    ,1318      ,                ,  101,                    ,                              ,14,0,20181229 23:11:07,    0,         0,        86,65535,65535, 9999,2,                ,0000000,0, 0,         0,    0,0000000000000000000000000000000000000000,0000000000000000000000000000000000000000,         0,         0,         0,         0,1, 0, 0, 0,1821                          ,    0,        86,0,20181229 23:09:41,1436                          ,  101, 9999,  101,  101,    0,     0,     0
 ED5.2,1592                          ,1822                          ,                    ,1632      ,                ,  101,                    ,                              ,14,0,20181229 23:11:58,    0,         0,        73,65535,65535, 9999,2,                ,0000000,0, 0,         0,    0,0000000000000000000000000000000000000000,0000000000000000000000000000000000000000,         0,         0,         0,         0,1, 0, 0, 0,1592                          ,    0,        73,0,20181229 23:10:45,1822                          ,  101, 9999,  101,  101,    0,     0,     0
 ED5.2,1820                          ,1252                          ,                    ,1215      ,                ,  101,                    ,                              ,14,0,20181229 23:12:21,    0,         0,        62,65535,65535, 9999,2,                ,0000000,0, 0,         0,    0,0000000000000000000000000000000000000000,0000000000000000000000000000000000000000,         0,         0,         0,         0,1, 0, 0, 0,1820                          ,    0,        62,0,20181229 23:11:19,1252                          ,  101, 9999,  101,  101,    0,     0,     0
 ED5.2,1821                          ,1515                          ,                    ,1215      ,                ,  101,                    ,                              ,14,0,20181229 23:13:03,    0,         0,        52,65535,65535, 9999,2,                ,0000000,0, 0,         0,    0,0000000000000000000000000000000000000000,0000000000000000000000000000000000000000,         0,         0,         0,         0,1, 0, 0, 0,1821                          ,    0,        52,0,20181229 23:12:11,1515                          ,  101, 9999,  101,  101,    0,     0,     0
 ED5.2,3049611                       ,1482                          ,SANDRA MILEN AVE    ,1215      ,                ,  101,                    ,                              , 0,2,20181229 23:31:28,    0,         0,        22,10865,   82,  101,2,                ,0010000,2, 1,         0,    0,1000000000000000000000000000000000000000,0000000000000000000000010000000000001000,         0,         0,         0,         0,1, 0, 0, 0,3049611                       ,    0,         0,0,20181229 23:31:06,1482                          , 9999, 9999, 9999,  101,32767,     0,     0
 ED5.2,1225                          ,1482                          ,                    ,1215      ,                ,  101,                    ,                              ,14,0,20181229 23:32:06,    0,         0,         0,65535,65535, 9999,2,                ,0000000,0, 0,         0,    0,0000000000000000000000000000000000000000,0000000000000000000000000000000000000000,         0,         0,         0,         0,1, 0, 0, 0,1225                          ,    0,         0,0,20181229 23:32:06,1482                          ,  101, 9999,  101,  101,    0,     0,     0
 ED5.2,1223                          ,1482                          ,                    ,1215      ,                ,  101,                    ,                              ,14,0,20181229 23:32:23,    0,         0,         0,65535,65535, 9999,2,                ,0000000,0, 0,         0,    0,0000000000000000000000000000000000000000,0000000000000000000000000000000000000000,         0,         0,         0,         0,1, 0, 0, 0,1223                          ,    0,         0,0,20181229 23:32:23,1482                          ,  101, 9999,  101,  101,    0,     0,     0
 ED5.2,1032                          ,1482                          ,                    ,1215      ,                ,  101,                    ,                              ,14,0,20181229 23:33:06,    0,         0,        42,65535,65535, 9999,2,                ,0000000,0, 0,         0,    0,0000000000000000000000000000000000000000,0000000000000000000000000000000000000000,         0,         0,         0,         0,1, 0, 0, 0,1223                          ,    0,        42,1,20181229 23:32:24,1482                          ,  101, 9999,  101,  101,    0,     0,     0
 ED5.2,1434                          ,1225                          ,                    ,1632      ,                ,  101,                    ,                              ,14,0,20181229 23:35:17,    0,         0,       271,65535,65535, 9999,2,                ,0000000,0, 0,         0,    0,0000000000000000000000000000000000000000,0000000000000000000000000000000000000000,         0,         0,         0,         0,1, 0, 0, 0,1434                          ,    0,       271,0,20181229 23:30:46,1225                          ,  101, 9999,  101,  101,    0,     0,     0
 ED5.2,1820                          ,1207                          ,                    ,1215      ,                ,  101,                    ,                              ,14,0,20181229 23:38:52,    0,         0,       136,65535,65535, 9999,2,                ,0000000,0, 0,         0,    0,0000000000000000000000000000000000000000,0000000000000000000000000000000000000000,         0,         0,         0,         0,1, 0, 0, 0,1820                          ,    0,       136,0,20181229 23:36:36,1207                          ,  101, 9999,  101,  101,    0,     0,     0
 ED5.2,1434                          ,1225                          ,                    ,1632      ,                ,  101,                    ,                              ,14,0,20181229 23:44:03,    0,         0,        78,65535,65535, 9999,2,                ,0000000,0, 0,         0,    0,0000000000000000000000000000000000000000,0000000000000000000000000000000000000000,         0,         0,         0,         0,1, 0, 0, 0,1434                          ,    0,        78,0,20181229 23:42:45,1225                          ,  101, 9999,  101,  101,    0,     0,     0
 ED5.2,1223                          ,1207                          ,                    ,1215      ,                ,  101,                    ,                              ,14,0,20181229 23:46:31,    0,         0,         0,65535,65535, 9999,2,                ,0000000,0, 0,         0,    0,0000000000000000000000000000000000000000,0000000000000000000000000000000000000000,         0,         0,         0,         0,1, 0, 0, 0,1223                          ,    0,         0,0,20181229 23:46:31,1207                          ,  101, 9999,  101,  101,    0,     0,     0
 ED5.2,1365                          ,1244                          ,                    ,1215      ,                ,  101,                    ,                              ,14,0,20181229 23:51:52,    0,         0,        55,65535,65535, 9999,2,                ,0000000,0, 0,         0,    0,0000000000000000000000000000000000000000,0000000000000000000000000000000000000000,         0,         0,         0,         0,1, 0, 0, 0,1365                          ,    0,        55,0,20181229 23:50:57,1244                          ,  101, 9999,  101,  101,    0,     0,     0
 ED5.2,1820                          ,1583                          ,                    ,1215      ,                ,  101,                    ,                              ,14,0,20181229 23:53:43,    0,         0,       172,65535,65535, 9999,2,                ,0000000,0, 0,         0,    0,0000000000000000000000000000000000000000,0000000000000000000000000000000000000000,         0,         0,         0,         0,1, 0, 0, 0,1820                          ,    0,       172,0,20181229 23:50:51,1583                          ,  101, 9999,  101,  101,    0,     0,     0
 ED5.2,1434                          ,1225                          ,                    ,1632      ,                ,  101,                    ,                              ,14,0,20181229 23:58:21,    0,         0,       564,65535,65535, 9999,2,                ,0000000,0, 0,         0,    0,0000000000000000000000000000000000000000,0000000000000000000000000000000000000000,         0,         0,         0,         0,1, 0, 0, 0,1434                          ,    0,       564,0,20181229 23:48:57,1225                          ,  101, 9999,  101,  101,    0,     0,     0
 ED5.2,1032                          ,1821                          ,                    ,1632      ,                ,  101,                    ,                              ,14,0,20181230 00:01:13,    0,         0,         0,65535,65535, 9999,2,                ,0000000,0, 0,         0,    0,0000000000000000000000000000000000000000,0000000000000000000000000000000000000000,         0,         0,         0,         0,1, 0, 0, 0,1032                          ,    0,         0,0,20181230 00:01:13,1821                          ,  101, 9999,  101,  101,    0,     0,     0
